444035,128485,-96.0,273,110,16:15:12,2012-07-27
444045,128505,-95.5,273,110,16:15:11,2012-07-27
444060,128525,-95.666664,273,110,16:15:09,2012-07-27
444070,128540,-96.0,273,110,16:15:08,2012-07-27
444090,128560,-96.0,273,110,16:15:07,2012-07-27
444100,128570,-96.0,273,110,16:15:06,2012-07-27
444120,128590,-94.0,273,110,16:15:05,2012-07-27
444125,128595,-94.0,273,110,16:15:05,2012-07-27
444140,128610,-94.0,273,110,16:15:03,2012-07-27
444150,128625,-92.0,273,110,16:15:02,2012-07-27
444180,128645,-87.800003,273,110,16:15:00,2012-07-27
444185,128650,-84.75,273,110,16:14:59,2012-07-27
444205,128655,-84.0,273,110,16:14:58,2012-07-27
444220,128660,-84.0,273,110,16:14:58,2012-07-27
444230,128660,-82.0,273,110,16:14:57,2012-07-27
444250,128665,-79.0,273,110,16:14:55,2012-07-27
444275,128675,-76.666664,273,110,16:14:54,2012-07-27
444300,128680,-75.25,273,110,16:14:53,2012-07-27
444305,128685,-75.0,273,110,16:14:52,2012-07-27
444315,128690,-75.0,273,110,16:14:51,2012-07-27
444335,128695,-75.0,273,110,16:14:50,2012-07-27
444350,128695,-75.666664,273,110,16:14:48,2012-07-27
444360,128700,-77.333336,273,110,16:14:47,2012-07-27
444370,128705,-79.5,273,110,16:14:45,2012-07-27
444375,128710,-81.14286,273,110,16:14:43,2012-07-27
444375,128715,-80.464287,273,110,16:14:33,2012-07-27
444370,128720,-73.666664,273,110,16:14:31,2012-07-27
444370,128725,-73.0,273,110,16:14:31,2012-07-27
444360,128730,-72.0,273,110,16:14:29,2012-07-27
444365,128730,-72.25,273,110,16:14:30,2012-07-27
444350,128735,-71.25,273,110,16:14:28,2012-07-27
444340,128745,-69.0,273,110,16:14:27,2012-07-27
444320,128750,-68.0,273,110,16:14:26,2012-07-27
444300,128760,-67.333336,273,110,16:14:24,2012-07-27
444270,128770,-67.0,273,110,16:14:23,2012-07-27
444255,128780,-68.333336,273,110,16:14:21,2012-07-27
444240,128785,-71.666664,273,110,16:14:20,2012-07-27
444200,128800,-75.0,273,110,16:14:19,2012-07-27
444185,128805,-78.666664,273,110,16:14:17,2012-07-27
444165,128810,-81.333336,273,110,16:14:16,2012-07-27
444125,128825,-84.5,273,110,16:14:14,2012-07-27
444090,128835,-88.666664,273,110,16:14:11,2012-07-27
444075,128845,-89.0,273,110,16:14:10,2012-07-27
440535,128850,-78.0,273,110,16:50:22,2012-07-27
444045,128850,-90.333336,273,110,16:14:09,2012-07-27
444055,128850,-89.0,273,110,16:14:09,2012-07-27
440515,128860,-78.0,273,110,16:50:22,2012-07-27
444015,128860,-91.0,273,110,16:14:07,2012-07-27
444025,128860,-91.0,273,110,16:14:07,2012-07-27
444030,128860,-91.0,273,110,16:14:07,2012-07-27
444005,128865,-91.0,273,110,16:14:06,2012-07-27
444010,128865,-91.0,273,110,16:14:07,2012-07-27
443980,128870,-92.0,273,110,16:14:05,2012-07-27
443985,128870,-92.0,273,110,16:14:05,2012-07-27
443990,128870,-92.0,273,110,16:14:05,2012-07-27
443995,128870,-92.0,273,110,16:14:06,2012-07-27
444000,128870,-91.800003,273,110,16:14:06,2012-07-27
440500,128875,-77.166664,273,110,16:50:23,2012-07-27
443975,128875,-92.0,273,110,16:14:04,2012-07-27
443950,128880,-92.0,273,110,16:14:03,2012-07-27
440485,128885,-78.764709,273,110,16:50:24,2012-07-27
443930,128885,-92.0,273,110,16:14:02,2012-07-27
443935,128885,-92.0,273,110,16:14:02,2012-07-27
443925,128890,-91.25,273,110,16:14:02,2012-07-27
440465,128895,-80.083336,273,110,16:50:25,2012-07-27
443900,128900,-91.0,273,110,16:14:00,2012-07-27
443905,128900,-91.0,273,110,16:14:01,2012-07-27
440450,128905,-81.0,273,110,16:50:26,2012-07-27
443890,128905,-91.0,273,110,16:14:01,2012-07-27
443895,128905,-91.0,273,110,16:14:00,2012-07-27
440435,128910,-80.666664,273,110,16:50:27,2012-07-27
443880,128910,-91.0,273,110,16:13:59,2012-07-27
443885,128910,-91.0,273,110,16:13:59,2012-07-27
443875,128915,-87.666664,273,110,16:13:59,2012-07-27
440415,128920,-80.0,273,110,16:50:28,2012-07-27
443865,128920,-86.0,273,110,16:13:58,2012-07-27
440410,128925,-80.333336,273,110,16:50:29,2012-07-27
443860,128925,-86.0,273,110,16:13:58,2012-07-27
443850,128930,-85.25,273,110,16:13:57,2012-07-27
440385,128935,-81.0,273,110,16:50:30,2012-07-27
440370,128940,-81.0,273,110,16:50:31,2012-07-27
443835,128945,-84.333336,273,110,16:13:56,2012-07-27
440350,128950,-81.0,273,110,16:50:32,2012-07-27
440325,128960,-81.0,273,110,16:50:34,2012-07-27
443820,128960,-80.666664,273,110,16:13:55,2012-07-27
440315,128965,-81.0,273,110,16:50:34,2012-07-27
440295,128970,-80.5,273,110,16:50:36,2012-07-27
440305,128970,-81.0,273,110,16:50:35,2012-07-27
443800,128975,-76.0,273,110,16:13:53,2012-07-27
440270,128980,-79.0,273,110,16:50:37,2012-07-27
440280,128980,-79.0,273,110,16:50:37,2012-07-27
440265,128985,-79.0,273,110,16:50:38,2012-07-27
440255,128990,-78.75,273,110,16:50:39,2012-07-27
443785,128990,-73.5,273,110,16:13:52,2012-07-27
440245,128995,-78.0,273,110,16:50:39,2012-07-27
440235,129000,-78.333336,273,110,16:50:40,2012-07-27
440230,129005,-79.0,273,110,16:50:41,2012-07-27
443775,129005,-73.0,273,110,16:13:51,2012-07-27
440215,129010,-78.666664,273,110,16:50:42,2012-07-27
440220,129010,-79.0,273,110,16:50:41,2012-07-27
443775,129010,-72.333336,273,110,16:13:50,2012-07-27
440210,129015,-78.0,273,110,16:50:42,2012-07-27
440215,129015,-78.0,273,110,16:50:42,2012-07-27
443770,129015,-72.0,273,110,16:13:50,2012-07-27
440205,129025,-78.5,273,110,16:50:43,2012-07-27
440200,129030,-80.0,273,110,16:50:44,2012-07-27
443765,129030,-72.666664,273,110,16:13:49,2012-07-27
440195,129035,-79.666664,273,110,16:50:44,2012-07-27
443760,129035,-73.0,273,110,16:13:48,2012-07-27
440180,129050,-79.666664,273,110,16:50:46,2012-07-27
443755,129050,-76.0,273,110,16:13:48,2012-07-27
440175,129055,-81.0,273,110,16:50:46,2012-07-27
440160,129065,-79.0,273,110,16:50:48,2012-07-27
440165,129065,-80.5,273,110,16:50:47,2012-07-27
440155,129070,-79.333336,273,110,16:50:48,2012-07-27
440160,129070,-79.0,273,110,16:50:48,2012-07-27
443740,129070,-78.333336,273,110,16:13:46,2012-07-27
440150,129075,-81.0,273,110,16:50:49,2012-07-27
440145,129080,-81.0,273,110,16:50:49,2012-07-27
440135,129085,-80.5,273,110,16:50:50,2012-07-27
443735,129090,-81.0,273,110,16:13:45,2012-07-27
440120,129095,-79.0,273,110,16:50:51,2012-07-27
440115,129100,-79.0,273,110,16:50:52,2012-07-27
440120,129100,-79.0,273,110,16:50:52,2012-07-27
440110,129105,-79.0,273,110,16:50:53,2012-07-27
440100,129110,-79.0,273,110,16:50:54,2012-07-27
440105,129110,-79.0,273,110,16:50:53,2012-07-27
443730,129110,-81.25,273,110,16:13:43,2012-07-27
440095,129115,-79.5,273,110,16:50:54,2012-07-27
443730,129115,-81.0,273,110,16:13:43,2012-07-27
440085,129120,-81.0,273,110,16:50:55,2012-07-27
440090,129120,-81.0,273,110,16:50:55,2012-07-27
440075,129125,-80.0,273,110,16:50:56,2012-07-27
440080,129125,-80.75,273,110,16:50:56,2012-07-27
443730,129125,-80.333336,273,110,16:13:42,2012-07-27
440065,129130,-80.0,273,110,16:50:57,2012-07-27
440070,129130,-80.0,273,110,16:50:56,2012-07-27
443730,129130,-80.0,273,110,16:13:41,2012-07-27
440055,129135,-81.0,273,110,16:50:57,2012-07-27
440060,129135,-80.25,273,110,16:50:57,2012-07-27
440045,129140,-81.25,273,110,16:50:58,2012-07-27
443730,129140,-79.25,273,110,16:13:41,2012-07-27
440030,129145,-82.0,273,110,16:51:00,2012-07-27
440040,129145,-82.0,273,110,16:50:59,2012-07-27
440025,129150,-82.0,273,110,16:51:01,2012-07-27
440020,129155,-81.75,273,110,16:51:01,2012-07-27
440005,129160,-81.0,273,110,16:51:03,2012-07-27
440010,129160,-81.0,273,110,16:51:02,2012-07-27
443745,129160,-79.0,273,110,16:13:39,2012-07-27
440000,129165,-80.75,273,110,16:51:04,2012-07-27
440055,129165,-80.0,273,110,16:51:30,2012-07-27
440065,129165,-80.400002,273,110,16:51:31,2012-07-27
440075,129165,-82.0,273,110,16:51:32,2012-07-27
439990,129170,-80.666664,273,110,16:51:05,2012-07-27
440045,129170,-80.0,273,110,16:51:29,2012-07-27
440050,129170,-80.0,273,110,16:51:30,2012-07-27
440065,129170,-83.666664,273,110,17:23:27,2012-07-27
440075,129170,-83.333336,273,110,17:23:28,2012-07-27
443760,129170,-80.333336,273,110,16:13:38,2012-07-27
443770,129170,-81.5,273,110,16:13:36,2012-07-27
440035,129175,-79.0,273,110,16:51:27,2012-07-27
440040,129175,-79.0,273,110,16:51:28,2012-07-27
440045,129175,-82.0,273,110,17:23:25,2012-07-27
440050,129175,-82.666664,273,110,17:23:25,2012-07-27
440090,129175,-82.75,273,110,16:51:34,2012-07-27
440100,129175,-85.0,273,110,16:51:35,2012-07-27
443785,129175,-82.0,273,110,16:13:35,2012-07-27
439975,129180,-79.599998,273,110,16:51:06,2012-07-27
440025,129180,-80.5,273,110,16:51:27,2012-07-27
440030,129180,-78.0,273,110,17:23:23,2012-07-27
440040,129180,-79.599998,273,110,17:23:24,2012-07-27
440105,129180,-83.666664,273,110,17:23:31,2012-07-27
439955,129185,-79.5,273,110,16:51:08,2012-07-27
439965,129185,-79.333336,273,110,16:51:07,2012-07-27
440010,129185,-78.0,273,110,17:23:21,2012-07-27
440015,129185,-78.0,273,110,17:23:22,2012-07-27
440020,129185,-81.75,273,110,16:51:25,2012-07-27
440025,129185,-78.0,273,110,17:23:23,2012-07-27
440115,129185,-85.0,273,110,16:51:36,2012-07-27
440125,129185,-81.25,273,110,17:23:32,2012-07-27
439930,129190,-81.285713,273,110,17:19:27,2012-07-27
439935,129190,-82.0,273,110,17:19:26,2012-07-27
439945,129190,-79.199997,273,110,16:51:10,2012-07-27
439950,129190,-79.0,273,110,16:51:10,2012-07-27
439995,129190,-83.0,273,110,16:51:23,2012-07-27
440000,129190,-79.0,273,110,17:23:20,2012-07-27
440010,129190,-78.75,273,110,17:23:21,2012-07-27
440130,129190,-85.0,273,110,16:51:37,2012-07-27
440140,129190,-84.0,273,110,16:51:39,2012-07-27
440145,129190,-84.25,273,110,17:23:35,2012-07-27
439920,129195,-80.277779,273,110,17:23:04,2012-07-27
439925,129195,-81.888885,273,110,17:19:28,2012-07-27
439935,129195,-77.0,273,110,17:23:05,2012-07-27
439940,129195,-80.422226,273,110,17:23:06,2012-07-27
439945,129195,-79.294121,273,110,17:19:23,2012-07-27
439990,129195,-79.0,273,110,17:23:19,2012-07-27
439995,129195,-79.0,273,110,17:23:20,2012-07-27
440000,129195,-79.0,273,110,17:23:20,2012-07-27
440150,129195,-84.0,273,110,17:23:35,2012-07-27
439290,129200,-86.0,273,110,17:22:12,2012-07-27
439905,129200,-78.0,273,110,17:23:02,2012-07-27
439915,129200,-82.75,273,110,17:19:31,2012-07-27
439945,129200,-79.818184,273,110,16:51:13,2012-07-27
439950,129200,-78.588234,273,110,16:51:14,2012-07-27
439955,129200,-77.900002,273,110,16:51:15,2012-07-27
439960,129200,-76.0,273,110,17:19:16,2012-07-27
439965,129200,-80.0,273,110,16:51:18,2012-07-27
439970,129200,-80.0,273,110,16:51:19,2012-07-27
439975,129200,-78.0,273,110,17:23:17,2012-07-27
439980,129200,-81.333336,273,110,17:23:18,2012-07-27
439985,129200,-78.25,273,110,17:23:18,2012-07-27
440125,129200,-80.75,273,110,16:51:47,2012-07-27
440130,129200,-81.0,273,110,16:51:46,2012-07-27
440135,129200,-81.75,273,110,16:51:45,2012-07-27
439280,129205,-87.0,273,110,17:22:10,2012-07-27
439295,129205,-85.0,273,110,17:22:13,2012-07-27
439900,129205,-82.0,273,110,17:19:32,2012-07-27
439955,129205,-79.400002,273,110,17:23:11,2012-07-27
439960,129205,-79.0,273,110,17:19:15,2012-07-27
439965,129205,-80.0,273,110,17:23:14,2012-07-27
439970,129205,-80.0,273,110,17:23:15,2012-07-27
440120,129205,-80.375,273,110,16:51:48,2012-07-27
439275,129210,-86.0,273,110,17:22:09,2012-07-27
439280,129210,-84.75,273,110,17:20:25,2012-07-27
439285,129210,-85.0,273,110,17:20:24,2012-07-27
439290,129210,-85.0,273,110,17:20:23,2012-07-27
439295,129210,-84.0,273,110,17:20:22,2012-07-27
439890,129210,-80.199997,273,110,17:23:01,2012-07-27
440110,129210,-81.400002,273,110,16:51:48,2012-07-27
440130,129210,-84.0,273,110,17:23:41,2012-07-27
440135,129210,-84.0,273,110,17:23:40,2012-07-27
440145,129210,-85.428574,273,110,17:23:39,2012-07-27
440150,129210,-83.53846,273,110,17:23:37,2012-07-27
439270,129215,-84.25,273,110,17:22:08,2012-07-27
439275,129215,-84.25,273,110,17:20:26,2012-07-27
439300,129215,-83.0,273,110,17:20:21,2012-07-27
439320,129215,-84.333336,273,110,17:22:15,2012-07-27
439880,129215,-81.0,273,110,17:19:33,2012-07-27
440120,129215,-84.555557,273,110,17:23:44,2012-07-27
440125,129215,-84.5,273,110,17:23:42,2012-07-27
439265,129220,-84.0,273,110,17:22:07,2012-07-27
439270,129220,-85.0,273,110,17:20:27,2012-07-27
439305,129220,-82.333336,273,110,17:20:20,2012-07-27
440100,129220,-83.800003,273,110,16:51:51,2012-07-27
439270,129225,-84.199997,273,110,17:20:27,2012-07-27
439325,129225,-83.0,273,110,17:22:15,2012-07-27
439870,129225,-79.5,273,110,17:22:59,2012-07-27
440105,129225,-83.5,273,110,17:23:45,2012-07-27
439255,129230,-73.0,273,110,14:13:47,2012-07-30
439260,129230,-77.777779,273,110,14:14:12,2012-07-30
439265,129230,-83.375,273,110,17:20:29,2012-07-27
439265,129230,-83.199997,273,110,14:14:16,2012-07-30
439310,129230,-82.0,273,110,17:20:19,2012-07-27
439315,129230,-80.5,273,110,17:20:19,2012-07-27
439330,129230,-82.25,273,110,17:22:16,2012-07-27
440095,129230,-85.5,273,110,16:51:52,2012-07-27
439260,129235,-84.400002,273,110,17:22:05,2012-07-27
439260,129235,-81.475807,273,110,14:14:09,2012-07-30
439265,129235,-79.0,273,110,17:20:29,2012-07-27
439265,129235,-84.75,273,110,14:14:33,2012-07-30
439315,129235,-80.0,273,110,17:20:18,2012-07-27
439320,129235,-80.0,273,110,17:20:18,2012-07-27
439335,129235,-80.0,273,110,17:22:17,2012-07-27
439860,129235,-81.125,273,110,17:22:59,2012-07-27
440095,129235,-84.0,273,110,17:23:47,2012-07-27
439265,129240,-79.0,273,110,17:20:30,2012-07-27
439265,129240,-84.0,273,110,14:14:35,2012-07-30
439320,129240,-80.0,273,110,17:20:18,2012-07-27
439325,129240,-80.0,273,110,17:20:18,2012-07-27
439340,129240,-80.0,273,110,17:22:18,2012-07-27
440085,129240,-87.199997,273,110,16:51:53,2012-07-27
440090,129240,-84.800003,273,110,17:23:48,2012-07-27
439260,129245,-84.0,273,110,17:22:04,2012-07-27
439265,129245,-78.75,273,110,17:20:30,2012-07-27
439270,129245,-83.400002,273,110,14:14:36,2012-07-30
439325,129245,-79.333336,273,110,17:20:18,2012-07-27
439845,129245,-80.0,273,110,17:19:37,2012-07-27
440080,129245,-88.0,273,110,16:51:54,2012-07-27
439260,129250,-83.333336,273,110,17:22:03,2012-07-27
439265,129250,-78.0,273,110,17:20:31,2012-07-27
439270,129250,-80.599998,273,110,14:14:37,2012-07-30
439330,129250,-79.0,273,110,17:20:17,2012-07-27
439345,129250,-80.0,273,110,17:22:18,2012-07-27
439835,129250,-79.0,273,110,17:19:37,2012-07-27
439840,129250,-79.333336,273,110,17:22:57,2012-07-27
440080,129250,-86.25,273,110,17:23:49,2012-07-27
439265,129255,-72.71154,273,110,17:20:49,2012-07-27
439270,129255,-71.408287,273,110,17:21:42,2012-07-27
439335,129255,-79.0,273,110,17:20:16,2012-07-27
440070,129255,-87.5,273,110,17:23:50,2012-07-27
439260,129260,-81.5,273,110,17:22:01,2012-07-27
439265,129260,-72.431816,273,110,17:21:00,2012-07-27
439270,129260,-77.0,273,110,17:21:59,2012-07-27
439270,129260,-79.0,273,110,14:14:38,2012-07-30
439355,129260,-79.75,273,110,17:22:19,2012-07-27
439825,129260,-79.428574,273,110,17:19:38,2012-07-27
439270,129265,-77.666664,273,110,14:14:39,2012-07-30
439345,129265,-79.0,273,110,17:20:15,2012-07-27
439365,129265,-79.0,273,110,17:22:20,2012-07-27
439810,129265,-80.199997,273,110,17:19:39,2012-07-27
440050,129265,-88.400002,273,110,16:51:56,2012-07-27
440060,129265,-87.199997,273,110,17:23:51,2012-07-27
439275,129270,-76.25,273,110,14:14:40,2012-07-30
439350,129270,-79.599998,273,110,17:20:15,2012-07-27
439810,129270,-81.0,273,110,17:22:55,2012-07-27
439355,129275,-80.0,273,110,17:20:15,2012-07-27
439370,129275,-79.25,273,110,17:22:20,2012-07-27
439800,129275,-80.166664,273,110,17:22:54,2012-07-27
439275,129280,-73.571426,273,110,14:14:42,2012-07-30
439360,129280,-80.0,273,110,17:20:14,2012-07-27
439380,129280,-80.0,273,110,17:22:21,2012-07-27
439785,129280,-81.333336,273,110,17:19:41,2012-07-27
440010,129280,-88.0,273,110,16:52:01,2012-07-27
440045,129280,-87.800003,273,110,17:23:54,2012-07-27
439365,129285,-80.0,273,110,17:20:14,2012-07-27
439385,129285,-80.0,273,110,17:22:22,2012-07-27
439780,129285,-80.333336,273,110,17:19:42,2012-07-27
439990,129285,-87.75,273,110,16:52:02,2012-07-27
440000,129285,-88.0,273,110,16:52:01,2012-07-27
440040,129285,-87.0,273,110,17:23:54,2012-07-27
439275,129290,-71.0,273,110,14:14:42,2012-07-30
439370,129290,-80.0,273,110,17:20:13,2012-07-27
439390,129290,-80.0,273,110,17:22:22,2012-07-27
439395,129290,-80.0,273,110,17:22:22,2012-07-27
439765,129290,-79.5,273,110,17:22:51,2012-07-27
439960,129290,-84.666664,273,110,16:52:05,2012-07-27
439975,129290,-86.5,273,110,16:52:03,2012-07-27
440035,129290,-86.5,273,110,17:23:55,2012-07-27
439405,129295,-80.75,273,110,17:22:23,2012-07-27
439750,129295,-81.0,273,110,17:19:44,2012-07-27
439755,129295,-79.0,273,110,17:22:51,2012-07-27
439950,129295,-84.0,273,110,16:52:06,2012-07-27
439955,129295,-84.0,273,110,16:52:06,2012-07-27
439275,129300,-71.0,273,110,14:14:43,2012-07-30
439410,129300,-83.0,273,110,17:22:24,2012-07-27
439415,129300,-83.0,273,110,17:22:24,2012-07-27
439745,129300,-81.333336,273,110,17:22:50,2012-07-27
439945,129300,-84.0,273,110,16:52:07,2012-07-27
439960,129300,-83.0,273,110,17:24:01,2012-07-27
439965,129300,-83.0,273,110,17:24:00,2012-07-27
439970,129300,-83.0,273,110,17:24:00,2012-07-27
439980,129300,-83.75,273,110,17:23:59,2012-07-27
439985,129300,-84.0,273,110,17:23:59,2012-07-27
439990,129300,-84.0,273,110,17:23:58,2012-07-27
439995,129300,-84.0,273,110,17:23:57,2012-07-27
440010,129300,-85.5,273,110,17:23:56,2012-07-27
439395,129305,-80.75,273,110,17:20:12,2012-07-27
439415,129305,-83.0,273,110,17:22:24,2012-07-27
439425,129305,-83.0,273,110,17:22:25,2012-07-27
439735,129305,-80.75,273,110,17:19:45,2012-07-27
439940,129305,-83.5,273,110,16:52:08,2012-07-27
439275,129310,-71.25,273,110,14:14:45,2012-07-30
439435,129310,-83.0,273,110,17:22:25,2012-07-27
439720,129310,-79.5,273,110,17:19:46,2012-07-27
439725,129310,-83.5,273,110,17:22:49,2012-07-27
439945,129310,-86.0,273,110,17:24:03,2012-07-27
439950,129310,-83.75,273,110,17:24:02,2012-07-27
439415,129315,-81.599998,273,110,17:20:10,2012-07-27
439445,129315,-83.0,273,110,17:22:26,2012-07-27
439715,129315,-83.5,273,110,17:19:47,2012-07-27
439270,129320,-72.199997,273,110,14:14:45,2012-07-30
439425,129320,-82.0,273,110,17:20:10,2012-07-27
439455,129320,-83.0,273,110,17:22:27,2012-07-27
439705,129320,-78.5,273,110,17:19:48,2012-07-27
439940,129320,-86.666664,273,110,17:24:03,2012-07-27
439465,129325,-82.25,273,110,17:22:27,2012-07-27
439475,129325,-80.0,273,110,17:22:28,2012-07-27
439695,129325,-85.599998,273,110,17:22:46,2012-07-27
439265,129330,-73.0,273,110,14:14:47,2012-07-30
439445,129330,-81.666664,273,110,17:20:08,2012-07-27
439485,129330,-80.75,273,110,17:22:29,2012-07-27
439495,129330,-83.0,273,110,17:22:30,2012-07-27
439505,129330,-82.5,273,110,17:22:30,2012-07-27
439515,129330,-81.0,273,110,17:22:32,2012-07-27
439530,129330,-81.0,273,110,17:22:32,2012-07-27
439535,129330,-80.333336,273,110,17:22:33,2012-07-27
439540,129330,-81.0,273,110,17:22:33,2012-07-27
439560,129330,-79.666664,273,110,17:22:34,2012-07-27
439570,129330,-81.0,273,110,17:22:35,2012-07-27
439580,129330,-81.0,273,110,17:22:36,2012-07-27
439585,129330,-81.0,273,110,17:22:37,2012-07-27
439590,129330,-81.0,273,110,17:22:37,2012-07-27
439595,129330,-81.0,273,110,17:22:37,2012-07-27
439610,129330,-81.0,273,110,17:22:39,2012-07-27
439935,129330,-85.5,273,110,16:52:11,2012-07-27
439455,129335,-81.0,273,110,17:20:07,2012-07-27
439470,129335,-79.5,273,110,17:20:06,2012-07-27
439620,129335,-81.75,273,110,17:22:40,2012-07-27
439670,129335,-86.0,273,110,17:22:44,2012-07-27
439680,129335,-82.666664,273,110,17:19:49,2012-07-27
439935,129335,-87.75,273,110,17:24:05,2012-07-27
439260,129340,-73.5,273,110,14:14:47,2012-07-30
439485,129340,-78.333336,273,110,17:20:05,2012-07-27
439495,129340,-78.400002,273,110,17:20:04,2012-07-27
439500,129340,-78.0,273,110,17:20:04,2012-07-27
439505,129340,-78.0,273,110,17:20:03,2012-07-27
439515,129340,-78.0,273,110,17:20:03,2012-07-27
439530,129340,-78.0,273,110,17:20:02,2012-07-27
439535,129340,-78.0,273,110,17:20:01,2012-07-27
439540,129340,-77.25,273,110,17:20:01,2012-07-27
439555,129340,-77.0,273,110,17:20:00,2012-07-27
439565,129340,-77.599998,273,110,17:19:59,2012-07-27
439570,129340,-78.0,273,110,17:19:58,2012-07-27
439575,129340,-78.0,273,110,17:19:58,2012-07-27
439590,129340,-78.0,273,110,17:19:57,2012-07-27
439600,129340,-78.75,273,110,17:19:56,2012-07-27
439610,129340,-79.0,273,110,17:19:56,2012-07-27
439630,129340,-84.400002,273,110,17:22:41,2012-07-27
439645,129340,-86.0,273,110,17:22:42,2012-07-27
439655,129340,-86.0,273,110,17:22:43,2012-07-27
439675,129340,-80.0,273,110,17:19:51,2012-07-27
439935,129340,-84.0,273,110,16:52:12,2012-07-27
439615,129345,-80.333336,273,110,17:19:55,2012-07-27
439625,129345,-81.0,273,110,17:19:54,2012-07-27
439665,129345,-80.0,273,110,17:19:51,2012-07-27
439935,129345,-85.5,273,110,16:52:13,2012-07-27
439635,129350,-81.0,273,110,17:19:54,2012-07-27
439645,129350,-81.0,273,110,17:19:53,2012-07-27
439655,129350,-80.25,273,110,17:19:52,2012-07-27
439935,129350,-83.800003,273,110,16:52:13,2012-07-27
439935,129355,-83.0,273,110,16:52:14,2012-07-27
439940,129355,-86.75,273,110,17:24:06,2012-07-27
439255,129360,-74.800003,273,110,14:14:49,2012-07-30
439940,129360,-86.0,273,110,17:24:07,2012-07-27
439940,129365,-84.285713,273,110,16:52:15,2012-07-27
439250,129370,-75.833336,273,110,14:14:50,2012-07-30
439945,129370,-85.75,273,110,17:24:08,2012-07-27
439945,129375,-85.0,273,110,17:24:08,2012-07-27
439945,129380,-83.166664,273,110,16:52:16,2012-07-27
439945,129385,-81.666664,273,110,16:52:17,2012-07-27
439245,129395,-74.0,273,110,14:14:52,2012-07-30
439945,129395,-79.599998,273,110,16:52:18,2012-07-27
439945,129400,-79.0,273,110,16:52:18,2012-07-27
439950,129400,-81.5,273,110,16:52:18,2012-07-27
439240,129405,-73.0,273,110,14:14:52,2012-07-30
439950,129405,-79.0,273,110,16:52:18,2012-07-27
439950,129415,-79.0,273,110,16:52:19,2012-07-27
439955,129415,-81.0,273,110,17:24:11,2012-07-27
439235,129420,-73.0,273,110,14:14:54,2012-07-30
439955,129420,-79.0,273,110,16:52:20,2012-07-27
439235,129430,-73.400002,273,110,14:14:54,2012-07-30
439955,129430,-83.199997,273,110,17:24:13,2012-07-27
439960,129430,-81.0,273,110,16:52:21,2012-07-27
439965,129435,-79.666664,273,110,16:52:22,2012-07-27
440140,129435,-88.0,273,110,17:24:32,2012-07-27
439965,129440,-84.0,273,110,17:24:14,2012-07-27
439970,129440,-81.0,273,110,16:52:22,2012-07-27
439975,129440,-81.5,273,110,16:52:23,2012-07-27
440130,129440,-88.0,273,110,17:24:31,2012-07-27
439980,129445,-83.0,273,110,16:52:24,2012-07-27
439985,129445,-83.25,273,110,17:24:16,2012-07-27
439990,129445,-83.25,273,110,16:52:25,2012-07-27
439225,129450,-73.5,273,110,14:14:56,2012-07-30
439995,129450,-84.0,273,110,16:52:25,2012-07-27
440000,129450,-84.0,273,110,16:52:26,2012-07-27
440010,129450,-84.0,273,110,16:52:27,2012-07-27
440015,129450,-84.0,273,110,17:24:18,2012-07-27
440095,129450,-87.0,273,110,17:24:28,2012-07-27
439225,129455,-72.0,273,110,14:14:56,2012-07-30
440025,129455,-85.5,273,110,17:24:20,2012-07-27
440030,129455,-85.5,273,110,16:52:29,2012-07-27
440035,129455,-83.428574,273,110,16:52:29,2012-07-27
440040,129455,-83.0,273,110,16:52:30,2012-07-27
440085,129455,-84.75,273,110,17:24:27,2012-07-27
440040,129460,-83.0,273,110,16:52:30,2012-07-27
440045,129460,-83.400002,273,110,16:52:31,2012-07-27
440050,129460,-83.666664,273,110,16:52:32,2012-07-27
440055,129460,-82.599998,273,110,16:52:33,2012-07-27
440060,129460,-81.583336,273,110,16:52:35,2012-07-27
440065,129460,-83.0,273,110,17:24:25,2012-07-27
439220,129465,-72.25,273,110,14:14:57,2012-07-30
439215,129475,-73.0,273,110,14:14:58,2012-07-30
439210,129485,-73.0,273,110,14:14:59,2012-07-30
439205,129500,-73.0,273,110,14:15:00,2012-07-30
439200,129505,-73.0,273,110,14:15:01,2012-07-30
439195,129515,-73.0,273,110,14:15:02,2012-07-30
439190,129525,-73.0,273,110,14:15:02,2012-07-30
439185,129535,-72.75,273,110,14:15:03,2012-07-30
439180,129545,-72.0,273,110,14:15:04,2012-07-30
439175,129550,-71.5,273,110,14:15:04,2012-07-30
439175,129560,-70.0,273,110,14:15:05,2012-07-30
439170,129570,-69.75,273,110,14:15:06,2012-07-30
439165,129575,-69.0,273,110,14:15:06,2012-07-30
439165,129580,-68.25,273,110,14:15:07,2012-07-30
439160,129590,-66.0,273,110,14:15:08,2012-07-30
439155,129600,-66.0,273,110,14:15:08,2012-07-30
439155,129605,-66.0,273,110,14:15:09,2012-07-30
439150,129610,-66.0,273,110,14:15:09,2012-07-30
439150,129615,-66.14286,273,110,14:15:10,2012-07-30
439150,129620,-67.0,273,110,14:15:10,2012-07-30
439145,129625,-67.0,273,110,14:15:11,2012-07-30
439140,129640,-67.0,273,110,14:15:11,2012-07-30
439140,129645,-67.0,273,110,14:15:12,2012-07-30
439135,129650,-67.0,273,110,14:15:12,2012-07-30
439130,129660,-67.25,273,110,14:15:13,2012-07-30
439125,129670,-68.400002,273,110,14:15:14,2012-07-30
439115,129685,-70.0,273,110,14:15:15,2012-07-30
439105,129695,-70.0,273,110,14:15:17,2012-07-30
439090,129715,-70.0,273,110,14:15:18,2012-07-30
439075,129725,-70.0,273,110,14:15:18,2012-07-30
439065,129735,-70.25,273,110,14:15:20,2012-07-30
439055,129745,-71.199997,273,110,14:15:21,2012-07-30
439045,129760,-72.0,273,110,14:15:22,2012-07-30
439035,129770,-72.0,273,110,14:15:23,2012-07-30
439025,129785,-71.666664,273,110,14:15:24,2012-07-30
439010,129815,-71.0,273,110,14:15:26,2012-07-30
438995,129845,-70.0,273,110,14:15:27,2012-07-30
438985,129860,-68.5,273,110,14:15:28,2012-07-30
438975,129875,-67.0,273,110,14:15:29,2012-07-30
438975,129880,-65.800003,273,110,14:15:30,2012-07-30
438965,129895,-63.75,273,110,14:15:31,2012-07-30
438960,129905,-62.799999,273,110,14:15:33,2012-07-30
438950,129925,-62.0,273,110,14:15:33,2012-07-30
438940,129940,-61.75,273,110,14:15:34,2012-07-30
438930,129955,-61.0,273,110,14:15:35,2012-07-30
438930,129960,-61.0,273,110,14:15:35,2012-07-30
438920,129975,-61.0,273,110,14:15:37,2012-07-30
438905,130000,-60.375,273,110,14:15:38,2012-07-30
438890,130020,-60.200001,273,110,14:15:39,2012-07-30
438885,130025,-61.0,273,110,14:15:40,2012-07-30
438870,130040,-61.166668,273,110,14:15:41,2012-07-30
438860,130050,-62.0,273,110,14:15:42,2012-07-30
438855,130065,-62.0,273,110,14:15:42,2012-07-30
438850,130070,-61.599998,273,110,14:15:44,2012-07-30
438835,130090,-60.75,273,110,14:15:45,2012-07-30
438825,130115,-60.0,273,110,14:15:46,2012-07-30
438825,130120,-58.400002,273,110,14:15:47,2012-07-30
438815,130135,-55.75,273,110,14:15:48,2012-07-30
438810,130145,-55.0,273,110,14:15:49,2012-07-30
438805,130155,-54.5,273,110,14:15:49,2012-07-30
438800,130165,-53.0,273,110,14:15:50,2012-07-30
438790,130175,-52.5,273,110,14:15:51,2012-07-30
438785,130180,-51.0,273,110,14:15:52,2012-07-30
438780,130185,-51.0,273,110,14:15:52,2012-07-30
438785,130185,-51.0,273,110,14:15:52,2012-07-30
438780,130190,-51.0,273,110,14:15:53,2012-07-30
438775,130195,-51.0,273,110,14:15:53,2012-07-30
438770,130200,-51.25,273,110,14:15:54,2012-07-30
438760,130210,-52.0,273,110,14:15:54,2012-07-30
438755,130215,-51.5,273,110,14:15:55,2012-07-30
438745,130220,-50.75,273,110,14:15:57,2012-07-30
438740,130230,-50.0,273,110,14:15:57,2012-07-30
438730,130235,-49.75,273,110,14:15:58,2012-07-30
438720,130240,-49.0,273,110,14:15:59,2012-07-30
438715,130245,-48.75,273,110,14:15:59,2012-07-30
438710,130250,-48.0,273,110,14:16:00,2012-07-30
438705,130255,-47.75,273,110,14:16:01,2012-07-30
438695,130260,-47.0,273,110,14:16:01,2012-07-30
438690,130270,-47.25,273,110,14:16:02,2012-07-30
438685,130275,-48.0,273,110,14:16:03,2012-07-30
438680,130280,-48.5,273,110,14:16:04,2012-07-30
438675,130285,-50.0,273,110,14:16:04,2012-07-30
438670,130295,-52.5,273,110,14:16:05,2012-07-30
438670,130300,-52.0,273,110,14:16:06,2012-07-30
438665,130315,-55.0,273,110,14:16:07,2012-07-30
438665,130330,-56.0,273,110,14:16:08,2012-07-30
438660,130340,-57.0,273,110,14:16:09,2012-07-30
438660,130355,-57.285713,273,110,14:16:10,2012-07-30
438655,130375,-58.0,273,110,14:16:12,2012-07-30
438655,130380,-58.0,273,110,14:16:12,2012-07-30
438650,130390,-57.599998,273,110,14:16:13,2012-07-30
438650,130405,-56.0,273,110,14:16:14,2012-07-30
438645,130415,-55.75,273,110,14:16:15,2012-07-30
438635,130425,-55.0,273,110,14:16:16,2012-07-30
438625,130440,-55.0,273,110,14:16:18,2012-07-30
438620,130455,-55.25,273,110,14:16:19,2012-07-30
438605,130480,-57.200001,273,110,14:16:21,2012-07-30
438600,130485,-59.25,273,110,14:16:22,2012-07-30
438595,130495,-60.0,273,110,14:16:23,2012-07-30
438590,130505,-61.125,273,110,14:16:23,2012-07-30
438570,130525,-64.0,273,110,14:16:25,2012-07-30
438565,130535,-64.0,273,110,14:16:26,2012-07-30
438555,130545,-63.666668,273,110,14:16:28,2012-07-30
438545,130550,-63.0,273,110,14:16:28,2012-07-30
437685,130560,-67.0,273,110,14:17:38,2012-07-30
437700,130560,-66.25,273,110,14:17:37,2012-07-30
437715,130560,-66.0,273,110,14:17:36,2012-07-30
437730,130560,-66.75,273,110,14:17:35,2012-07-30
437740,130560,-67.0,273,110,14:17:35,2012-07-30
438540,130560,-64.714287,273,110,14:16:29,2012-07-30
437670,130565,-67.0,273,110,14:17:39,2012-07-30
437675,130565,-67.0,273,110,14:17:38,2012-07-30
437755,130565,-64.75,273,110,14:17:34,2012-07-30
437765,130565,-64.0,273,110,14:17:33,2012-07-30
437775,130565,-64.75,273,110,14:17:33,2012-07-30
437655,130570,-67.0,273,110,14:17:39,2012-07-30
437665,130570,-67.0,273,110,14:17:39,2012-07-30
437790,130570,-65.0,273,110,14:17:32,2012-07-30
438530,130570,-66.5,273,110,14:16:30,2012-07-30
437645,130575,-67.0,273,110,14:17:40,2012-07-30
437650,130575,-67.0,273,110,14:17:40,2012-07-30
437655,130575,-67.0,273,110,14:17:40,2012-07-30
437805,130575,-63.799999,273,110,14:17:31,2012-07-30
437640,130580,-67.0,273,110,14:17:40,2012-07-30
437820,130580,-63.0,273,110,14:17:30,2012-07-30
438520,130580,-67.800003,273,110,14:16:32,2012-07-30
437625,130585,-67.0,273,110,14:17:41,2012-07-30
437830,130585,-63.0,273,110,14:17:30,2012-07-30
438515,130585,-67.0,273,110,14:16:33,2012-07-30
437615,130590,-67.0,273,110,14:17:42,2012-07-30
437620,130590,-67.0,273,110,14:17:41,2012-07-30
437625,130590,-67.0,273,110,14:17:41,2012-07-30
437835,130590,-63.0,273,110,14:17:29,2012-07-30
437845,130590,-62.25,273,110,14:17:28,2012-07-30
437610,130595,-67.0,273,110,14:17:42,2012-07-30
438510,130595,-67.0,273,110,14:16:33,2012-07-30
437600,130600,-70.0,273,110,14:17:43,2012-07-30
437605,130600,-68.199997,273,110,14:17:42,2012-07-30
437590,130605,-70.0,273,110,14:17:43,2012-07-30
437595,130605,-70.0,273,110,14:17:43,2012-07-30
437865,130605,-63.5,273,110,14:17:27,2012-07-30
438500,130605,-67.0,273,110,14:16:34,2012-07-30
437585,130610,-70.0,273,110,14:17:43,2012-07-30
437880,130610,-64.0,273,110,14:17:26,2012-07-30
437575,130615,-70.0,273,110,14:17:44,2012-07-30
437885,130615,-64.0,273,110,14:17:26,2012-07-30
438485,130615,-67.0,273,110,14:16:35,2012-07-30
437565,130620,-70.0,273,110,14:17:44,2012-07-30
437570,130620,-70.0,273,110,14:17:44,2012-07-30
437895,130620,-64.0,273,110,14:17:25,2012-07-30
438480,130620,-66.5,273,110,14:16:36,2012-07-30
437560,130625,-70.0,273,110,14:17:45,2012-07-30
437900,130625,-63.25,273,110,14:17:24,2012-07-30
438460,130630,-64.285713,273,110,14:16:37,2012-07-30
437545,130635,-70.5,273,110,14:17:45,2012-07-30
437915,130635,-63.0,273,110,14:17:23,2012-07-30
438450,130635,-61.42857,273,110,14:16:39,2012-07-30
437535,130640,-72.0,273,110,14:17:46,2012-07-30
437925,130640,-63.799999,273,110,14:17:23,2012-07-30
438420,130640,-60.0,273,110,14:16:40,2012-07-30
438425,130640,-60.0,273,110,14:16:40,2012-07-30
438430,130640,-60.0,273,110,14:16:39,2012-07-30
437525,130645,-72.400002,273,110,14:17:47,2012-07-30
438400,130645,-60.0,273,110,14:16:42,2012-07-30
438410,130645,-60.0,273,110,14:16:41,2012-07-30
437935,130650,-64.0,273,110,14:17:21,2012-07-30
438385,130650,-60.0,273,110,14:16:43,2012-07-30
438395,130650,-60.0,273,110,14:16:42,2012-07-30
438400,130650,-60.0,273,110,14:16:42,2012-07-30
437510,130655,-73.0,273,110,14:17:48,2012-07-30
437945,130655,-62.666668,273,110,14:17:20,2012-07-30
438375,130655,-61.0,273,110,14:16:44,2012-07-30
438385,130655,-60.25,273,110,14:16:43,2012-07-30
437500,130660,-73.0,273,110,14:17:49,2012-07-30
438355,130660,-61.0,273,110,14:16:45,2012-07-30
438365,130660,-61.0,273,110,14:16:45,2012-07-30
437955,130665,-62.0,273,110,14:17:19,2012-07-30
438335,130665,-62.0,273,110,14:16:47,2012-07-30
438345,130665,-62.0,273,110,14:16:46,2012-07-30
438350,130665,-61.333332,273,110,14:16:46,2012-07-30
437965,130670,-62.0,273,110,14:17:18,2012-07-30
438325,130670,-63.0,273,110,14:16:48,2012-07-30
438330,130670,-62.25,273,110,14:16:47,2012-07-30
437480,130675,-72.5,273,110,14:17:50,2012-07-30
438315,130675,-63.25,273,110,14:16:49,2012-07-30
437980,130680,-62.0,273,110,14:17:17,2012-07-30
438295,130680,-63.75,273,110,14:16:50,2012-07-30
438305,130680,-64.0,273,110,14:16:50,2012-07-30
438290,130685,-63.0,273,110,14:16:51,2012-07-30
438295,130685,-63.0,273,110,14:16:51,2012-07-30
437990,130690,-62.599998,273,110,14:17:16,2012-07-30
438270,130690,-64.0,273,110,14:16:52,2012-07-30
438280,130690,-63.25,273,110,14:16:52,2012-07-30
437460,130695,-72.0,273,110,14:17:51,2012-07-30
438000,130695,-63.0,273,110,14:17:14,2012-07-30
438265,130695,-64.5,273,110,14:16:53,2012-07-30
437450,130700,-72.0,273,110,14:17:52,2012-07-30
438245,130700,-66.0,273,110,14:16:54,2012-07-30
438255,130700,-66.0,273,110,14:16:54,2012-07-30
438020,130705,-63.0,273,110,14:17:14,2012-07-30
438240,130705,-66.199997,273,110,14:16:55,2012-07-30
438030,130710,-65.5,273,110,14:17:13,2012-07-30
438225,130710,-67.400002,273,110,14:16:57,2012-07-30
438045,130715,-64.666664,273,110,14:17:11,2012-07-30
438215,130715,-69.0,273,110,14:16:58,2012-07-30
438060,130720,-65.199997,273,110,14:17:10,2012-07-30
438205,130720,-68.666664,273,110,14:16:59,2012-07-30
438075,130725,-66.0,273,110,14:17:09,2012-07-30
438180,130725,-67.0,273,110,14:17:01,2012-07-30
438190,130725,-67.75,273,110,14:17:00,2012-07-30
438090,130730,-65.199997,273,110,14:17:08,2012-07-30
438100,130730,-65.0,273,110,14:17:07,2012-07-30
438115,130730,-64.333336,273,110,14:17:06,2012-07-30
438140,130730,-66.400002,273,110,14:17:04,2012-07-30
438160,130730,-67.0,273,110,14:17:02,2012-07-30
437410,130735,-71.666664,273,110,14:17:54,2012-07-30
437405,130740,-71.5,273,110,14:17:55,2012-07-30
437390,130755,-73.0,273,110,14:17:56,2012-07-30
437375,130765,-73.25,273,110,14:17:57,2012-07-30
437360,130775,-74.400002,273,110,14:17:57,2012-07-30
437345,130790,-76.0,273,110,14:17:59,2012-07-30
437325,130800,-76.0,273,110,14:17:59,2012-07-30
437310,130810,-76.800003,273,110,14:18:01,2012-07-30
437295,130820,-78.0,273,110,14:18:02,2012-07-30
437270,130835,-77.800003,273,110,14:18:04,2012-07-30
437275,132870,-83.0,273,110,17:40:18,2012-07-27
437280,132870,-83.0,273,110,17:41:00,2012-07-27
437270,132875,-81.666664,273,110,17:40:17,2012-07-27
437260,132880,-81.0,273,110,17:40:15,2012-07-27
437265,132880,-81.0,273,110,17:41:02,2012-07-27
437260,132885,-81.0,273,110,17:41:04,2012-07-27
437250,132890,-81.0,273,110,17:40:13,2012-07-27
437245,132895,-81.0,273,110,17:40:11,2012-07-27
437265,133040,-89.666664,273,110,17:41:37,2012-07-27
437255,133045,-88.0,273,110,17:41:39,2012-07-27
437260,133045,-89.0,273,110,17:41:38,2012-07-27
437250,133050,-87.0,273,110,17:41:41,2012-07-27
437250,133055,-86.800003,273,110,17:41:42,2012-07-27
437240,133060,-85.199997,273,110,17:41:43,2012-07-27
437245,133060,-86.0,273,110,17:41:43,2012-07-27
437235,133065,-84.199997,273,110,17:41:44,2012-07-27
437230,133070,-85.0,273,110,17:41:46,2012-07-27
437230,133075,-84.333336,273,110,17:41:48,2012-07-27
437225,133085,-83.0,273,110,17:41:49,2012-07-27
437225,133090,-83.0,273,110,17:41:50,2012-07-27
437225,133095,-82.666664,273,110,17:41:50,2012-07-27
437220,133105,-82.0,273,110,17:41:52,2012-07-27
437220,133110,-82.0,273,110,17:41:53,2012-07-27
437220,133115,-83.14286,273,110,17:41:53,2012-07-27
437215,133120,-84.0,273,110,17:41:54,2012-07-27
437210,133125,-84.0,273,110,17:41:55,2012-07-27
437205,133130,-84.0,273,110,17:41:56,2012-07-27
437200,133135,-84.0,273,110,17:41:57,2012-07-27
437195,133140,-84.0,273,110,17:41:58,2012-07-27
437200,133140,-84.0,273,110,17:41:58,2012-07-27
437190,133145,-84.0,273,110,17:41:59,2012-07-27
437185,133150,-84.0,273,110,17:42:00,2012-07-27
437175,133155,-84.0,273,110,17:42:01,2012-07-27
437180,133155,-84.0,273,110,17:42:01,2012-07-27
437160,133160,-82.0,273,110,17:42:03,2012-07-27
437165,133160,-83.599998,273,110,17:42:03,2012-07-27
437170,133160,-84.0,273,110,17:42:03,2012-07-27
437150,133165,-84.0,273,110,17:42:05,2012-07-27
437155,133165,-82.5,273,110,17:42:05,2012-07-27
437145,133170,-84.0,273,110,17:42:06,2012-07-27
437130,133175,-83.599998,273,110,17:42:07,2012-07-27
437135,133175,-84.0,273,110,17:42:07,2012-07-27
435815,133760,-82.0,273,110,14:33:09,2012-07-30
435815,133765,-82.0,273,110,14:33:10,2012-07-30
435810,133770,-83.14286,273,110,14:33:10,2012-07-30
435810,133775,-84.0,273,110,14:33:11,2012-07-30
435810,133785,-84.5,273,110,14:33:12,2012-07-30
435805,133790,-86.0,273,110,14:33:12,2012-07-30
435805,133795,-86.0,273,110,14:33:13,2012-07-30
435800,133800,-86.0,273,110,14:33:13,2012-07-30
435800,133805,-86.0,273,110,14:33:14,2012-07-30
435795,133815,-85.75,273,110,14:33:15,2012-07-30
435795,133820,-85.0,273,110,14:33:15,2012-07-30
435790,133830,-85.25,273,110,14:33:16,2012-07-30
435785,133835,-86.0,273,110,14:33:17,2012-07-30
435785,133840,-86.25,273,110,14:33:17,2012-07-30
435780,133845,-87.0,273,110,14:33:18,2012-07-30
435775,133855,-87.0,273,110,14:33:19,2012-07-30
435770,133860,-87.0,273,110,14:33:20,2012-07-30
435765,133865,-87.0,273,110,14:33:20,2012-07-30
435770,133865,-87.0,273,110,14:33:20,2012-07-30
435765,133870,-87.0,273,110,14:33:21,2012-07-30
435760,133875,-87.0,273,110,14:33:21,2012-07-30
435750,133895,-87.0,273,110,14:33:23,2012-07-30
435750,133900,-87.0,273,110,14:33:23,2012-07-30
435745,133905,-87.0,273,110,14:33:24,2012-07-30
435740,133910,-87.0,273,110,14:33:25,2012-07-30
435745,133910,-87.0,273,110,14:33:25,2012-07-30
435740,133920,-87.0,273,110,14:33:26,2012-07-30
435735,133925,-87.0,273,110,14:33:26,2012-07-30
435735,133930,-87.0,273,110,14:33:26,2012-07-30
435730,133935,-87.0,273,110,14:33:27,2012-07-30
435730,133945,-87.0,273,110,14:33:28,2012-07-30
435725,133950,-87.0,273,110,14:33:28,2012-07-30
435725,133955,-87.0,273,110,14:33:29,2012-07-30
435720,133965,-85.666664,273,110,14:33:30,2012-07-30
435720,133970,-83.5,273,110,14:33:31,2012-07-30
435720,133975,-83.0,273,110,14:33:31,2012-07-30
435720,133980,-84.0,273,110,14:33:31,2012-07-30
435710,134005,-86.0,273,110,14:33:33,2012-07-30
435710,134020,-86.400002,273,110,14:33:34,2012-07-30
435705,134030,-87.25,273,110,14:33:35,2012-07-30
435700,134040,-87.5,273,110,14:33:37,2012-07-30
435695,134055,-87.0,273,110,14:33:38,2012-07-30
435690,134070,-87.0,273,110,14:33:39,2012-07-30
435685,134080,-86.5,273,110,14:33:39,2012-07-30
435680,134085,-86.0,273,110,14:33:41,2012-07-30
435670,134100,-86.0,273,110,14:33:43,2012-07-30
435665,134110,-86.0,273,110,14:33:43,2012-07-30
435660,134120,-86.25,273,110,14:33:44,2012-07-30
435650,134135,-87.0,273,110,14:33:45,2012-07-30
435650,134140,-87.0,273,110,14:33:45,2012-07-30
435640,134155,-87.333336,273,110,14:33:47,2012-07-30
435635,134165,-88.333336,273,110,14:33:48,2012-07-30
435630,134185,-89.0,273,110,14:33:50,2012-07-30
435630,134190,-90.0,273,110,14:33:51,2012-07-30
435630,134205,-90.0,273,110,14:33:52,2012-07-30
435625,134215,-90.0,273,110,14:33:53,2012-07-30
435625,134225,-90.0,273,110,14:33:54,2012-07-30
435625,134250,-86.0,273,110,14:33:57,2012-07-30
435625,134255,-86.0,273,110,14:33:57,2012-07-30
435630,134275,-86.0,273,110,14:33:59,2012-07-30
436775,134795,-66.0,273,110,14:36:29,2012-07-30
436775,134800,-66.0,273,110,14:36:29,2012-07-30
436770,134810,-66.0,273,110,14:36:28,2012-07-30
444035,128485,-96.0,273,110,16:15:12,2012-07-27
444045,128505,-95.5,273,110,16:15:11,2012-07-27
444060,128525,-95.666664,273,110,16:15:09,2012-07-27
444070,128540,-96.0,273,110,16:15:08,2012-07-27
444090,128560,-96.0,273,110,16:15:07,2012-07-27
444100,128570,-96.0,273,110,16:15:06,2012-07-27
444120,128590,-94.0,273,110,16:15:05,2012-07-27
444125,128595,-94.0,273,110,16:15:05,2012-07-27
444140,128610,-94.0,273,110,16:15:03,2012-07-27
444150,128625,-92.0,273,110,16:15:02,2012-07-27
444180,128645,-87.800003,273,110,16:15:00,2012-07-27
444185,128650,-84.75,273,110,16:14:59,2012-07-27
444205,128655,-84.0,273,110,16:14:58,2012-07-27
444220,128660,-84.0,273,110,16:14:58,2012-07-27
444230,128660,-82.0,273,110,16:14:57,2012-07-27
444250,128665,-79.0,273,110,16:14:55,2012-07-27
444275,128675,-76.666664,273,110,16:14:54,2012-07-27
444300,128680,-75.25,273,110,16:14:53,2012-07-27
444305,128685,-75.0,273,110,16:14:52,2012-07-27
444315,128690,-75.0,273,110,16:14:51,2012-07-27
444335,128695,-75.0,273,110,16:14:50,2012-07-27
444350,128695,-75.666664,273,110,16:14:48,2012-07-27
444360,128700,-77.333336,273,110,16:14:47,2012-07-27
444370,128705,-79.5,273,110,16:14:45,2012-07-27
444375,128710,-81.14286,273,110,16:14:43,2012-07-27
444375,128715,-80.464287,273,110,16:14:33,2012-07-27
444370,128720,-73.666664,273,110,16:14:31,2012-07-27
444370,128725,-73.0,273,110,16:14:31,2012-07-27
444360,128730,-72.0,273,110,16:14:29,2012-07-27
444365,128730,-72.25,273,110,16:14:30,2012-07-27
444350,128735,-71.25,273,110,16:14:28,2012-07-27
444340,128745,-69.0,273,110,16:14:27,2012-07-27
444320,128750,-68.0,273,110,16:14:26,2012-07-27
444300,128760,-67.333336,273,110,16:14:24,2012-07-27
444270,128770,-67.0,273,110,16:14:23,2012-07-27
444255,128780,-68.333336,273,110,16:14:21,2012-07-27
444240,128785,-71.666664,273,110,16:14:20,2012-07-27
444200,128800,-75.0,273,110,16:14:19,2012-07-27
444185,128805,-78.666664,273,110,16:14:17,2012-07-27
444165,128810,-81.333336,273,110,16:14:16,2012-07-27
444125,128825,-84.5,273,110,16:14:14,2012-07-27
444090,128835,-88.666664,273,110,16:14:11,2012-07-27
444075,128845,-89.0,273,110,16:14:10,2012-07-27
440535,128850,-78.0,273,110,16:50:22,2012-07-27
444045,128850,-90.333336,273,110,16:14:09,2012-07-27
444055,128850,-89.0,273,110,16:14:09,2012-07-27
440515,128860,-78.0,273,110,16:50:22,2012-07-27
444015,128860,-91.0,273,110,16:14:07,2012-07-27
444025,128860,-91.0,273,110,16:14:07,2012-07-27
444030,128860,-91.0,273,110,16:14:07,2012-07-27
444005,128865,-91.0,273,110,16:14:06,2012-07-27
444010,128865,-91.0,273,110,16:14:07,2012-07-27
443980,128870,-92.0,273,110,16:14:05,2012-07-27
443985,128870,-92.0,273,110,16:14:05,2012-07-27
443990,128870,-92.0,273,110,16:14:05,2012-07-27
443995,128870,-92.0,273,110,16:14:06,2012-07-27
444000,128870,-91.800003,273,110,16:14:06,2012-07-27
440500,128875,-77.166664,273,110,16:50:23,2012-07-27
443975,128875,-92.0,273,110,16:14:04,2012-07-27
443950,128880,-92.0,273,110,16:14:03,2012-07-27
440485,128885,-78.764709,273,110,16:50:24,2012-07-27
443930,128885,-92.0,273,110,16:14:02,2012-07-27
443935,128885,-92.0,273,110,16:14:02,2012-07-27
443925,128890,-91.25,273,110,16:14:02,2012-07-27
440465,128895,-80.083336,273,110,16:50:25,2012-07-27
443900,128900,-91.0,273,110,16:14:00,2012-07-27
443905,128900,-91.0,273,110,16:14:01,2012-07-27
440450,128905,-81.0,273,110,16:50:26,2012-07-27
443890,128905,-91.0,273,110,16:14:01,2012-07-27
443895,128905,-91.0,273,110,16:14:00,2012-07-27
440435,128910,-80.666664,273,110,16:50:27,2012-07-27
443880,128910,-91.0,273,110,16:13:59,2012-07-27
443885,128910,-91.0,273,110,16:13:59,2012-07-27
443875,128915,-87.666664,273,110,16:13:59,2012-07-27
440415,128920,-80.0,273,110,16:50:28,2012-07-27
443865,128920,-86.0,273,110,16:13:58,2012-07-27
440410,128925,-80.333336,273,110,16:50:29,2012-07-27
443860,128925,-86.0,273,110,16:13:58,2012-07-27
443850,128930,-85.25,273,110,16:13:57,2012-07-27
440385,128935,-81.0,273,110,16:50:30,2012-07-27
440370,128940,-81.0,273,110,16:50:31,2012-07-27
443835,128945,-84.333336,273,110,16:13:56,2012-07-27
440350,128950,-81.0,273,110,16:50:32,2012-07-27
440325,128960,-81.0,273,110,16:50:34,2012-07-27
443820,128960,-80.666664,273,110,16:13:55,2012-07-27
440315,128965,-81.0,273,110,16:50:34,2012-07-27
440295,128970,-80.5,273,110,16:50:36,2012-07-27
440305,128970,-81.0,273,110,16:50:35,2012-07-27
443800,128975,-76.0,273,110,16:13:53,2012-07-27
440270,128980,-79.0,273,110,16:50:37,2012-07-27
440280,128980,-79.0,273,110,16:50:37,2012-07-27
440265,128985,-79.0,273,110,16:50:38,2012-07-27
440255,128990,-78.75,273,110,16:50:39,2012-07-27
443785,128990,-73.5,273,110,16:13:52,2012-07-27
440245,128995,-78.0,273,110,16:50:39,2012-07-27
440235,129000,-78.333336,273,110,16:50:40,2012-07-27
440230,129005,-79.0,273,110,16:50:41,2012-07-27
443775,129005,-73.0,273,110,16:13:51,2012-07-27
440215,129010,-78.666664,273,110,16:50:42,2012-07-27
440220,129010,-79.0,273,110,16:50:41,2012-07-27
443775,129010,-72.333336,273,110,16:13:50,2012-07-27
440210,129015,-78.0,273,110,16:50:42,2012-07-27
440215,129015,-78.0,273,110,16:50:42,2012-07-27
443770,129015,-72.0,273,110,16:13:50,2012-07-27
440205,129025,-78.5,273,110,16:50:43,2012-07-27
440200,129030,-80.0,273,110,16:50:44,2012-07-27
443765,129030,-72.666664,273,110,16:13:49,2012-07-27
440195,129035,-79.666664,273,110,16:50:44,2012-07-27
443760,129035,-73.0,273,110,16:13:48,2012-07-27
440180,129050,-79.666664,273,110,16:50:46,2012-07-27
443755,129050,-76.0,273,110,16:13:48,2012-07-27
440175,129055,-81.0,273,110,16:50:46,2012-07-27
440160,129065,-79.0,273,110,16:50:48,2012-07-27
440165,129065,-80.5,273,110,16:50:47,2012-07-27
440155,129070,-79.333336,273,110,16:50:48,2012-07-27
440160,129070,-79.0,273,110,16:50:48,2012-07-27
443740,129070,-78.333336,273,110,16:13:46,2012-07-27
440150,129075,-81.0,273,110,16:50:49,2012-07-27
440145,129080,-81.0,273,110,16:50:49,2012-07-27
440135,129085,-80.5,273,110,16:50:50,2012-07-27
443735,129090,-81.0,273,110,16:13:45,2012-07-27
440120,129095,-79.0,273,110,16:50:51,2012-07-27
440115,129100,-79.0,273,110,16:50:52,2012-07-27
440120,129100,-79.0,273,110,16:50:52,2012-07-27
440110,129105,-79.0,273,110,16:50:53,2012-07-27
440100,129110,-79.0,273,110,16:50:54,2012-07-27
440105,129110,-79.0,273,110,16:50:53,2012-07-27
443730,129110,-81.25,273,110,16:13:43,2012-07-27
440095,129115,-79.5,273,110,16:50:54,2012-07-27
443730,129115,-81.0,273,110,16:13:43,2012-07-27
440085,129120,-81.0,273,110,16:50:55,2012-07-27
440090,129120,-81.0,273,110,16:50:55,2012-07-27
440075,129125,-80.0,273,110,16:50:56,2012-07-27
440080,129125,-80.75,273,110,16:50:56,2012-07-27
443730,129125,-80.333336,273,110,16:13:42,2012-07-27
440065,129130,-80.0,273,110,16:50:57,2012-07-27
440070,129130,-80.0,273,110,16:50:56,2012-07-27
443730,129130,-80.0,273,110,16:13:41,2012-07-27
440055,129135,-81.0,273,110,16:50:57,2012-07-27
440060,129135,-80.25,273,110,16:50:57,2012-07-27
440045,129140,-81.25,273,110,16:50:58,2012-07-27
443730,129140,-79.25,273,110,16:13:41,2012-07-27
440030,129145,-82.0,273,110,16:51:00,2012-07-27
440040,129145,-82.0,273,110,16:50:59,2012-07-27
440025,129150,-82.0,273,110,16:51:01,2012-07-27
440020,129155,-81.75,273,110,16:51:01,2012-07-27
440005,129160,-81.0,273,110,16:51:03,2012-07-27
440010,129160,-81.0,273,110,16:51:02,2012-07-27
443745,129160,-79.0,273,110,16:13:39,2012-07-27
440000,129165,-80.75,273,110,16:51:04,2012-07-27
440055,129165,-80.0,273,110,16:51:30,2012-07-27
440065,129165,-80.400002,273,110,16:51:31,2012-07-27
440075,129165,-82.0,273,110,16:51:32,2012-07-27
439990,129170,-80.666664,273,110,16:51:05,2012-07-27
440045,129170,-80.0,273,110,16:51:29,2012-07-27
440050,129170,-80.0,273,110,16:51:30,2012-07-27
440065,129170,-83.666664,273,110,17:23:27,2012-07-27
440075,129170,-83.333336,273,110,17:23:28,2012-07-27
443760,129170,-80.333336,273,110,16:13:38,2012-07-27
443770,129170,-81.5,273,110,16:13:36,2012-07-27
440035,129175,-79.0,273,110,16:51:27,2012-07-27
440040,129175,-79.0,273,110,16:51:28,2012-07-27
440045,129175,-82.0,273,110,17:23:25,2012-07-27
440050,129175,-82.666664,273,110,17:23:25,2012-07-27
440090,129175,-82.75,273,110,16:51:34,2012-07-27
440100,129175,-85.0,273,110,16:51:35,2012-07-27
443785,129175,-82.0,273,110,16:13:35,2012-07-27
439975,129180,-79.599998,273,110,16:51:06,2012-07-27
440025,129180,-80.5,273,110,16:51:27,2012-07-27
440030,129180,-78.0,273,110,17:23:23,2012-07-27
440040,129180,-79.599998,273,110,17:23:24,2012-07-27
440105,129180,-83.666664,273,110,17:23:31,2012-07-27
439955,129185,-79.5,273,110,16:51:08,2012-07-27
439965,129185,-79.333336,273,110,16:51:07,2012-07-27
440010,129185,-78.0,273,110,17:23:21,2012-07-27
440015,129185,-78.0,273,110,17:23:22,2012-07-27
440020,129185,-81.75,273,110,16:51:25,2012-07-27
440025,129185,-78.0,273,110,17:23:23,2012-07-27
440115,129185,-85.0,273,110,16:51:36,2012-07-27
440125,129185,-81.25,273,110,17:23:32,2012-07-27
439930,129190,-81.285713,273,110,17:19:27,2012-07-27
439935,129190,-82.0,273,110,17:19:26,2012-07-27
439945,129190,-79.199997,273,110,16:51:10,2012-07-27
439950,129190,-79.0,273,110,16:51:10,2012-07-27
439995,129190,-83.0,273,110,16:51:23,2012-07-27
440000,129190,-79.0,273,110,17:23:20,2012-07-27
440010,129190,-78.75,273,110,17:23:21,2012-07-27
440130,129190,-85.0,273,110,16:51:37,2012-07-27
440140,129190,-84.0,273,110,16:51:39,2012-07-27
440145,129190,-84.25,273,110,17:23:35,2012-07-27
439920,129195,-80.277779,273,110,17:23:04,2012-07-27
439925,129195,-81.888885,273,110,17:19:28,2012-07-27
439935,129195,-77.0,273,110,17:23:05,2012-07-27
439940,129195,-80.422226,273,110,17:23:06,2012-07-27
439945,129195,-79.294121,273,110,17:19:23,2012-07-27
439990,129195,-79.0,273,110,17:23:19,2012-07-27
439995,129195,-79.0,273,110,17:23:20,2012-07-27
440000,129195,-79.0,273,110,17:23:20,2012-07-27
440150,129195,-84.0,273,110,17:23:35,2012-07-27
439290,129200,-86.0,273,110,17:22:12,2012-07-27
439905,129200,-78.0,273,110,17:23:02,2012-07-27
439915,129200,-82.75,273,110,17:19:31,2012-07-27
439945,129200,-79.818184,273,110,16:51:13,2012-07-27
439950,129200,-78.588234,273,110,16:51:14,2012-07-27
439955,129200,-77.900002,273,110,16:51:15,2012-07-27
439960,129200,-76.0,273,110,17:19:16,2012-07-27
439965,129200,-80.0,273,110,16:51:18,2012-07-27
439970,129200,-80.0,273,110,16:51:19,2012-07-27
439975,129200,-78.0,273,110,17:23:17,2012-07-27
439980,129200,-81.333336,273,110,17:23:18,2012-07-27
439985,129200,-78.25,273,110,17:23:18,2012-07-27
440125,129200,-80.75,273,110,16:51:47,2012-07-27
440130,129200,-81.0,273,110,16:51:46,2012-07-27
440135,129200,-81.75,273,110,16:51:45,2012-07-27
439280,129205,-87.0,273,110,17:22:10,2012-07-27
439295,129205,-85.0,273,110,17:22:13,2012-07-27
439900,129205,-82.0,273,110,17:19:32,2012-07-27
439955,129205,-79.400002,273,110,17:23:11,2012-07-27
439960,129205,-79.0,273,110,17:19:15,2012-07-27
439965,129205,-80.0,273,110,17:23:14,2012-07-27
439970,129205,-80.0,273,110,17:23:15,2012-07-27
440120,129205,-80.375,273,110,16:51:48,2012-07-27
439275,129210,-86.0,273,110,17:22:09,2012-07-27
439280,129210,-84.75,273,110,17:20:25,2012-07-27
439285,129210,-85.0,273,110,17:20:24,2012-07-27
439290,129210,-85.0,273,110,17:20:23,2012-07-27
439295,129210,-84.0,273,110,17:20:22,2012-07-27
439890,129210,-80.199997,273,110,17:23:01,2012-07-27
440110,129210,-81.400002,273,110,16:51:48,2012-07-27
440130,129210,-84.0,273,110,17:23:41,2012-07-27
440135,129210,-84.0,273,110,17:23:40,2012-07-27
440145,129210,-85.428574,273,110,17:23:39,2012-07-27
440150,129210,-83.53846,273,110,17:23:37,2012-07-27
439270,129215,-84.25,273,110,17:22:08,2012-07-27
439275,129215,-84.25,273,110,17:20:26,2012-07-27
439300,129215,-83.0,273,110,17:20:21,2012-07-27
439320,129215,-84.333336,273,110,17:22:15,2012-07-27
439880,129215,-81.0,273,110,17:19:33,2012-07-27
440120,129215,-84.555557,273,110,17:23:44,2012-07-27
440125,129215,-84.5,273,110,17:23:42,2012-07-27
439265,129220,-84.0,273,110,17:22:07,2012-07-27
439270,129220,-85.0,273,110,17:20:27,2012-07-27
439305,129220,-82.333336,273,110,17:20:20,2012-07-27
440100,129220,-83.800003,273,110,16:51:51,2012-07-27
439270,129225,-84.199997,273,110,17:20:27,2012-07-27
439325,129225,-83.0,273,110,17:22:15,2012-07-27
439870,129225,-79.5,273,110,17:22:59,2012-07-27
440105,129225,-83.5,273,110,17:23:45,2012-07-27
439255,129230,-73.0,273,110,14:13:47,2012-07-30
439260,129230,-77.777779,273,110,14:14:12,2012-07-30
439265,129230,-83.375,273,110,17:20:29,2012-07-27
439265,129230,-83.199997,273,110,14:14:16,2012-07-30
439310,129230,-82.0,273,110,17:20:19,2012-07-27
439315,129230,-80.5,273,110,17:20:19,2012-07-27
439330,129230,-82.25,273,110,17:22:16,2012-07-27
440095,129230,-85.5,273,110,16:51:52,2012-07-27
439260,129235,-84.400002,273,110,17:22:05,2012-07-27
439260,129235,-81.475807,273,110,14:14:09,2012-07-30
439265,129235,-79.0,273,110,17:20:29,2012-07-27
439265,129235,-84.75,273,110,14:14:33,2012-07-30
439315,129235,-80.0,273,110,17:20:18,2012-07-27
439320,129235,-80.0,273,110,17:20:18,2012-07-27
439335,129235,-80.0,273,110,17:22:17,2012-07-27
439860,129235,-81.125,273,110,17:22:59,2012-07-27
440095,129235,-84.0,273,110,17:23:47,2012-07-27
439265,129240,-79.0,273,110,17:20:30,2012-07-27
439265,129240,-84.0,273,110,14:14:35,2012-07-30
439320,129240,-80.0,273,110,17:20:18,2012-07-27
439325,129240,-80.0,273,110,17:20:18,2012-07-27
439340,129240,-80.0,273,110,17:22:18,2012-07-27
440085,129240,-87.199997,273,110,16:51:53,2012-07-27
440090,129240,-84.800003,273,110,17:23:48,2012-07-27
439260,129245,-84.0,273,110,17:22:04,2012-07-27
439265,129245,-78.75,273,110,17:20:30,2012-07-27
439270,129245,-83.400002,273,110,14:14:36,2012-07-30
439325,129245,-79.333336,273,110,17:20:18,2012-07-27
439845,129245,-80.0,273,110,17:19:37,2012-07-27
440080,129245,-88.0,273,110,16:51:54,2012-07-27
439260,129250,-83.333336,273,110,17:22:03,2012-07-27
439265,129250,-78.0,273,110,17:20:31,2012-07-27
439270,129250,-80.599998,273,110,14:14:37,2012-07-30
439330,129250,-79.0,273,110,17:20:17,2012-07-27
439345,129250,-80.0,273,110,17:22:18,2012-07-27
439835,129250,-79.0,273,110,17:19:37,2012-07-27
439840,129250,-79.333336,273,110,17:22:57,2012-07-27
440080,129250,-86.25,273,110,17:23:49,2012-07-27
439265,129255,-72.71154,273,110,17:20:49,2012-07-27
439270,129255,-71.408287,273,110,17:21:42,2012-07-27
439335,129255,-79.0,273,110,17:20:16,2012-07-27
440070,129255,-87.5,273,110,17:23:50,2012-07-27
439260,129260,-81.5,273,110,17:22:01,2012-07-27
439265,129260,-72.431816,273,110,17:21:00,2012-07-27
439270,129260,-77.0,273,110,17:21:59,2012-07-27
439270,129260,-79.0,273,110,14:14:38,2012-07-30
439355,129260,-79.75,273,110,17:22:19,2012-07-27
439825,129260,-79.428574,273,110,17:19:38,2012-07-27
439270,129265,-77.666664,273,110,14:14:39,2012-07-30
439345,129265,-79.0,273,110,17:20:15,2012-07-27
439365,129265,-79.0,273,110,17:22:20,2012-07-27
439810,129265,-80.199997,273,110,17:19:39,2012-07-27
440050,129265,-88.400002,273,110,16:51:56,2012-07-27
440060,129265,-87.199997,273,110,17:23:51,2012-07-27
439275,129270,-76.25,273,110,14:14:40,2012-07-30
439350,129270,-79.599998,273,110,17:20:15,2012-07-27
439810,129270,-81.0,273,110,17:22:55,2012-07-27
439355,129275,-80.0,273,110,17:20:15,2012-07-27
439370,129275,-79.25,273,110,17:22:20,2012-07-27
439800,129275,-80.166664,273,110,17:22:54,2012-07-27
439275,129280,-73.571426,273,110,14:14:42,2012-07-30
439360,129280,-80.0,273,110,17:20:14,2012-07-27
439380,129280,-80.0,273,110,17:22:21,2012-07-27
439785,129280,-81.333336,273,110,17:19:41,2012-07-27
440010,129280,-88.0,273,110,16:52:01,2012-07-27
440045,129280,-87.800003,273,110,17:23:54,2012-07-27
439365,129285,-80.0,273,110,17:20:14,2012-07-27
439385,129285,-80.0,273,110,17:22:22,2012-07-27
439780,129285,-80.333336,273,110,17:19:42,2012-07-27
439990,129285,-87.75,273,110,16:52:02,2012-07-27
440000,129285,-88.0,273,110,16:52:01,2012-07-27
440040,129285,-87.0,273,110,17:23:54,2012-07-27
439275,129290,-71.0,273,110,14:14:42,2012-07-30
439370,129290,-80.0,273,110,17:20:13,2012-07-27
439390,129290,-80.0,273,110,17:22:22,2012-07-27
439395,129290,-80.0,273,110,17:22:22,2012-07-27
439765,129290,-79.5,273,110,17:22:51,2012-07-27
439960,129290,-84.666664,273,110,16:52:05,2012-07-27
439975,129290,-86.5,273,110,16:52:03,2012-07-27
440035,129290,-86.5,273,110,17:23:55,2012-07-27
439405,129295,-80.75,273,110,17:22:23,2012-07-27
439750,129295,-81.0,273,110,17:19:44,2012-07-27
439755,129295,-79.0,273,110,17:22:51,2012-07-27
439950,129295,-84.0,273,110,16:52:06,2012-07-27
439955,129295,-84.0,273,110,16:52:06,2012-07-27
439275,129300,-71.0,273,110,14:14:43,2012-07-30
439410,129300,-83.0,273,110,17:22:24,2012-07-27
439415,129300,-83.0,273,110,17:22:24,2012-07-27
439745,129300,-81.333336,273,110,17:22:50,2012-07-27
439945,129300,-84.0,273,110,16:52:07,2012-07-27
439960,129300,-83.0,273,110,17:24:01,2012-07-27
439965,129300,-83.0,273,110,17:24:00,2012-07-27
439970,129300,-83.0,273,110,17:24:00,2012-07-27
439980,129300,-83.75,273,110,17:23:59,2012-07-27
439985,129300,-84.0,273,110,17:23:59,2012-07-27
439990,129300,-84.0,273,110,17:23:58,2012-07-27
439995,129300,-84.0,273,110,17:23:57,2012-07-27
440010,129300,-85.5,273,110,17:23:56,2012-07-27
439395,129305,-80.75,273,110,17:20:12,2012-07-27
439415,129305,-83.0,273,110,17:22:24,2012-07-27
439425,129305,-83.0,273,110,17:22:25,2012-07-27
439735,129305,-80.75,273,110,17:19:45,2012-07-27
439940,129305,-83.5,273,110,16:52:08,2012-07-27
439275,129310,-71.25,273,110,14:14:45,2012-07-30
439435,129310,-83.0,273,110,17:22:25,2012-07-27
439720,129310,-79.5,273,110,17:19:46,2012-07-27
439725,129310,-83.5,273,110,17:22:49,2012-07-27
439945,129310,-86.0,273,110,17:24:03,2012-07-27
439950,129310,-83.75,273,110,17:24:02,2012-07-27
439415,129315,-81.599998,273,110,17:20:10,2012-07-27
439445,129315,-83.0,273,110,17:22:26,2012-07-27
439715,129315,-83.5,273,110,17:19:47,2012-07-27
439270,129320,-72.199997,273,110,14:14:45,2012-07-30
439425,129320,-82.0,273,110,17:20:10,2012-07-27
439455,129320,-83.0,273,110,17:22:27,2012-07-27
439705,129320,-78.5,273,110,17:19:48,2012-07-27
439940,129320,-86.666664,273,110,17:24:03,2012-07-27
439465,129325,-82.25,273,110,17:22:27,2012-07-27
439475,129325,-80.0,273,110,17:22:28,2012-07-27
439695,129325,-85.599998,273,110,17:22:46,2012-07-27
439265,129330,-73.0,273,110,14:14:47,2012-07-30
439445,129330,-81.666664,273,110,17:20:08,2012-07-27
439485,129330,-80.75,273,110,17:22:29,2012-07-27
439495,129330,-83.0,273,110,17:22:30,2012-07-27
439505,129330,-82.5,273,110,17:22:30,2012-07-27
439515,129330,-81.0,273,110,17:22:32,2012-07-27
439530,129330,-81.0,273,110,17:22:32,2012-07-27
439535,129330,-80.333336,273,110,17:22:33,2012-07-27
439540,129330,-81.0,273,110,17:22:33,2012-07-27
439560,129330,-79.666664,273,110,17:22:34,2012-07-27
439570,129330,-81.0,273,110,17:22:35,2012-07-27
439580,129330,-81.0,273,110,17:22:36,2012-07-27
439585,129330,-81.0,273,110,17:22:37,2012-07-27
439590,129330,-81.0,273,110,17:22:37,2012-07-27
439595,129330,-81.0,273,110,17:22:37,2012-07-27
439610,129330,-81.0,273,110,17:22:39,2012-07-27
439935,129330,-85.5,273,110,16:52:11,2012-07-27
439455,129335,-81.0,273,110,17:20:07,2012-07-27
439470,129335,-79.5,273,110,17:20:06,2012-07-27
439620,129335,-81.75,273,110,17:22:40,2012-07-27
439670,129335,-86.0,273,110,17:22:44,2012-07-27
439680,129335,-82.666664,273,110,17:19:49,2012-07-27
439935,129335,-87.75,273,110,17:24:05,2012-07-27
439260,129340,-73.5,273,110,14:14:47,2012-07-30
439485,129340,-78.333336,273,110,17:20:05,2012-07-27
439495,129340,-78.400002,273,110,17:20:04,2012-07-27
439500,129340,-78.0,273,110,17:20:04,2012-07-27
439505,129340,-78.0,273,110,17:20:03,2012-07-27
439515,129340,-78.0,273,110,17:20:03,2012-07-27
439530,129340,-78.0,273,110,17:20:02,2012-07-27
439535,129340,-78.0,273,110,17:20:01,2012-07-27
439540,129340,-77.25,273,110,17:20:01,2012-07-27
439555,129340,-77.0,273,110,17:20:00,2012-07-27
439565,129340,-77.599998,273,110,17:19:59,2012-07-27
439570,129340,-78.0,273,110,17:19:58,2012-07-27
439575,129340,-78.0,273,110,17:19:58,2012-07-27
439590,129340,-78.0,273,110,17:19:57,2012-07-27
439600,129340,-78.75,273,110,17:19:56,2012-07-27
439610,129340,-79.0,273,110,17:19:56,2012-07-27
439630,129340,-84.400002,273,110,17:22:41,2012-07-27
439645,129340,-86.0,273,110,17:22:42,2012-07-27
439655,129340,-86.0,273,110,17:22:43,2012-07-27
439675,129340,-80.0,273,110,17:19:51,2012-07-27
439935,129340,-84.0,273,110,16:52:12,2012-07-27
439615,129345,-80.333336,273,110,17:19:55,2012-07-27
439625,129345,-81.0,273,110,17:19:54,2012-07-27
439665,129345,-80.0,273,110,17:19:51,2012-07-27
439935,129345,-85.5,273,110,16:52:13,2012-07-27
439635,129350,-81.0,273,110,17:19:54,2012-07-27
439645,129350,-81.0,273,110,17:19:53,2012-07-27
439655,129350,-80.25,273,110,17:19:52,2012-07-27
439935,129350,-83.800003,273,110,16:52:13,2012-07-27
439935,129355,-83.0,273,110,16:52:14,2012-07-27
439940,129355,-86.75,273,110,17:24:06,2012-07-27
439255,129360,-74.800003,273,110,14:14:49,2012-07-30
439940,129360,-86.0,273,110,17:24:07,2012-07-27
439940,129365,-84.285713,273,110,16:52:15,2012-07-27
439250,129370,-75.833336,273,110,14:14:50,2012-07-30
439945,129370,-85.75,273,110,17:24:08,2012-07-27
439945,129375,-85.0,273,110,17:24:08,2012-07-27
439945,129380,-83.166664,273,110,16:52:16,2012-07-27
439945,129385,-81.666664,273,110,16:52:17,2012-07-27
439245,129395,-74.0,273,110,14:14:52,2012-07-30
439945,129395,-79.599998,273,110,16:52:18,2012-07-27
439945,129400,-79.0,273,110,16:52:18,2012-07-27
439950,129400,-81.5,273,110,16:52:18,2012-07-27
439240,129405,-73.0,273,110,14:14:52,2012-07-30
439950,129405,-79.0,273,110,16:52:18,2012-07-27
439950,129415,-79.0,273,110,16:52:19,2012-07-27
439955,129415,-81.0,273,110,17:24:11,2012-07-27
439235,129420,-73.0,273,110,14:14:54,2012-07-30
439955,129420,-79.0,273,110,16:52:20,2012-07-27
439235,129430,-73.400002,273,110,14:14:54,2012-07-30
439955,129430,-83.199997,273,110,17:24:13,2012-07-27
439960,129430,-81.0,273,110,16:52:21,2012-07-27
439965,129435,-79.666664,273,110,16:52:22,2012-07-27
440140,129435,-88.0,273,110,17:24:32,2012-07-27
439965,129440,-84.0,273,110,17:24:14,2012-07-27
439970,129440,-81.0,273,110,16:52:22,2012-07-27
439975,129440,-81.5,273,110,16:52:23,2012-07-27
440130,129440,-88.0,273,110,17:24:31,2012-07-27
439980,129445,-83.0,273,110,16:52:24,2012-07-27
439985,129445,-83.25,273,110,17:24:16,2012-07-27
439990,129445,-83.25,273,110,16:52:25,2012-07-27
439225,129450,-73.5,273,110,14:14:56,2012-07-30
439995,129450,-84.0,273,110,16:52:25,2012-07-27
440000,129450,-84.0,273,110,16:52:26,2012-07-27
440010,129450,-84.0,273,110,16:52:27,2012-07-27
440015,129450,-84.0,273,110,17:24:18,2012-07-27
440095,129450,-87.0,273,110,17:24:28,2012-07-27
439225,129455,-72.0,273,110,14:14:56,2012-07-30
440025,129455,-85.5,273,110,17:24:20,2012-07-27
440030,129455,-85.5,273,110,16:52:29,2012-07-27
440035,129455,-83.428574,273,110,16:52:29,2012-07-27
440040,129455,-83.0,273,110,16:52:30,2012-07-27
440085,129455,-84.75,273,110,17:24:27,2012-07-27
440040,129460,-83.0,273,110,16:52:30,2012-07-27
440045,129460,-83.400002,273,110,16:52:31,2012-07-27
440050,129460,-83.666664,273,110,16:52:32,2012-07-27
440055,129460,-82.599998,273,110,16:52:33,2012-07-27
440060,129460,-81.583336,273,110,16:52:35,2012-07-27
440065,129460,-83.0,273,110,17:24:25,2012-07-27
439220,129465,-72.25,273,110,14:14:57,2012-07-30
439215,129475,-73.0,273,110,14:14:58,2012-07-30
439210,129485,-73.0,273,110,14:14:59,2012-07-30
439205,129500,-73.0,273,110,14:15:00,2012-07-30
439200,129505,-73.0,273,110,14:15:01,2012-07-30
439195,129515,-73.0,273,110,14:15:02,2012-07-30
439190,129525,-73.0,273,110,14:15:02,2012-07-30
439185,129535,-72.75,273,110,14:15:03,2012-07-30
439180,129545,-72.0,273,110,14:15:04,2012-07-30
439175,129550,-71.5,273,110,14:15:04,2012-07-30
439175,129560,-70.0,273,110,14:15:05,2012-07-30
439170,129570,-69.75,273,110,14:15:06,2012-07-30
439165,129575,-69.0,273,110,14:15:06,2012-07-30
439165,129580,-68.25,273,110,14:15:07,2012-07-30
439160,129590,-66.0,273,110,14:15:08,2012-07-30
439155,129600,-66.0,273,110,14:15:08,2012-07-30
439155,129605,-66.0,273,110,14:15:09,2012-07-30
439150,129610,-66.0,273,110,14:15:09,2012-07-30
439150,129615,-66.14286,273,110,14:15:10,2012-07-30
439150,129620,-67.0,273,110,14:15:10,2012-07-30
439145,129625,-67.0,273,110,14:15:11,2012-07-30
439140,129640,-67.0,273,110,14:15:11,2012-07-30
439140,129645,-67.0,273,110,14:15:12,2012-07-30
439135,129650,-67.0,273,110,14:15:12,2012-07-30
439130,129660,-67.25,273,110,14:15:13,2012-07-30
439125,129670,-68.400002,273,110,14:15:14,2012-07-30
439115,129685,-70.0,273,110,14:15:15,2012-07-30
439105,129695,-70.0,273,110,14:15:17,2012-07-30
439090,129715,-70.0,273,110,14:15:18,2012-07-30
439075,129725,-70.0,273,110,14:15:18,2012-07-30
439065,129735,-70.25,273,110,14:15:20,2012-07-30
439055,129745,-71.199997,273,110,14:15:21,2012-07-30
439045,129760,-72.0,273,110,14:15:22,2012-07-30
439035,129770,-72.0,273,110,14:15:23,2012-07-30
439025,129785,-71.666664,273,110,14:15:24,2012-07-30
439010,129815,-71.0,273,110,14:15:26,2012-07-30
438995,129845,-70.0,273,110,14:15:27,2012-07-30
438985,129860,-68.5,273,110,14:15:28,2012-07-30
438975,129875,-67.0,273,110,14:15:29,2012-07-30
438975,129880,-65.800003,273,110,14:15:30,2012-07-30
438965,129895,-63.75,273,110,14:15:31,2012-07-30
438960,129905,-62.799999,273,110,14:15:33,2012-07-30
438950,129925,-62.0,273,110,14:15:33,2012-07-30
438940,129940,-61.75,273,110,14:15:34,2012-07-30
438930,129955,-61.0,273,110,14:15:35,2012-07-30
438930,129960,-61.0,273,110,14:15:35,2012-07-30
438920,129975,-61.0,273,110,14:15:37,2012-07-30
438905,130000,-60.375,273,110,14:15:38,2012-07-30
438890,130020,-60.200001,273,110,14:15:39,2012-07-30
438885,130025,-61.0,273,110,14:15:40,2012-07-30
438870,130040,-61.166668,273,110,14:15:41,2012-07-30
438860,130050,-62.0,273,110,14:15:42,2012-07-30
438855,130065,-62.0,273,110,14:15:42,2012-07-30
438850,130070,-61.599998,273,110,14:15:44,2012-07-30
438835,130090,-60.75,273,110,14:15:45,2012-07-30
438825,130115,-60.0,273,110,14:15:46,2012-07-30
438825,130120,-58.400002,273,110,14:15:47,2012-07-30
438815,130135,-55.75,273,110,14:15:48,2012-07-30
438810,130145,-55.0,273,110,14:15:49,2012-07-30
438805,130155,-54.5,273,110,14:15:49,2012-07-30
438800,130165,-53.0,273,110,14:15:50,2012-07-30
438790,130175,-52.5,273,110,14:15:51,2012-07-30
438785,130180,-51.0,273,110,14:15:52,2012-07-30
438780,130185,-51.0,273,110,14:15:52,2012-07-30
438785,130185,-51.0,273,110,14:15:52,2012-07-30
438780,130190,-51.0,273,110,14:15:53,2012-07-30
438775,130195,-51.0,273,110,14:15:53,2012-07-30
438770,130200,-51.25,273,110,14:15:54,2012-07-30
438760,130210,-52.0,273,110,14:15:54,2012-07-30
438755,130215,-51.5,273,110,14:15:55,2012-07-30
438745,130220,-50.75,273,110,14:15:57,2012-07-30
438740,130230,-50.0,273,110,14:15:57,2012-07-30
438730,130235,-49.75,273,110,14:15:58,2012-07-30
438720,130240,-49.0,273,110,14:15:59,2012-07-30
438715,130245,-48.75,273,110,14:15:59,2012-07-30
438710,130250,-48.0,273,110,14:16:00,2012-07-30
438705,130255,-47.75,273,110,14:16:01,2012-07-30
438695,130260,-47.0,273,110,14:16:01,2012-07-30
438690,130270,-47.25,273,110,14:16:02,2012-07-30
438685,130275,-48.0,273,110,14:16:03,2012-07-30
438680,130280,-48.5,273,110,14:16:04,2012-07-30
438675,130285,-50.0,273,110,14:16:04,2012-07-30
438670,130295,-52.5,273,110,14:16:05,2012-07-30
438670,130300,-52.0,273,110,14:16:06,2012-07-30
438665,130315,-55.0,273,110,14:16:07,2012-07-30
438665,130330,-56.0,273,110,14:16:08,2012-07-30
438660,130340,-57.0,273,110,14:16:09,2012-07-30
438660,130355,-57.285713,273,110,14:16:10,2012-07-30
438655,130375,-58.0,273,110,14:16:12,2012-07-30
438655,130380,-58.0,273,110,14:16:12,2012-07-30
438650,130390,-57.599998,273,110,14:16:13,2012-07-30
438650,130405,-56.0,273,110,14:16:14,2012-07-30
438645,130415,-55.75,273,110,14:16:15,2012-07-30
438635,130425,-55.0,273,110,14:16:16,2012-07-30
438625,130440,-55.0,273,110,14:16:18,2012-07-30
438620,130455,-55.25,273,110,14:16:19,2012-07-30
438605,130480,-57.200001,273,110,14:16:21,2012-07-30
438600,130485,-59.25,273,110,14:16:22,2012-07-30
438595,130495,-60.0,273,110,14:16:23,2012-07-30
438590,130505,-61.125,273,110,14:16:23,2012-07-30
438570,130525,-64.0,273,110,14:16:25,2012-07-30
438565,130535,-64.0,273,110,14:16:26,2012-07-30
438555,130545,-63.666668,273,110,14:16:28,2012-07-30
438545,130550,-63.0,273,110,14:16:28,2012-07-30
437685,130560,-67.0,273,110,14:17:38,2012-07-30
437700,130560,-66.25,273,110,14:17:37,2012-07-30
437715,130560,-66.0,273,110,14:17:36,2012-07-30
437730,130560,-66.75,273,110,14:17:35,2012-07-30
437740,130560,-67.0,273,110,14:17:35,2012-07-30
438540,130560,-64.714287,273,110,14:16:29,2012-07-30
437670,130565,-67.0,273,110,14:17:39,2012-07-30
437675,130565,-67.0,273,110,14:17:38,2012-07-30
437755,130565,-64.75,273,110,14:17:34,2012-07-30
437765,130565,-64.0,273,110,14:17:33,2012-07-30
437775,130565,-64.75,273,110,14:17:33,2012-07-30
437655,130570,-67.0,273,110,14:17:39,2012-07-30
437665,130570,-67.0,273,110,14:17:39,2012-07-30
437790,130570,-65.0,273,110,14:17:32,2012-07-30
438530,130570,-66.5,273,110,14:16:30,2012-07-30
437645,130575,-67.0,273,110,14:17:40,2012-07-30
437650,130575,-67.0,273,110,14:17:40,2012-07-30
437655,130575,-67.0,273,110,14:17:40,2012-07-30
437805,130575,-63.799999,273,110,14:17:31,2012-07-30
437640,130580,-67.0,273,110,14:17:40,2012-07-30
437820,130580,-63.0,273,110,14:17:30,2012-07-30
438520,130580,-67.800003,273,110,14:16:32,2012-07-30
437625,130585,-67.0,273,110,14:17:41,2012-07-30
437830,130585,-63.0,273,110,14:17:30,2012-07-30
438515,130585,-67.0,273,110,14:16:33,2012-07-30
437615,130590,-67.0,273,110,14:17:42,2012-07-30
437620,130590,-67.0,273,110,14:17:41,2012-07-30
437625,130590,-67.0,273,110,14:17:41,2012-07-30
437835,130590,-63.0,273,110,14:17:29,2012-07-30
437845,130590,-62.25,273,110,14:17:28,2012-07-30
437610,130595,-67.0,273,110,14:17:42,2012-07-30
438510,130595,-67.0,273,110,14:16:33,2012-07-30
437600,130600,-70.0,273,110,14:17:43,2012-07-30
437605,130600,-68.199997,273,110,14:17:42,2012-07-30
437590,130605,-70.0,273,110,14:17:43,2012-07-30
437595,130605,-70.0,273,110,14:17:43,2012-07-30
437865,130605,-63.5,273,110,14:17:27,2012-07-30
438500,130605,-67.0,273,110,14:16:34,2012-07-30
437585,130610,-70.0,273,110,14:17:43,2012-07-30
437880,130610,-64.0,273,110,14:17:26,2012-07-30
437575,130615,-70.0,273,110,14:17:44,2012-07-30
437885,130615,-64.0,273,110,14:17:26,2012-07-30
438485,130615,-67.0,273,110,14:16:35,2012-07-30
437565,130620,-70.0,273,110,14:17:44,2012-07-30
437570,130620,-70.0,273,110,14:17:44,2012-07-30
437895,130620,-64.0,273,110,14:17:25,2012-07-30
438480,130620,-66.5,273,110,14:16:36,2012-07-30
437560,130625,-70.0,273,110,14:17:45,2012-07-30
437900,130625,-63.25,273,110,14:17:24,2012-07-30
438460,130630,-64.285713,273,110,14:16:37,2012-07-30
437545,130635,-70.5,273,110,14:17:45,2012-07-30
437915,130635,-63.0,273,110,14:17:23,2012-07-30
438450,130635,-61.42857,273,110,14:16:39,2012-07-30
437535,130640,-72.0,273,110,14:17:46,2012-07-30
437925,130640,-63.799999,273,110,14:17:23,2012-07-30
438420,130640,-60.0,273,110,14:16:40,2012-07-30
438425,130640,-60.0,273,110,14:16:40,2012-07-30
438430,130640,-60.0,273,110,14:16:39,2012-07-30
437525,130645,-72.400002,273,110,14:17:47,2012-07-30
438400,130645,-60.0,273,110,14:16:42,2012-07-30
438410,130645,-60.0,273,110,14:16:41,2012-07-30
437935,130650,-64.0,273,110,14:17:21,2012-07-30
438385,130650,-60.0,273,110,14:16:43,2012-07-30
438395,130650,-60.0,273,110,14:16:42,2012-07-30
438400,130650,-60.0,273,110,14:16:42,2012-07-30
437510,130655,-73.0,273,110,14:17:48,2012-07-30
437945,130655,-62.666668,273,110,14:17:20,2012-07-30
438375,130655,-61.0,273,110,14:16:44,2012-07-30
438385,130655,-60.25,273,110,14:16:43,2012-07-30
437500,130660,-73.0,273,110,14:17:49,2012-07-30
438355,130660,-61.0,273,110,14:16:45,2012-07-30
438365,130660,-61.0,273,110,14:16:45,2012-07-30
437955,130665,-62.0,273,110,14:17:19,2012-07-30
438335,130665,-62.0,273,110,14:16:47,2012-07-30
438345,130665,-62.0,273,110,14:16:46,2012-07-30
438350,130665,-61.333332,273,110,14:16:46,2012-07-30
437965,130670,-62.0,273,110,14:17:18,2012-07-30
438325,130670,-63.0,273,110,14:16:48,2012-07-30
438330,130670,-62.25,273,110,14:16:47,2012-07-30
437480,130675,-72.5,273,110,14:17:50,2012-07-30
438315,130675,-63.25,273,110,14:16:49,2012-07-30
437980,130680,-62.0,273,110,14:17:17,2012-07-30
438295,130680,-63.75,273,110,14:16:50,2012-07-30
438305,130680,-64.0,273,110,14:16:50,2012-07-30
438290,130685,-63.0,273,110,14:16:51,2012-07-30
438295,130685,-63.0,273,110,14:16:51,2012-07-30
437990,130690,-62.599998,273,110,14:17:16,2012-07-30
438270,130690,-64.0,273,110,14:16:52,2012-07-30
438280,130690,-63.25,273,110,14:16:52,2012-07-30
437460,130695,-72.0,273,110,14:17:51,2012-07-30
438000,130695,-63.0,273,110,14:17:14,2012-07-30
438265,130695,-64.5,273,110,14:16:53,2012-07-30
437450,130700,-72.0,273,110,14:17:52,2012-07-30
438245,130700,-66.0,273,110,14:16:54,2012-07-30
438255,130700,-66.0,273,110,14:16:54,2012-07-30
438020,130705,-63.0,273,110,14:17:14,2012-07-30
438240,130705,-66.199997,273,110,14:16:55,2012-07-30
438030,130710,-65.5,273,110,14:17:13,2012-07-30
438225,130710,-67.400002,273,110,14:16:57,2012-07-30
438045,130715,-64.666664,273,110,14:17:11,2012-07-30
438215,130715,-69.0,273,110,14:16:58,2012-07-30
438060,130720,-65.199997,273,110,14:17:10,2012-07-30
438205,130720,-68.666664,273,110,14:16:59,2012-07-30
438075,130725,-66.0,273,110,14:17:09,2012-07-30
438180,130725,-67.0,273,110,14:17:01,2012-07-30
438190,130725,-67.75,273,110,14:17:00,2012-07-30
438090,130730,-65.199997,273,110,14:17:08,2012-07-30
438100,130730,-65.0,273,110,14:17:07,2012-07-30
438115,130730,-64.333336,273,110,14:17:06,2012-07-30
438140,130730,-66.400002,273,110,14:17:04,2012-07-30
438160,130730,-67.0,273,110,14:17:02,2012-07-30
437410,130735,-71.666664,273,110,14:17:54,2012-07-30
437405,130740,-71.5,273,110,14:17:55,2012-07-30
437390,130755,-73.0,273,110,14:17:56,2012-07-30
437375,130765,-73.25,273,110,14:17:57,2012-07-30
437360,130775,-74.400002,273,110,14:17:57,2012-07-30
437345,130790,-76.0,273,110,14:17:59,2012-07-30
437325,130800,-76.0,273,110,14:17:59,2012-07-30
437310,130810,-76.800003,273,110,14:18:01,2012-07-30
437295,130820,-78.0,273,110,14:18:02,2012-07-30
437270,130835,-77.800003,273,110,14:18:04,2012-07-30
437275,132870,-83.0,273,110,17:40:18,2012-07-27
437280,132870,-83.0,273,110,17:41:00,2012-07-27
437270,132875,-81.666664,273,110,17:40:17,2012-07-27
437260,132880,-81.0,273,110,17:40:15,2012-07-27
437265,132880,-81.0,273,110,17:41:02,2012-07-27
437260,132885,-81.0,273,110,17:41:04,2012-07-27
437250,132890,-81.0,273,110,17:40:13,2012-07-27
437245,132895,-81.0,273,110,17:40:11,2012-07-27
437265,133040,-89.666664,273,110,17:41:37,2012-07-27
437255,133045,-88.0,273,110,17:41:39,2012-07-27
437260,133045,-89.0,273,110,17:41:38,2012-07-27
437250,133050,-87.0,273,110,17:41:41,2012-07-27
437250,133055,-86.800003,273,110,17:41:42,2012-07-27
437240,133060,-85.199997,273,110,17:41:43,2012-07-27
437245,133060,-86.0,273,110,17:41:43,2012-07-27
437235,133065,-84.199997,273,110,17:41:44,2012-07-27
437230,133070,-85.0,273,110,17:41:46,2012-07-27
437230,133075,-84.333336,273,110,17:41:48,2012-07-27
437225,133085,-83.0,273,110,17:41:49,2012-07-27
437225,133090,-83.0,273,110,17:41:50,2012-07-27
437225,133095,-82.666664,273,110,17:41:50,2012-07-27
437220,133105,-82.0,273,110,17:41:52,2012-07-27
437220,133110,-82.0,273,110,17:41:53,2012-07-27
437220,133115,-83.14286,273,110,17:41:53,2012-07-27
437215,133120,-84.0,273,110,17:41:54,2012-07-27
437210,133125,-84.0,273,110,17:41:55,2012-07-27
437205,133130,-84.0,273,110,17:41:56,2012-07-27
437200,133135,-84.0,273,110,17:41:57,2012-07-27
437195,133140,-84.0,273,110,17:41:58,2012-07-27
437200,133140,-84.0,273,110,17:41:58,2012-07-27
437190,133145,-84.0,273,110,17:41:59,2012-07-27
437185,133150,-84.0,273,110,17:42:00,2012-07-27
437175,133155,-84.0,273,110,17:42:01,2012-07-27
437180,133155,-84.0,273,110,17:42:01,2012-07-27
437160,133160,-82.0,273,110,17:42:03,2012-07-27
437165,133160,-83.599998,273,110,17:42:03,2012-07-27
437170,133160,-84.0,273,110,17:42:03,2012-07-27
437150,133165,-84.0,273,110,17:42:05,2012-07-27
437155,133165,-82.5,273,110,17:42:05,2012-07-27
437145,133170,-84.0,273,110,17:42:06,2012-07-27
437130,133175,-83.599998,273,110,17:42:07,2012-07-27
437135,133175,-84.0,273,110,17:42:07,2012-07-27
435815,133760,-82.0,273,110,14:33:09,2012-07-30
435815,133765,-82.0,273,110,14:33:10,2012-07-30
435810,133770,-83.14286,273,110,14:33:10,2012-07-30
435810,133775,-84.0,273,110,14:33:11,2012-07-30
435810,133785,-84.5,273,110,14:33:12,2012-07-30
435805,133790,-86.0,273,110,14:33:12,2012-07-30
435805,133795,-86.0,273,110,14:33:13,2012-07-30
435800,133800,-86.0,273,110,14:33:13,2012-07-30
435800,133805,-86.0,273,110,14:33:14,2012-07-30
435795,133815,-85.75,273,110,14:33:15,2012-07-30
435795,133820,-85.0,273,110,14:33:15,2012-07-30
435790,133830,-85.25,273,110,14:33:16,2012-07-30
435785,133835,-86.0,273,110,14:33:17,2012-07-30
435785,133840,-86.25,273,110,14:33:17,2012-07-30
435780,133845,-87.0,273,110,14:33:18,2012-07-30
435775,133855,-87.0,273,110,14:33:19,2012-07-30
435770,133860,-87.0,273,110,14:33:20,2012-07-30
435765,133865,-87.0,273,110,14:33:20,2012-07-30
435770,133865,-87.0,273,110,14:33:20,2012-07-30
435765,133870,-87.0,273,110,14:33:21,2012-07-30
435760,133875,-87.0,273,110,14:33:21,2012-07-30
435750,133895,-87.0,273,110,14:33:23,2012-07-30
435750,133900,-87.0,273,110,14:33:23,2012-07-30
435745,133905,-87.0,273,110,14:33:24,2012-07-30
435740,133910,-87.0,273,110,14:33:25,2012-07-30
435745,133910,-87.0,273,110,14:33:25,2012-07-30
435740,133920,-87.0,273,110,14:33:26,2012-07-30
435735,133925,-87.0,273,110,14:33:26,2012-07-30
435735,133930,-87.0,273,110,14:33:26,2012-07-30
435730,133935,-87.0,273,110,14:33:27,2012-07-30
435730,133945,-87.0,273,110,14:33:28,2012-07-30
435725,133950,-87.0,273,110,14:33:28,2012-07-30
435725,133955,-87.0,273,110,14:33:29,2012-07-30
435720,133965,-85.666664,273,110,14:33:30,2012-07-30
435720,133970,-83.5,273,110,14:33:31,2012-07-30
435720,133975,-83.0,273,110,14:33:31,2012-07-30
435720,133980,-84.0,273,110,14:33:31,2012-07-30
435710,134005,-86.0,273,110,14:33:33,2012-07-30
435710,134020,-86.400002,273,110,14:33:34,2012-07-30
435705,134030,-87.25,273,110,14:33:35,2012-07-30
435700,134040,-87.5,273,110,14:33:37,2012-07-30
435695,134055,-87.0,273,110,14:33:38,2012-07-30
435690,134070,-87.0,273,110,14:33:39,2012-07-30
435685,134080,-86.5,273,110,14:33:39,2012-07-30
435680,134085,-86.0,273,110,14:33:41,2012-07-30
435670,134100,-86.0,273,110,14:33:43,2012-07-30
435665,134110,-86.0,273,110,14:33:43,2012-07-30
435660,134120,-86.25,273,110,14:33:44,2012-07-30
435650,134135,-87.0,273,110,14:33:45,2012-07-30
435650,134140,-87.0,273,110,14:33:45,2012-07-30
435640,134155,-87.333336,273,110,14:33:47,2012-07-30
435635,134165,-88.333336,273,110,14:33:48,2012-07-30
435630,134185,-89.0,273,110,14:33:50,2012-07-30
435630,134190,-90.0,273,110,14:33:51,2012-07-30
435630,134205,-90.0,273,110,14:33:52,2012-07-30
435625,134215,-90.0,273,110,14:33:53,2012-07-30
435625,134225,-90.0,273,110,14:33:54,2012-07-30
435625,134250,-86.0,273,110,14:33:57,2012-07-30
435625,134255,-86.0,273,110,14:33:57,2012-07-30
435630,134275,-86.0,273,110,14:33:59,2012-07-30
436775,134795,-66.0,273,110,14:36:29,2012-07-30
436775,134800,-66.0,273,110,14:36:29,2012-07-30
436770,134810,-66.0,273,110,14:36:28,2012-07-30
