455460,118540,-86.0,1159,118,18:45:13,2012-07-31
458180,118555,-92.0,1159,118,14:51:59,2012-07-30
455460,118565,-85.0,1159,118,18:45:15,2012-07-31
455460,118570,-85.0,1159,118,18:45:15,2012-07-31
455460,118575,-84.666664,1159,118,18:45:16,2012-07-31
455460,118580,-84.0,1159,118,18:45:16,2012-07-31
458155,118580,-92.0,1159,118,14:51:58,2012-07-30
455460,118585,-84.0,1159,118,18:45:16,2012-07-31
455460,118590,-84.0,1159,118,18:45:16,2012-07-31
455460,118595,-84.0,1159,118,18:45:17,2012-07-31
455465,118595,-84.0,1159,118,18:45:17,2012-07-31
458130,118600,-80.0,1159,118,14:51:57,2012-07-30
455465,118605,-84.0,1159,118,18:45:17,2012-07-31
455470,118630,-84.0,1159,118,18:45:19,2012-07-31
458095,118635,-77.0,1159,118,14:51:56,2012-07-30
455470,118645,-84.0,1159,118,18:45:20,2012-07-31
455470,118650,-84.0,1159,118,18:45:20,2012-07-31
455470,118655,-84.0,1159,118,18:45:20,2012-07-31
458070,118660,-77.0,1159,118,14:51:55,2012-07-30
455470,118665,-84.0,1159,118,18:45:21,2012-07-31
455470,118675,-84.0,1159,118,18:45:22,2012-07-31
458045,118685,-77.0,1159,118,14:51:55,2012-07-30
455470,118700,-84.0,1159,118,18:45:23,2012-07-31
455475,118710,-84.0,1159,118,18:45:24,2012-07-31
458020,118710,-77.0,1159,118,14:51:53,2012-07-30
455475,118720,-82.5,1159,118,18:45:25,2012-07-31
455480,118730,-78.0,1159,118,18:45:25,2012-07-31
457995,118730,-77.0,1159,118,14:51:52,2012-07-30
455485,118740,-78.25,1159,118,18:45:26,2012-07-31
455490,118745,-79.0,1159,118,18:45:27,2012-07-31
455500,118755,-79.0,1159,118,18:45:27,2012-07-31
455515,118775,-78.333336,1159,118,18:45:29,2012-07-31
455520,118785,-77.0,1159,118,18:45:30,2012-07-31
455530,118790,-77.75,1159,118,18:45:30,2012-07-31
455535,118800,-80.0,1159,118,18:45:31,2012-07-31
455535,118805,-79.599998,1159,118,18:45:32,2012-07-31
455545,118815,-78.333336,1159,118,18:45:33,2012-07-31
455555,118820,-79.0,1159,118,18:45:33,2012-07-31
455555,118825,-77.0,1159,118,18:45:34,2012-07-31
455565,118835,-77.400002,1159,118,18:45:35,2012-07-31
455580,118855,-77.666664,1159,118,18:45:36,2012-07-31
455585,118865,-74.85714,1159,118,18:45:37,2012-07-31
455595,118875,-74.400002,1159,118,18:45:38,2012-07-31
455610,118895,-75.166664,1159,118,18:45:39,2012-07-31
455620,118905,-76.0,1159,118,18:45:40,2012-07-31
455625,118915,-76.5,1159,118,18:45:42,2012-07-31
455635,118925,-78.25,1159,118,18:45:42,2012-07-31
455645,118940,-79.5,1159,118,18:45:44,2012-07-31
455660,118955,-81.0,1159,118,18:45:45,2012-07-31
454630,118965,-87.0,1159,118,18:47:58,2012-07-31
455665,118965,-81.400002,1159,118,18:45:46,2012-07-31
454645,118970,-87.0,1159,118,18:47:57,2012-07-31
454670,118970,-87.0,1159,118,18:47:57,2012-07-31
455675,118975,-82.5,1159,118,18:45:47,2012-07-31
454490,118980,-73.0,1159,118,18:48:08,2012-07-31
454475,118985,-72.777779,1159,118,18:48:09,2012-07-31
455680,118985,-84.0,1159,118,18:45:48,2012-07-31
454450,118990,-72.0,1159,118,18:48:10,2012-07-31
454435,119000,-70.800003,1159,118,18:48:11,2012-07-31
455695,119000,-86.0,1159,118,18:45:50,2012-07-31
454000,119005,-79.0,1159,118,18:48:38,2012-07-31
454005,119005,-78.333336,1159,118,18:48:38,2012-07-31
454420,119005,-68.199997,1159,118,18:48:12,2012-07-31
455700,119005,-88.25,1159,118,18:45:51,2012-07-31
454010,119010,-78.0,1159,118,18:48:37,2012-07-31
455705,119010,-89.0,1159,118,18:45:52,2012-07-31
454400,119015,-66.599998,1159,118,18:48:14,2012-07-31
455710,119015,-89.0,1159,118,18:45:53,2012-07-31
454025,119020,-78.75,1159,118,18:48:36,2012-07-31
454380,119020,-66.333336,1159,118,18:48:15,2012-07-31
454340,119025,-67.0,1159,118,18:48:17,2012-07-31
454355,119025,-67.0,1159,118,18:48:16,2012-07-31
455065,119025,-85.0,1159,118,18:47:29,2012-07-31
454035,119030,-79.0,1159,118,18:48:36,2012-07-31
454305,119030,-68.666664,1159,118,18:48:19,2012-07-31
454320,119030,-67.400002,1159,118,18:48:18,2012-07-31
455075,119030,-85.0,1159,118,18:47:28,2012-07-31
454040,119035,-77.5,1159,118,18:48:35,2012-07-31
454285,119035,-70.400002,1159,118,18:48:20,2012-07-31
455725,119035,-90.0,1159,118,18:45:56,2012-07-31
454050,119040,-77.0,1159,118,18:48:34,2012-07-31
454250,119040,-72.0,1159,118,18:48:22,2012-07-31
454270,119040,-72.0,1159,118,18:48:21,2012-07-31
455100,119040,-86.0,1159,118,18:47:26,2012-07-31
454060,119045,-76.25,1159,118,18:48:34,2012-07-31
454215,119045,-72.25,1159,118,18:48:24,2012-07-31
455735,119045,-89.5,1159,118,18:45:57,2012-07-31
454195,119050,-72.666664,1159,118,18:48:25,2012-07-31
454210,119050,-73.0,1159,118,18:48:24,2012-07-31
455110,119050,-86.0,1159,118,18:47:26,2012-07-31
455120,119050,-86.0,1159,118,18:47:24,2012-07-31
455740,119050,-88.0,1159,118,18:45:58,2012-07-31
454070,119055,-76.0,1159,118,18:48:33,2012-07-31
454080,119055,-74.0,1159,118,18:48:32,2012-07-31
454155,119055,-73.0,1159,118,18:48:27,2012-07-31
454160,119055,-73.0,1159,118,18:48:27,2012-07-31
454165,119055,-72.25,1159,118,18:48:26,2012-07-31
455745,119055,-87.5,1159,118,18:45:59,2012-07-31
454090,119060,-73.0,1159,118,18:48:31,2012-07-31
454100,119060,-73.75,1159,118,18:48:31,2012-07-31
454105,119060,-74.0,1159,118,18:48:30,2012-07-31
454110,119060,-74.0,1159,118,18:48:30,2012-07-31
454115,119060,-74.0,1159,118,18:48:30,2012-07-31
454120,119060,-73.25,1159,118,18:48:29,2012-07-31
454130,119060,-73.0,1159,118,18:48:29,2012-07-31
454135,119060,-73.0,1159,118,18:48:28,2012-07-31
454145,119060,-73.0,1159,118,18:48:28,2012-07-31
454155,119060,-73.0,1159,118,18:48:27,2012-07-31
455140,119065,-84.666664,1159,118,18:47:23,2012-07-31
455755,119065,-86.333336,1159,118,18:46:00,2012-07-31
455155,119070,-82.666664,1159,118,18:47:21,2012-07-31
455165,119075,-81.0,1159,118,18:47:20,2012-07-31
455175,119080,-80.0,1159,118,18:47:19,2012-07-31
455760,119085,-86.666664,1159,118,18:46:01,2012-07-31
455765,119090,-86.0,1159,118,18:46:02,2012-07-31
455195,119095,-80.0,1159,118,18:47:18,2012-07-31
455765,119095,-86.25,1159,118,18:46:03,2012-07-31
455205,119100,-80.833336,1159,118,18:47:18,2012-07-31
455770,119105,-87.0,1159,118,18:46:03,2012-07-31
455215,119110,-82.5,1159,118,18:47:16,2012-07-31
455770,119115,-87.25,1159,118,18:46:04,2012-07-31
455220,119120,-83.0,1159,118,18:47:15,2012-07-31
455775,119125,-88.0,1159,118,18:46:05,2012-07-31
455780,119130,-88.0,1159,118,18:46:06,2012-07-31
455230,119135,-83.0,1159,118,18:47:14,2012-07-31
455785,119140,-88.0,1159,118,18:46:06,2012-07-31
455785,119145,-87.25,1159,118,18:46:07,2012-07-31
455240,119150,-83.0,1159,118,18:47:13,2012-07-31
455790,119150,-85.0,1159,118,18:46:07,2012-07-31
455790,119155,-85.0,1159,118,18:46:08,2012-07-31
455250,119160,-83.0,1159,118,18:47:11,2012-07-31
455795,119160,-85.199997,1159,118,18:46:08,2012-07-31
455800,119170,-86.0,1159,118,18:46:09,2012-07-31
455275,119180,-83.0,1159,118,18:47:09,2012-07-31
455290,119180,-83.800003,1159,118,18:47:08,2012-07-31
455805,119180,-85.25,1159,118,18:46:10,2012-07-31
455300,119185,-85.0,1159,118,18:47:07,2012-07-31
455310,119185,-85.800003,1159,118,18:47:06,2012-07-31
455320,119185,-87.5,1159,118,18:47:05,2012-07-31
455330,119185,-88.666664,1159,118,18:47:03,2012-07-31
455345,119185,-90.5,1159,118,18:47:02,2012-07-31
455355,119185,-91.0,1159,118,18:47:01,2012-07-31
455810,119185,-83.0,1159,118,18:46:10,2012-07-31
455360,119190,-92.5,1159,118,18:47:01,2012-07-31
455810,119190,-82.5,1159,118,18:46:11,2012-07-31
455375,119195,-93.0,1159,118,18:46:59,2012-07-31
455385,119195,-93.0,1159,118,18:46:59,2012-07-31
455815,119195,-81.0,1159,118,18:46:12,2012-07-31
455390,119200,-90.75,1159,118,18:46:58,2012-07-31
455405,119205,-90.0,1159,118,18:46:56,2012-07-31
455415,119205,-90.0,1159,118,18:46:56,2012-07-31
455815,119205,-81.666664,1159,118,18:46:13,2012-07-31
455425,119210,-89.333336,1159,118,18:46:55,2012-07-31
455430,119210,-89.0,1159,118,18:46:54,2012-07-31
455820,119210,-83.0,1159,118,18:46:13,2012-07-31
455435,119215,-89.0,1159,118,18:46:54,2012-07-31
455445,119215,-89.0,1159,118,18:46:53,2012-07-31
455820,119215,-83.25,1159,118,18:46:14,2012-07-31
455455,119220,-90.5,1159,118,18:46:52,2012-07-31
455465,119220,-91.0,1159,118,18:46:51,2012-07-31
455820,119220,-81.888885,1159,118,18:46:15,2012-07-31
455470,119225,-91.75,1159,118,18:46:51,2012-07-31
455810,119225,-79.0,1159,118,18:46:20,2012-07-31
455815,119225,-81.400002,1159,118,18:46:20,2012-07-31
455820,119225,-82.0,1159,118,18:46:18,2012-07-31
455485,119230,-92.0,1159,118,18:46:49,2012-07-31
455795,119230,-78.333336,1159,118,18:46:22,2012-07-31
455805,119230,-78.599998,1159,118,18:46:21,2012-07-31
455495,119235,-92.0,1159,118,18:46:49,2012-07-31
455785,119235,-79.400002,1159,118,18:46:23,2012-07-31
455515,119240,-91.14286,1159,118,18:46:47,2012-07-31
455760,119240,-82.0,1159,118,18:46:25,2012-07-31
455770,119240,-81.0,1159,118,18:46:25,2012-07-31
455525,119245,-90.166664,1159,118,18:46:46,2012-07-31
455735,119245,-84.666664,1159,118,18:46:28,2012-07-31
455750,119245,-83.199997,1159,118,18:46:27,2012-07-31
455725,119250,-85.599998,1159,118,18:46:29,2012-07-31
455535,119255,-87.333336,1159,118,18:46:45,2012-07-31
455695,119255,-84.0,1159,118,18:46:31,2012-07-31
455705,119255,-84.0,1159,118,18:46:30,2012-07-31
455550,119260,-86.75,1159,118,18:46:44,2012-07-31
455670,119260,-82.0,1159,118,18:46:34,2012-07-31
455680,119260,-83.5,1159,118,18:46:32,2012-07-31
455560,119265,-85.5,1159,118,18:46:42,2012-07-31
455640,119265,-81.5,1159,118,18:46:35,2012-07-31
455655,119265,-82.0,1159,118,18:46:34,2012-07-31
455580,119270,-84.0,1159,118,18:46:41,2012-07-31
455590,119270,-83.25,1159,118,18:46:41,2012-07-31
455605,119270,-82.199997,1159,118,18:46:39,2012-07-31
455615,119270,-82.666664,1159,118,18:46:38,2012-07-31
455630,119270,-82.14286,1159,118,18:46:37,2012-07-31
456595,119925,-55.0,1159,118,14:50:59,2012-07-30
456580,119940,-55.0,1159,118,14:50:58,2012-07-30
456560,119955,-55.0,1159,118,14:50:57,2012-07-30
456545,119970,-55.0,1159,118,14:50:56,2012-07-30
456525,119980,-55.0,1159,118,14:50:56,2012-07-30
456505,120000,-55.0,1159,118,14:50:55,2012-07-30
456495,120005,-55.0,1159,118,14:50:54,2012-07-30
456490,120010,-55.0,1159,118,14:50:54,2012-07-30
456450,120040,-55.0,1159,118,14:50:53,2012-07-30
456410,120070,-55.0,1159,118,14:50:52,2012-07-30
456400,120075,-55.0,1159,118,14:50:51,2012-07-30
456390,120080,-55.0,1159,118,14:50:51,2012-07-30
456395,120080,-55.0,1159,118,14:50:51,2012-07-30
456385,120085,-56.5,1159,118,14:50:50,2012-07-30
456380,120090,-57.0,1159,118,14:50:50,2012-07-30
456370,120095,-57.0,1159,118,14:50:50,2012-07-30
456365,120100,-57.0,1159,118,14:50:50,2012-07-30
456355,120105,-57.0,1159,118,14:50:49,2012-07-30
456345,120115,-57.75,1159,118,14:50:49,2012-07-30
456325,120130,-58.0,1159,118,14:50:48,2012-07-30
456305,120145,-62.5,1159,118,14:50:48,2012-07-30
456285,120160,-64.0,1159,118,14:50:47,2012-07-30
456265,120175,-67.333336,1159,118,14:50:46,2012-07-30
456245,120190,-69.0,1159,118,14:50:46,2012-07-30
456220,120210,-67.5,1159,118,14:50:45,2012-07-30
456195,120225,-67.0,1159,118,14:50:44,2012-07-30
456190,120230,-71.0,1159,118,14:50:43,2012-07-30
456165,120250,-73.0,1159,118,14:50:43,2012-07-30
456140,120265,-74.5,1159,118,14:50:42,2012-07-30
456130,120270,-75.0,1159,118,14:50:42,2012-07-30
456120,120280,-75.0,1159,118,14:50:41,2012-07-30
456110,120285,-75.0,1159,118,14:50:41,2012-07-30
456115,120285,-75.0,1159,118,14:50:41,2012-07-30
456100,120295,-75.666664,1159,118,14:50:41,2012-07-30
456065,120320,-75.25,1159,118,14:50:39,2012-07-30
456055,120330,-75.0,1159,118,14:50:38,2012-07-30
456040,120340,-76.5,1159,118,14:50:38,2012-07-30
455965,120395,-75.400002,1159,118,14:50:35,2012-07-30
455940,120415,-75.0,1159,118,14:50:35,2012-07-30
455910,120435,-75.0,1159,118,14:50:34,2012-07-30
455870,120465,-76.5,1159,118,14:50:32,2012-07-30
455815,120505,-78.0,1159,118,14:50:31,2012-07-30
455785,120525,-78.666664,1159,118,14:50:29,2012-07-30
455760,120545,-79.599998,1159,118,14:50:28,2012-07-30
455730,120565,-80.0,1159,118,14:50:27,2012-07-30
455715,120575,-80.75,1159,118,14:50:26,2012-07-30
455660,120615,-80.400002,1159,118,14:50:24,2012-07-30
455635,120635,-79.25,1159,118,14:50:24,2012-07-30
455605,120655,-79.0,1159,118,14:50:23,2012-07-30
455580,120675,-79.666664,1159,118,14:50:22,2012-07-30
455550,120695,-79.333336,1159,118,14:50:21,2012-07-30
455525,120715,-79.0,1159,118,14:50:19,2012-07-30
455465,120755,-78.25,1159,118,14:50:18,2012-07-30
455440,120775,-77.25,1159,118,14:50:17,2012-07-30
455385,120820,-78.14286,1159,118,14:50:14,2012-07-30
453460,124355,-75.666664,1159,118,18:40:55,2012-07-27
453455,124360,-75.0,1159,118,18:40:54,2012-07-27
453440,124365,-67.0,1159,118,18:40:52,2012-07-27
453445,124365,-69.666664,1159,118,18:40:53,2012-07-27
453425,124375,-67.0,1159,118,18:40:49,2012-07-27
453430,124375,-67.0,1159,118,18:40:50,2012-07-27
453055,124915,-70.888885,1159,118,18:39:39,2012-07-27
453050,124930,-70.0,1159,118,18:39:38,2012-07-27
453045,124945,-69.400002,1159,118,18:39:36,2012-07-27
453045,124955,-69.0,1159,118,18:39:35,2012-07-27
453040,124965,-69.0,1159,118,18:39:34,2012-07-27
453035,124970,-69.0,1159,118,18:39:33,2012-07-27
453040,124970,-69.0,1159,118,18:39:33,2012-07-27
453035,124975,-69.0,1159,118,18:39:33,2012-07-27
453030,124980,-67.666664,1159,118,18:39:32,2012-07-27
453030,124985,-67.0,1159,118,18:39:31,2012-07-27
453030,124990,-67.0,1159,118,18:39:31,2012-07-27
453025,124995,-65.5,1159,118,18:39:30,2012-07-27
453020,125000,-65.0,1159,118,18:39:30,2012-07-27
453020,125005,-65.0,1159,118,18:39:29,2012-07-27
453015,125015,-65.0,1159,118,18:39:28,2012-07-27
453010,125020,-63.5,1159,118,18:39:28,2012-07-27
453005,125025,-63.0,1159,118,18:39:27,2012-07-27
452995,125030,-61.5,1159,118,18:39:26,2012-07-27
452985,125040,-61.0,1159,118,18:39:25,2012-07-27
452975,125045,-59.5,1159,118,18:39:23,2012-07-27
452980,125045,-61.0,1159,118,18:39:24,2012-07-27
452965,125050,-59.0,1159,118,18:39:23,2012-07-27
452960,125055,-54.5,1159,118,18:39:22,2012-07-27
452945,125060,-50.0,1159,118,18:39:21,2012-07-27
452935,125065,-49.0,1159,118,18:39:20,2012-07-27
452925,125070,-46.0,1159,118,18:39:18,2012-07-27
452930,125070,-46.75,1159,118,18:39:19,2012-07-27
452915,125075,-43.75,1159,118,18:39:18,2012-07-27
452900,125080,-42.400002,1159,118,18:39:16,2012-07-27
452880,125085,-41.200001,1159,118,18:39:14,2012-07-27
452890,125085,-42.0,1159,118,18:39:16,2012-07-27
452870,125090,-40.400002,1159,118,18:39:14,2012-07-27
452855,125095,-38.5,1159,118,18:39:12,2012-07-27
452850,125100,-38.0,1159,118,18:39:11,2012-07-27
452830,125110,-38.0,1159,118,18:39:09,2012-07-27
452820,125115,-40.25,1159,118,18:39:08,2012-07-27
452795,125120,-42.599998,1159,118,18:39:06,2012-07-27
452785,125125,-44.5,1159,118,18:39:05,2012-07-27
452775,125130,-45.666668,1159,118,18:39:04,2012-07-27
452760,125135,-46.0,1159,118,18:39:03,2012-07-27
452745,125140,-46.0,1159,118,18:39:02,2012-07-27
452725,125150,-46.0,1159,118,18:39:00,2012-07-27
452710,125155,-46.0,1159,118,18:38:59,2012-07-27
452695,125165,-46.0,1159,118,18:38:58,2012-07-27
452655,125185,-46.0,1159,118,18:38:57,2012-07-27
455695,129175,-66.400002,1159,118,13:53:56,2012-07-31
455695,129185,-66.0,1159,118,13:53:55,2012-07-31
455670,129205,-59.0,1159,118,13:53:51,2012-07-31
455650,129220,-58.142857,1159,118,13:53:49,2012-07-31
455640,129225,-56.0,1159,118,13:53:49,2012-07-31
455635,129230,-56.0,1159,118,13:53:48,2012-07-31
455640,129230,-56.666668,1159,118,13:53:49,2012-07-31
455635,129235,-56.75,1159,118,13:53:47,2012-07-31
455625,129245,-57.0,1159,118,13:53:46,2012-07-31
455620,129255,-62.0,1159,118,13:53:46,2012-07-31
455615,129260,-62.0,1159,118,13:53:45,2012-07-31
455605,129275,-62.0,1159,118,13:53:44,2012-07-31
455600,129285,-62.0,1159,118,13:53:44,2012-07-31
455595,129295,-62.0,1159,118,13:53:43,2012-07-31
455590,129305,-62.0,1159,118,13:53:42,2012-07-31
455590,129310,-62.0,1159,118,13:53:42,2012-07-31
455585,129315,-62.0,1159,118,13:53:42,2012-07-31
455580,129325,-62.0,1159,118,13:53:41,2012-07-31
455575,129335,-62.0,1159,118,13:53:40,2012-07-31
455570,129345,-62.0,1159,118,13:53:39,2012-07-31
455570,129350,-62.0,1159,118,13:53:39,2012-07-31
455570,129355,-62.0,1159,118,13:53:39,2012-07-31
455565,129360,-62.0,1159,118,13:53:38,2012-07-31
455565,129370,-64.0,1159,118,13:53:38,2012-07-31
455560,129375,-64.0,1159,118,13:53:37,2012-07-31
455560,129380,-64.0,1159,118,13:53:37,2012-07-31
455560,129385,-67.75,1159,118,13:53:37,2012-07-31
455555,129400,-69.0,1159,118,13:53:36,2012-07-31
455550,129410,-70.5,1159,118,13:53:35,2012-07-31
455550,129420,-71.0,1159,118,13:53:35,2012-07-31
455545,129430,-71.75,1159,118,13:53:34,2012-07-31
455540,129445,-72.0,1159,118,13:53:33,2012-07-31
455540,129450,-72.0,1159,118,13:53:32,2012-07-31
455535,129460,-72.0,1159,118,13:53:32,2012-07-31
455530,129470,-72.75,1159,118,13:53:31,2012-07-31
455530,129485,-73.0,1159,118,13:53:30,2012-07-31
455525,129495,-73.0,1159,118,13:53:30,2012-07-31
455520,129505,-73.0,1159,118,13:53:29,2012-07-31
455515,129520,-73.0,1159,118,13:53:28,2012-07-31
455510,129530,-73.0,1159,118,13:53:27,2012-07-31
455510,129540,-74.5,1159,118,13:53:27,2012-07-31
455505,129545,-75.0,1159,118,13:53:26,2012-07-31
455510,129545,-75.0,1159,118,13:53:27,2012-07-31
455505,129550,-75.0,1159,118,13:53:26,2012-07-31
455505,129555,-75.0,1159,118,13:53:26,2012-07-31
455500,129560,-72.0,1159,118,13:53:25,2012-07-31
455460,118540,-86.0,1159,118,18:45:13,2012-07-31
458180,118555,-92.0,1159,118,14:51:59,2012-07-30
455460,118565,-85.0,1159,118,18:45:15,2012-07-31
455460,118570,-85.0,1159,118,18:45:15,2012-07-31
455460,118575,-84.666664,1159,118,18:45:16,2012-07-31
455460,118580,-84.0,1159,118,18:45:16,2012-07-31
458155,118580,-92.0,1159,118,14:51:58,2012-07-30
455460,118585,-84.0,1159,118,18:45:16,2012-07-31
455460,118590,-84.0,1159,118,18:45:16,2012-07-31
455460,118595,-84.0,1159,118,18:45:17,2012-07-31
455465,118595,-84.0,1159,118,18:45:17,2012-07-31
458130,118600,-80.0,1159,118,14:51:57,2012-07-30
455465,118605,-84.0,1159,118,18:45:17,2012-07-31
455470,118630,-84.0,1159,118,18:45:19,2012-07-31
458095,118635,-77.0,1159,118,14:51:56,2012-07-30
455470,118645,-84.0,1159,118,18:45:20,2012-07-31
455470,118650,-84.0,1159,118,18:45:20,2012-07-31
455470,118655,-84.0,1159,118,18:45:20,2012-07-31
458070,118660,-77.0,1159,118,14:51:55,2012-07-30
455470,118665,-84.0,1159,118,18:45:21,2012-07-31
455470,118675,-84.0,1159,118,18:45:22,2012-07-31
458045,118685,-77.0,1159,118,14:51:55,2012-07-30
455470,118700,-84.0,1159,118,18:45:23,2012-07-31
455475,118710,-84.0,1159,118,18:45:24,2012-07-31
458020,118710,-77.0,1159,118,14:51:53,2012-07-30
455475,118720,-82.5,1159,118,18:45:25,2012-07-31
455480,118730,-78.0,1159,118,18:45:25,2012-07-31
457995,118730,-77.0,1159,118,14:51:52,2012-07-30
455485,118740,-78.25,1159,118,18:45:26,2012-07-31
455490,118745,-79.0,1159,118,18:45:27,2012-07-31
455500,118755,-79.0,1159,118,18:45:27,2012-07-31
455515,118775,-78.333336,1159,118,18:45:29,2012-07-31
455520,118785,-77.0,1159,118,18:45:30,2012-07-31
455530,118790,-77.75,1159,118,18:45:30,2012-07-31
455535,118800,-80.0,1159,118,18:45:31,2012-07-31
455535,118805,-79.599998,1159,118,18:45:32,2012-07-31
455545,118815,-78.333336,1159,118,18:45:33,2012-07-31
455555,118820,-79.0,1159,118,18:45:33,2012-07-31
455555,118825,-77.0,1159,118,18:45:34,2012-07-31
455565,118835,-77.400002,1159,118,18:45:35,2012-07-31
455580,118855,-77.666664,1159,118,18:45:36,2012-07-31
455585,118865,-74.85714,1159,118,18:45:37,2012-07-31
455595,118875,-74.400002,1159,118,18:45:38,2012-07-31
455610,118895,-75.166664,1159,118,18:45:39,2012-07-31
455620,118905,-76.0,1159,118,18:45:40,2012-07-31
455625,118915,-76.5,1159,118,18:45:42,2012-07-31
455635,118925,-78.25,1159,118,18:45:42,2012-07-31
455645,118940,-79.5,1159,118,18:45:44,2012-07-31
455660,118955,-81.0,1159,118,18:45:45,2012-07-31
454630,118965,-87.0,1159,118,18:47:58,2012-07-31
455665,118965,-81.400002,1159,118,18:45:46,2012-07-31
454645,118970,-87.0,1159,118,18:47:57,2012-07-31
454670,118970,-87.0,1159,118,18:47:57,2012-07-31
455675,118975,-82.5,1159,118,18:45:47,2012-07-31
454490,118980,-73.0,1159,118,18:48:08,2012-07-31
454475,118985,-72.777779,1159,118,18:48:09,2012-07-31
455680,118985,-84.0,1159,118,18:45:48,2012-07-31
454450,118990,-72.0,1159,118,18:48:10,2012-07-31
454435,119000,-70.800003,1159,118,18:48:11,2012-07-31
455695,119000,-86.0,1159,118,18:45:50,2012-07-31
454000,119005,-79.0,1159,118,18:48:38,2012-07-31
454005,119005,-78.333336,1159,118,18:48:38,2012-07-31
454420,119005,-68.199997,1159,118,18:48:12,2012-07-31
455700,119005,-88.25,1159,118,18:45:51,2012-07-31
454010,119010,-78.0,1159,118,18:48:37,2012-07-31
455705,119010,-89.0,1159,118,18:45:52,2012-07-31
454400,119015,-66.599998,1159,118,18:48:14,2012-07-31
455710,119015,-89.0,1159,118,18:45:53,2012-07-31
454025,119020,-78.75,1159,118,18:48:36,2012-07-31
454380,119020,-66.333336,1159,118,18:48:15,2012-07-31
454340,119025,-67.0,1159,118,18:48:17,2012-07-31
454355,119025,-67.0,1159,118,18:48:16,2012-07-31
455065,119025,-85.0,1159,118,18:47:29,2012-07-31
454035,119030,-79.0,1159,118,18:48:36,2012-07-31
454305,119030,-68.666664,1159,118,18:48:19,2012-07-31
454320,119030,-67.400002,1159,118,18:48:18,2012-07-31
455075,119030,-85.0,1159,118,18:47:28,2012-07-31
454040,119035,-77.5,1159,118,18:48:35,2012-07-31
454285,119035,-70.400002,1159,118,18:48:20,2012-07-31
455725,119035,-90.0,1159,118,18:45:56,2012-07-31
454050,119040,-77.0,1159,118,18:48:34,2012-07-31
454250,119040,-72.0,1159,118,18:48:22,2012-07-31
454270,119040,-72.0,1159,118,18:48:21,2012-07-31
455100,119040,-86.0,1159,118,18:47:26,2012-07-31
454060,119045,-76.25,1159,118,18:48:34,2012-07-31
454215,119045,-72.25,1159,118,18:48:24,2012-07-31
455735,119045,-89.5,1159,118,18:45:57,2012-07-31
454195,119050,-72.666664,1159,118,18:48:25,2012-07-31
454210,119050,-73.0,1159,118,18:48:24,2012-07-31
455110,119050,-86.0,1159,118,18:47:26,2012-07-31
455120,119050,-86.0,1159,118,18:47:24,2012-07-31
455740,119050,-88.0,1159,118,18:45:58,2012-07-31
454070,119055,-76.0,1159,118,18:48:33,2012-07-31
454080,119055,-74.0,1159,118,18:48:32,2012-07-31
454155,119055,-73.0,1159,118,18:48:27,2012-07-31
454160,119055,-73.0,1159,118,18:48:27,2012-07-31
454165,119055,-72.25,1159,118,18:48:26,2012-07-31
455745,119055,-87.5,1159,118,18:45:59,2012-07-31
454090,119060,-73.0,1159,118,18:48:31,2012-07-31
454100,119060,-73.75,1159,118,18:48:31,2012-07-31
454105,119060,-74.0,1159,118,18:48:30,2012-07-31
454110,119060,-74.0,1159,118,18:48:30,2012-07-31
454115,119060,-74.0,1159,118,18:48:30,2012-07-31
454120,119060,-73.25,1159,118,18:48:29,2012-07-31
454130,119060,-73.0,1159,118,18:48:29,2012-07-31
454135,119060,-73.0,1159,118,18:48:28,2012-07-31
454145,119060,-73.0,1159,118,18:48:28,2012-07-31
454155,119060,-73.0,1159,118,18:48:27,2012-07-31
455140,119065,-84.666664,1159,118,18:47:23,2012-07-31
455755,119065,-86.333336,1159,118,18:46:00,2012-07-31
455155,119070,-82.666664,1159,118,18:47:21,2012-07-31
455165,119075,-81.0,1159,118,18:47:20,2012-07-31
455175,119080,-80.0,1159,118,18:47:19,2012-07-31
455760,119085,-86.666664,1159,118,18:46:01,2012-07-31
455765,119090,-86.0,1159,118,18:46:02,2012-07-31
455195,119095,-80.0,1159,118,18:47:18,2012-07-31
455765,119095,-86.25,1159,118,18:46:03,2012-07-31
455205,119100,-80.833336,1159,118,18:47:18,2012-07-31
455770,119105,-87.0,1159,118,18:46:03,2012-07-31
455215,119110,-82.5,1159,118,18:47:16,2012-07-31
455770,119115,-87.25,1159,118,18:46:04,2012-07-31
455220,119120,-83.0,1159,118,18:47:15,2012-07-31
455775,119125,-88.0,1159,118,18:46:05,2012-07-31
455780,119130,-88.0,1159,118,18:46:06,2012-07-31
455230,119135,-83.0,1159,118,18:47:14,2012-07-31
455785,119140,-88.0,1159,118,18:46:06,2012-07-31
455785,119145,-87.25,1159,118,18:46:07,2012-07-31
455240,119150,-83.0,1159,118,18:47:13,2012-07-31
455790,119150,-85.0,1159,118,18:46:07,2012-07-31
455790,119155,-85.0,1159,118,18:46:08,2012-07-31
455250,119160,-83.0,1159,118,18:47:11,2012-07-31
455795,119160,-85.199997,1159,118,18:46:08,2012-07-31
455800,119170,-86.0,1159,118,18:46:09,2012-07-31
455275,119180,-83.0,1159,118,18:47:09,2012-07-31
455290,119180,-83.800003,1159,118,18:47:08,2012-07-31
455805,119180,-85.25,1159,118,18:46:10,2012-07-31
455300,119185,-85.0,1159,118,18:47:07,2012-07-31
455310,119185,-85.800003,1159,118,18:47:06,2012-07-31
455320,119185,-87.5,1159,118,18:47:05,2012-07-31
455330,119185,-88.666664,1159,118,18:47:03,2012-07-31
455345,119185,-90.5,1159,118,18:47:02,2012-07-31
455355,119185,-91.0,1159,118,18:47:01,2012-07-31
455810,119185,-83.0,1159,118,18:46:10,2012-07-31
455360,119190,-92.5,1159,118,18:47:01,2012-07-31
455810,119190,-82.5,1159,118,18:46:11,2012-07-31
455375,119195,-93.0,1159,118,18:46:59,2012-07-31
455385,119195,-93.0,1159,118,18:46:59,2012-07-31
455815,119195,-81.0,1159,118,18:46:12,2012-07-31
455390,119200,-90.75,1159,118,18:46:58,2012-07-31
455405,119205,-90.0,1159,118,18:46:56,2012-07-31
455415,119205,-90.0,1159,118,18:46:56,2012-07-31
455815,119205,-81.666664,1159,118,18:46:13,2012-07-31
455425,119210,-89.333336,1159,118,18:46:55,2012-07-31
455430,119210,-89.0,1159,118,18:46:54,2012-07-31
455820,119210,-83.0,1159,118,18:46:13,2012-07-31
455435,119215,-89.0,1159,118,18:46:54,2012-07-31
455445,119215,-89.0,1159,118,18:46:53,2012-07-31
455820,119215,-83.25,1159,118,18:46:14,2012-07-31
455455,119220,-90.5,1159,118,18:46:52,2012-07-31
455465,119220,-91.0,1159,118,18:46:51,2012-07-31
455820,119220,-81.888885,1159,118,18:46:15,2012-07-31
455470,119225,-91.75,1159,118,18:46:51,2012-07-31
455810,119225,-79.0,1159,118,18:46:20,2012-07-31
455815,119225,-81.400002,1159,118,18:46:20,2012-07-31
455820,119225,-82.0,1159,118,18:46:18,2012-07-31
455485,119230,-92.0,1159,118,18:46:49,2012-07-31
455795,119230,-78.333336,1159,118,18:46:22,2012-07-31
455805,119230,-78.599998,1159,118,18:46:21,2012-07-31
455495,119235,-92.0,1159,118,18:46:49,2012-07-31
455785,119235,-79.400002,1159,118,18:46:23,2012-07-31
455515,119240,-91.14286,1159,118,18:46:47,2012-07-31
455760,119240,-82.0,1159,118,18:46:25,2012-07-31
455770,119240,-81.0,1159,118,18:46:25,2012-07-31
455525,119245,-90.166664,1159,118,18:46:46,2012-07-31
455735,119245,-84.666664,1159,118,18:46:28,2012-07-31
455750,119245,-83.199997,1159,118,18:46:27,2012-07-31
455725,119250,-85.599998,1159,118,18:46:29,2012-07-31
455535,119255,-87.333336,1159,118,18:46:45,2012-07-31
455695,119255,-84.0,1159,118,18:46:31,2012-07-31
455705,119255,-84.0,1159,118,18:46:30,2012-07-31
455550,119260,-86.75,1159,118,18:46:44,2012-07-31
455670,119260,-82.0,1159,118,18:46:34,2012-07-31
455680,119260,-83.5,1159,118,18:46:32,2012-07-31
455560,119265,-85.5,1159,118,18:46:42,2012-07-31
455640,119265,-81.5,1159,118,18:46:35,2012-07-31
455655,119265,-82.0,1159,118,18:46:34,2012-07-31
455580,119270,-84.0,1159,118,18:46:41,2012-07-31
455590,119270,-83.25,1159,118,18:46:41,2012-07-31
455605,119270,-82.199997,1159,118,18:46:39,2012-07-31
455615,119270,-82.666664,1159,118,18:46:38,2012-07-31
455630,119270,-82.14286,1159,118,18:46:37,2012-07-31
456595,119925,-55.0,1159,118,14:50:59,2012-07-30
456580,119940,-55.0,1159,118,14:50:58,2012-07-30
456560,119955,-55.0,1159,118,14:50:57,2012-07-30
456545,119970,-55.0,1159,118,14:50:56,2012-07-30
456525,119980,-55.0,1159,118,14:50:56,2012-07-30
456505,120000,-55.0,1159,118,14:50:55,2012-07-30
456495,120005,-55.0,1159,118,14:50:54,2012-07-30
456490,120010,-55.0,1159,118,14:50:54,2012-07-30
456450,120040,-55.0,1159,118,14:50:53,2012-07-30
456410,120070,-55.0,1159,118,14:50:52,2012-07-30
456400,120075,-55.0,1159,118,14:50:51,2012-07-30
456390,120080,-55.0,1159,118,14:50:51,2012-07-30
456395,120080,-55.0,1159,118,14:50:51,2012-07-30
456385,120085,-56.5,1159,118,14:50:50,2012-07-30
456380,120090,-57.0,1159,118,14:50:50,2012-07-30
456370,120095,-57.0,1159,118,14:50:50,2012-07-30
456365,120100,-57.0,1159,118,14:50:50,2012-07-30
456355,120105,-57.0,1159,118,14:50:49,2012-07-30
456345,120115,-57.75,1159,118,14:50:49,2012-07-30
456325,120130,-58.0,1159,118,14:50:48,2012-07-30
456305,120145,-62.5,1159,118,14:50:48,2012-07-30
456285,120160,-64.0,1159,118,14:50:47,2012-07-30
456265,120175,-67.333336,1159,118,14:50:46,2012-07-30
456245,120190,-69.0,1159,118,14:50:46,2012-07-30
456220,120210,-67.5,1159,118,14:50:45,2012-07-30
456195,120225,-67.0,1159,118,14:50:44,2012-07-30
456190,120230,-71.0,1159,118,14:50:43,2012-07-30
456165,120250,-73.0,1159,118,14:50:43,2012-07-30
456140,120265,-74.5,1159,118,14:50:42,2012-07-30
456130,120270,-75.0,1159,118,14:50:42,2012-07-30
456120,120280,-75.0,1159,118,14:50:41,2012-07-30
456110,120285,-75.0,1159,118,14:50:41,2012-07-30
456115,120285,-75.0,1159,118,14:50:41,2012-07-30
456100,120295,-75.666664,1159,118,14:50:41,2012-07-30
456065,120320,-75.25,1159,118,14:50:39,2012-07-30
456055,120330,-75.0,1159,118,14:50:38,2012-07-30
456040,120340,-76.5,1159,118,14:50:38,2012-07-30
455965,120395,-75.400002,1159,118,14:50:35,2012-07-30
455940,120415,-75.0,1159,118,14:50:35,2012-07-30
455910,120435,-75.0,1159,118,14:50:34,2012-07-30
455870,120465,-76.5,1159,118,14:50:32,2012-07-30
455815,120505,-78.0,1159,118,14:50:31,2012-07-30
455785,120525,-78.666664,1159,118,14:50:29,2012-07-30
455760,120545,-79.599998,1159,118,14:50:28,2012-07-30
455730,120565,-80.0,1159,118,14:50:27,2012-07-30
455715,120575,-80.75,1159,118,14:50:26,2012-07-30
455660,120615,-80.400002,1159,118,14:50:24,2012-07-30
455635,120635,-79.25,1159,118,14:50:24,2012-07-30
455605,120655,-79.0,1159,118,14:50:23,2012-07-30
455580,120675,-79.666664,1159,118,14:50:22,2012-07-30
455550,120695,-79.333336,1159,118,14:50:21,2012-07-30
455525,120715,-79.0,1159,118,14:50:19,2012-07-30
455465,120755,-78.25,1159,118,14:50:18,2012-07-30
455440,120775,-77.25,1159,118,14:50:17,2012-07-30
455385,120820,-78.14286,1159,118,14:50:14,2012-07-30
453460,124355,-75.666664,1159,118,18:40:55,2012-07-27
453455,124360,-75.0,1159,118,18:40:54,2012-07-27
453440,124365,-67.0,1159,118,18:40:52,2012-07-27
453445,124365,-69.666664,1159,118,18:40:53,2012-07-27
453425,124375,-67.0,1159,118,18:40:49,2012-07-27
453430,124375,-67.0,1159,118,18:40:50,2012-07-27
453055,124915,-70.888885,1159,118,18:39:39,2012-07-27
453050,124930,-70.0,1159,118,18:39:38,2012-07-27
453045,124945,-69.400002,1159,118,18:39:36,2012-07-27
453045,124955,-69.0,1159,118,18:39:35,2012-07-27
453040,124965,-69.0,1159,118,18:39:34,2012-07-27
453035,124970,-69.0,1159,118,18:39:33,2012-07-27
453040,124970,-69.0,1159,118,18:39:33,2012-07-27
453035,124975,-69.0,1159,118,18:39:33,2012-07-27
453030,124980,-67.666664,1159,118,18:39:32,2012-07-27
453030,124985,-67.0,1159,118,18:39:31,2012-07-27
453030,124990,-67.0,1159,118,18:39:31,2012-07-27
453025,124995,-65.5,1159,118,18:39:30,2012-07-27
453020,125000,-65.0,1159,118,18:39:30,2012-07-27
453020,125005,-65.0,1159,118,18:39:29,2012-07-27
453015,125015,-65.0,1159,118,18:39:28,2012-07-27
453010,125020,-63.5,1159,118,18:39:28,2012-07-27
453005,125025,-63.0,1159,118,18:39:27,2012-07-27
452995,125030,-61.5,1159,118,18:39:26,2012-07-27
452985,125040,-61.0,1159,118,18:39:25,2012-07-27
452975,125045,-59.5,1159,118,18:39:23,2012-07-27
452980,125045,-61.0,1159,118,18:39:24,2012-07-27
452965,125050,-59.0,1159,118,18:39:23,2012-07-27
452960,125055,-54.5,1159,118,18:39:22,2012-07-27
452945,125060,-50.0,1159,118,18:39:21,2012-07-27
452935,125065,-49.0,1159,118,18:39:20,2012-07-27
452925,125070,-46.0,1159,118,18:39:18,2012-07-27
452930,125070,-46.75,1159,118,18:39:19,2012-07-27
452915,125075,-43.75,1159,118,18:39:18,2012-07-27
452900,125080,-42.400002,1159,118,18:39:16,2012-07-27
452880,125085,-41.200001,1159,118,18:39:14,2012-07-27
452890,125085,-42.0,1159,118,18:39:16,2012-07-27
452870,125090,-40.400002,1159,118,18:39:14,2012-07-27
452855,125095,-38.5,1159,118,18:39:12,2012-07-27
452850,125100,-38.0,1159,118,18:39:11,2012-07-27
452830,125110,-38.0,1159,118,18:39:09,2012-07-27
452820,125115,-40.25,1159,118,18:39:08,2012-07-27
452795,125120,-42.599998,1159,118,18:39:06,2012-07-27
452785,125125,-44.5,1159,118,18:39:05,2012-07-27
452775,125130,-45.666668,1159,118,18:39:04,2012-07-27
452760,125135,-46.0,1159,118,18:39:03,2012-07-27
452745,125140,-46.0,1159,118,18:39:02,2012-07-27
452725,125150,-46.0,1159,118,18:39:00,2012-07-27
452710,125155,-46.0,1159,118,18:38:59,2012-07-27
452695,125165,-46.0,1159,118,18:38:58,2012-07-27
452655,125185,-46.0,1159,118,18:38:57,2012-07-27
455695,129175,-66.400002,1159,118,13:53:56,2012-07-31
455695,129185,-66.0,1159,118,13:53:55,2012-07-31
455670,129205,-59.0,1159,118,13:53:51,2012-07-31
455650,129220,-58.142857,1159,118,13:53:49,2012-07-31
455640,129225,-56.0,1159,118,13:53:49,2012-07-31
455635,129230,-56.0,1159,118,13:53:48,2012-07-31
455640,129230,-56.666668,1159,118,13:53:49,2012-07-31
455635,129235,-56.75,1159,118,13:53:47,2012-07-31
455625,129245,-57.0,1159,118,13:53:46,2012-07-31
455620,129255,-62.0,1159,118,13:53:46,2012-07-31
455615,129260,-62.0,1159,118,13:53:45,2012-07-31
455605,129275,-62.0,1159,118,13:53:44,2012-07-31
455600,129285,-62.0,1159,118,13:53:44,2012-07-31
455595,129295,-62.0,1159,118,13:53:43,2012-07-31
455590,129305,-62.0,1159,118,13:53:42,2012-07-31
455590,129310,-62.0,1159,118,13:53:42,2012-07-31
455585,129315,-62.0,1159,118,13:53:42,2012-07-31
455580,129325,-62.0,1159,118,13:53:41,2012-07-31
455575,129335,-62.0,1159,118,13:53:40,2012-07-31
455570,129345,-62.0,1159,118,13:53:39,2012-07-31
455570,129350,-62.0,1159,118,13:53:39,2012-07-31
455570,129355,-62.0,1159,118,13:53:39,2012-07-31
455565,129360,-62.0,1159,118,13:53:38,2012-07-31
455565,129370,-64.0,1159,118,13:53:38,2012-07-31
455560,129375,-64.0,1159,118,13:53:37,2012-07-31
455560,129380,-64.0,1159,118,13:53:37,2012-07-31
455560,129385,-67.75,1159,118,13:53:37,2012-07-31
455555,129400,-69.0,1159,118,13:53:36,2012-07-31
455550,129410,-70.5,1159,118,13:53:35,2012-07-31
455550,129420,-71.0,1159,118,13:53:35,2012-07-31
455545,129430,-71.75,1159,118,13:53:34,2012-07-31
455540,129445,-72.0,1159,118,13:53:33,2012-07-31
455540,129450,-72.0,1159,118,13:53:32,2012-07-31
455535,129460,-72.0,1159,118,13:53:32,2012-07-31
455530,129470,-72.75,1159,118,13:53:31,2012-07-31
455530,129485,-73.0,1159,118,13:53:30,2012-07-31
455525,129495,-73.0,1159,118,13:53:30,2012-07-31
455520,129505,-73.0,1159,118,13:53:29,2012-07-31
455515,129520,-73.0,1159,118,13:53:28,2012-07-31
455510,129530,-73.0,1159,118,13:53:27,2012-07-31
455510,129540,-74.5,1159,118,13:53:27,2012-07-31
455505,129545,-75.0,1159,118,13:53:26,2012-07-31
455510,129545,-75.0,1159,118,13:53:27,2012-07-31
455505,129550,-75.0,1159,118,13:53:26,2012-07-31
455505,129555,-75.0,1159,118,13:53:26,2012-07-31
455500,129560,-72.0,1159,118,13:53:25,2012-07-31
