444265,119140,-67.0,1653,108,12:06:11,2012-07-30
444275,119140,-68.599998,1653,108,12:06:16,2012-07-30
444285,119140,-67.800003,1653,108,12:06:17,2012-07-30
444290,119140,-69.75,1653,108,12:06:18,2012-07-30
444295,119140,-72.0,1653,108,12:06:19,2012-07-30
444260,119145,-67.0,1653,108,12:06:06,2012-07-30
444300,119145,-75.0,1653,108,12:06:20,2012-07-30
440685,122495,-96.0,1653,108,13:28:52,2012-07-30
440690,122495,-96.0,1653,108,13:28:52,2012-07-30
440680,122500,-96.0,1653,108,13:28:53,2012-07-30
440700,122500,-96.0,1653,108,13:28:51,2012-07-30
440715,122510,-96.0,1653,108,13:28:48,2012-07-30
440725,122520,-96.0,1653,108,13:28:46,2012-07-30
452635,125195,-59.0,1653,108,18:38:55,2012-07-27
452620,125200,-58.0,1653,108,18:38:54,2012-07-27
452625,125200,-58.0,1653,108,18:38:54,2012-07-27
452620,125205,-58.5,1653,108,18:38:53,2012-07-27
452605,125210,-57.333332,1653,108,18:38:53,2012-07-27
452610,125210,-58.0,1653,108,18:38:53,2012-07-27
452600,125215,-57.0,1653,108,18:38:52,2012-07-27
452580,125225,-55.666668,1653,108,18:38:51,2012-07-27
452570,125230,-55.0,1653,108,18:38:51,2012-07-27
452555,125240,-54.333332,1653,108,18:38:50,2012-07-27
452535,125250,-54.0,1653,108,18:38:48,2012-07-27
452515,125265,-52.0,1653,108,18:38:47,2012-07-27
452495,125275,-49.0,1653,108,18:38:46,2012-07-27
452470,125285,-48.666668,1653,108,18:38:44,2012-07-27
452445,125300,-49.0,1653,108,18:38:43,2012-07-27
452425,125305,-48.333332,1653,108,18:38:41,2012-07-27
452385,125315,-48.0,1653,108,18:38:39,2012-07-27
452395,125315,-48.0,1653,108,18:38:40,2012-07-27
452375,125320,-48.75,1653,108,18:38:39,2012-07-27
452360,125325,-47.666668,1653,108,18:38:37,2012-07-27
452370,125325,-49.0,1653,108,18:38:38,2012-07-27
452330,125335,-47.666668,1653,108,18:38:36,2012-07-27
451490,125345,-60.0,1653,108,18:37:43,2012-07-27
452310,125345,-48.0,1653,108,18:38:34,2012-07-27
452315,125345,-48.0,1653,108,18:38:35,2012-07-27
452305,125350,-48.0,1653,108,18:38:34,2012-07-27
451520,125355,-60.0,1653,108,18:37:45,2012-07-27
452295,125355,-48.0,1653,108,18:38:33,2012-07-27
451545,125360,-60.0,1653,108,18:37:46,2012-07-27
452280,125360,-52.0,1653,108,18:38:32,2012-07-27
452285,125360,-52.0,1653,108,18:38:33,2012-07-27
452290,125360,-51.0,1653,108,18:38:33,2012-07-27
451565,125365,-60.0,1653,108,18:37:48,2012-07-27
452275,125365,-52.0,1653,108,18:38:32,2012-07-27
452280,125365,-52.0,1653,108,18:38:32,2012-07-27
451590,125370,-62.666668,1653,108,18:37:49,2012-07-27
451595,125370,-68.0,1653,108,18:37:50,2012-07-27
452265,125370,-53.200001,1653,108,18:38:32,2012-07-27
452270,125370,-52.0,1653,108,18:38:32,2012-07-27
451615,125375,-67.333336,1653,108,18:37:51,2012-07-27
452265,125375,-54.0,1653,108,18:38:31,2012-07-27
451640,125385,-64.666664,1653,108,18:37:52,2012-07-27
452245,125385,-56.0,1653,108,18:38:30,2012-07-27
451665,125390,-60.400002,1653,108,18:37:53,2012-07-27
451675,125395,-58.0,1653,108,18:37:54,2012-07-27
451690,125400,-57.5,1653,108,18:37:55,2012-07-27
452225,125400,-57.0,1653,108,18:38:29,2012-07-27
451710,125405,-54.5,1653,108,18:37:56,2012-07-27
451725,125410,-52.5,1653,108,18:37:58,2012-07-27
452205,125415,-57.666668,1653,108,18:38:27,2012-07-27
451750,125420,-51.333332,1653,108,18:37:59,2012-07-27
451765,125425,-52.400002,1653,108,18:38:00,2012-07-27
452180,125430,-56.0,1653,108,18:38:26,2012-07-27
451780,125435,-54.333332,1653,108,18:38:01,2012-07-27
451800,125440,-56.0,1653,108,18:38:02,2012-07-27
452155,125445,-55.0,1653,108,18:38:24,2012-07-27
451825,125450,-57.200001,1653,108,18:38:03,2012-07-27
451840,125455,-59.5,1653,108,18:38:05,2012-07-27
451855,125460,-61.5,1653,108,18:38:05,2012-07-27
452120,125465,-55.0,1653,108,18:38:23,2012-07-27
451880,125470,-62.666668,1653,108,18:38:07,2012-07-27
452105,125470,-55.0,1653,108,18:38:22,2012-07-27
451900,125475,-62.0,1653,108,18:38:08,2012-07-27
452090,125475,-54.333332,1653,108,18:38:20,2012-07-27
451915,125480,-61.666668,1653,108,18:38:09,2012-07-27
452065,125480,-55.5,1653,108,18:38:19,2012-07-27
451940,125485,-60.333332,1653,108,18:38:10,2012-07-27
452050,125485,-56.0,1653,108,18:38:17,2012-07-27
451955,125490,-58.666668,1653,108,18:38:12,2012-07-27
451970,125490,-57.75,1653,108,18:38:13,2012-07-27
451995,125490,-56.75,1653,108,18:38:15,2012-07-27
452010,125490,-56.0,1653,108,18:38:15,2012-07-27
452030,125490,-56.0,1653,108,18:38:16,2012-07-27
444265,119140,-67.0,1653,108,12:06:11,2012-07-30
444275,119140,-68.599998,1653,108,12:06:16,2012-07-30
444285,119140,-67.800003,1653,108,12:06:17,2012-07-30
444290,119140,-69.75,1653,108,12:06:18,2012-07-30
444295,119140,-72.0,1653,108,12:06:19,2012-07-30
444260,119145,-67.0,1653,108,12:06:06,2012-07-30
444300,119145,-75.0,1653,108,12:06:20,2012-07-30
440685,122495,-96.0,1653,108,13:28:52,2012-07-30
440690,122495,-96.0,1653,108,13:28:52,2012-07-30
440680,122500,-96.0,1653,108,13:28:53,2012-07-30
440700,122500,-96.0,1653,108,13:28:51,2012-07-30
440715,122510,-96.0,1653,108,13:28:48,2012-07-30
440725,122520,-96.0,1653,108,13:28:46,2012-07-30
452635,125195,-59.0,1653,108,18:38:55,2012-07-27
452620,125200,-58.0,1653,108,18:38:54,2012-07-27
452625,125200,-58.0,1653,108,18:38:54,2012-07-27
452620,125205,-58.5,1653,108,18:38:53,2012-07-27
452605,125210,-57.333332,1653,108,18:38:53,2012-07-27
452610,125210,-58.0,1653,108,18:38:53,2012-07-27
452600,125215,-57.0,1653,108,18:38:52,2012-07-27
452580,125225,-55.666668,1653,108,18:38:51,2012-07-27
452570,125230,-55.0,1653,108,18:38:51,2012-07-27
452555,125240,-54.333332,1653,108,18:38:50,2012-07-27
452535,125250,-54.0,1653,108,18:38:48,2012-07-27
452515,125265,-52.0,1653,108,18:38:47,2012-07-27
452495,125275,-49.0,1653,108,18:38:46,2012-07-27
452470,125285,-48.666668,1653,108,18:38:44,2012-07-27
452445,125300,-49.0,1653,108,18:38:43,2012-07-27
452425,125305,-48.333332,1653,108,18:38:41,2012-07-27
452385,125315,-48.0,1653,108,18:38:39,2012-07-27
452395,125315,-48.0,1653,108,18:38:40,2012-07-27
452375,125320,-48.75,1653,108,18:38:39,2012-07-27
452360,125325,-47.666668,1653,108,18:38:37,2012-07-27
452370,125325,-49.0,1653,108,18:38:38,2012-07-27
452330,125335,-47.666668,1653,108,18:38:36,2012-07-27
451490,125345,-60.0,1653,108,18:37:43,2012-07-27
452310,125345,-48.0,1653,108,18:38:34,2012-07-27
452315,125345,-48.0,1653,108,18:38:35,2012-07-27
452305,125350,-48.0,1653,108,18:38:34,2012-07-27
451520,125355,-60.0,1653,108,18:37:45,2012-07-27
452295,125355,-48.0,1653,108,18:38:33,2012-07-27
451545,125360,-60.0,1653,108,18:37:46,2012-07-27
452280,125360,-52.0,1653,108,18:38:32,2012-07-27
452285,125360,-52.0,1653,108,18:38:33,2012-07-27
452290,125360,-51.0,1653,108,18:38:33,2012-07-27
451565,125365,-60.0,1653,108,18:37:48,2012-07-27
452275,125365,-52.0,1653,108,18:38:32,2012-07-27
452280,125365,-52.0,1653,108,18:38:32,2012-07-27
451590,125370,-62.666668,1653,108,18:37:49,2012-07-27
451595,125370,-68.0,1653,108,18:37:50,2012-07-27
452265,125370,-53.200001,1653,108,18:38:32,2012-07-27
452270,125370,-52.0,1653,108,18:38:32,2012-07-27
451615,125375,-67.333336,1653,108,18:37:51,2012-07-27
452265,125375,-54.0,1653,108,18:38:31,2012-07-27
451640,125385,-64.666664,1653,108,18:37:52,2012-07-27
452245,125385,-56.0,1653,108,18:38:30,2012-07-27
451665,125390,-60.400002,1653,108,18:37:53,2012-07-27
451675,125395,-58.0,1653,108,18:37:54,2012-07-27
451690,125400,-57.5,1653,108,18:37:55,2012-07-27
452225,125400,-57.0,1653,108,18:38:29,2012-07-27
451710,125405,-54.5,1653,108,18:37:56,2012-07-27
451725,125410,-52.5,1653,108,18:37:58,2012-07-27
452205,125415,-57.666668,1653,108,18:38:27,2012-07-27
451750,125420,-51.333332,1653,108,18:37:59,2012-07-27
451765,125425,-52.400002,1653,108,18:38:00,2012-07-27
452180,125430,-56.0,1653,108,18:38:26,2012-07-27
451780,125435,-54.333332,1653,108,18:38:01,2012-07-27
451800,125440,-56.0,1653,108,18:38:02,2012-07-27
452155,125445,-55.0,1653,108,18:38:24,2012-07-27
451825,125450,-57.200001,1653,108,18:38:03,2012-07-27
451840,125455,-59.5,1653,108,18:38:05,2012-07-27
451855,125460,-61.5,1653,108,18:38:05,2012-07-27
452120,125465,-55.0,1653,108,18:38:23,2012-07-27
451880,125470,-62.666668,1653,108,18:38:07,2012-07-27
452105,125470,-55.0,1653,108,18:38:22,2012-07-27
451900,125475,-62.0,1653,108,18:38:08,2012-07-27
452090,125475,-54.333332,1653,108,18:38:20,2012-07-27
451915,125480,-61.666668,1653,108,18:38:09,2012-07-27
452065,125480,-55.5,1653,108,18:38:19,2012-07-27
451940,125485,-60.333332,1653,108,18:38:10,2012-07-27
452050,125485,-56.0,1653,108,18:38:17,2012-07-27
451955,125490,-58.666668,1653,108,18:38:12,2012-07-27
451970,125490,-57.75,1653,108,18:38:13,2012-07-27
451995,125490,-56.75,1653,108,18:38:15,2012-07-27
452010,125490,-56.0,1653,108,18:38:15,2012-07-27
452030,125490,-56.0,1653,108,18:38:16,2012-07-27
