441425,131795,-63.0,274,122,16:02:48,2012-07-31
441425,131800,-63.0,274,122,16:02:49,2012-07-31
441425,131805,-63.0,274,122,16:02:49,2012-07-31
441425,131815,-63.0,274,122,16:02:50,2012-07-31
441420,131820,-63.0,274,122,16:02:51,2012-07-31
441420,131825,-63.0,274,122,16:02:52,2012-07-31
441425,131830,-63.0,274,122,16:02:52,2012-07-31
441425,131835,-63.0,274,122,16:02:53,2012-07-31
441425,131840,-63.0,274,122,16:02:54,2012-07-31
441580,131845,-79.5,274,122,15:59:09,2012-07-31
441585,131845,-80.0,274,122,15:59:08,2012-07-31
441590,131845,-80.0,274,122,15:59:07,2012-07-31
441595,131845,-80.0,274,122,15:59:07,2012-07-31
441600,131845,-80.75,274,122,15:59:06,2012-07-31
441425,131850,-63.200001,274,122,16:02:54,2012-07-31
441495,131850,-74.599998,274,122,15:59:20,2012-07-31
441500,131850,-75.0,274,122,15:59:19,2012-07-31
441505,131850,-75.0,274,122,15:59:18,2012-07-31
441515,131850,-75.0,274,122,15:59:18,2012-07-31
441520,131850,-75.0,274,122,15:59:17,2012-07-31
441530,131850,-75.0,274,122,15:59:16,2012-07-31
441545,131850,-75.333336,274,122,15:59:13,2012-07-31
441550,131850,-76.0,274,122,15:59:13,2012-07-31
441560,131850,-76.0,274,122,15:59:11,2012-07-31
441565,131850,-77.5,274,122,15:59:11,2012-07-31
441570,131850,-78.0,274,122,15:59:10,2012-07-31
441610,131850,-81.0,274,122,15:59:06,2012-07-31
441615,131850,-81.0,274,122,15:59:05,2012-07-31
441425,131855,-64.0,274,122,16:02:56,2012-07-31
441625,131855,-81.0,274,122,15:59:04,2012-07-31
441630,131855,-81.75,274,122,15:59:04,2012-07-31
441425,131860,-62.5,274,122,16:02:57,2012-07-31
441485,131860,-74.0,274,122,15:59:22,2012-07-31
441635,131860,-82.0,274,122,15:59:03,2012-07-31
441415,131865,-57.0,274,122,16:02:59,2012-07-31
441420,131865,-60.0,274,122,16:02:58,2012-07-31
441640,131865,-82.0,274,122,15:59:02,2012-07-31
441645,131865,-82.0,274,122,15:59:02,2012-07-31
441400,131870,-51.400002,274,122,16:03:01,2012-07-31
441405,131870,-55.0,274,122,16:02:59,2012-07-31
441650,131870,-82.0,274,122,15:59:01,2012-07-31
441210,131875,-42.0,274,122,16:00:28,2012-07-31
441220,131875,-42.0,274,122,16:00:27,2012-07-31
441230,131875,-42.0,274,122,16:00:26,2012-07-31
441240,131875,-41.200001,274,122,16:00:25,2012-07-31
441245,131875,-44.0,274,122,16:00:24,2012-07-31
441385,131875,-47.75,274,122,16:03:02,2012-07-31
441410,131875,-54.0,274,122,15:59:50,2012-07-31
441415,131875,-57.200001,274,122,15:59:49,2012-07-31
441420,131875,-57.400002,274,122,15:59:47,2012-07-31
441480,131875,-74.75,274,122,15:59:23,2012-07-31
441655,131875,-83.599998,274,122,15:59:01,2012-07-31
441190,131880,-43.0,274,122,16:00:30,2012-07-31
441200,131880,-44.692307,274,122,16:00:29,2012-07-31
441210,131880,-50.0,274,122,16:03:26,2012-07-31
441215,131880,-50.0,274,122,16:03:26,2012-07-31
441220,131880,-49.25,274,122,16:03:25,2012-07-31
441225,131880,-49.0,274,122,16:03:24,2012-07-31
441235,131880,-46.75,274,122,16:03:23,2012-07-31
441240,131880,-46.0,274,122,16:03:23,2012-07-31
441255,131880,-43.799999,274,122,16:00:23,2012-07-31
441370,131880,-42.0,274,122,16:03:04,2012-07-31
441380,131880,-43.5,274,122,16:03:04,2012-07-31
441390,131880,-46.599998,274,122,15:59:53,2012-07-31
441395,131880,-47.0,274,122,15:59:52,2012-07-31
441400,131880,-49.25,274,122,15:59:52,2012-07-31
441425,131880,-57.0,274,122,15:59:47,2012-07-31
441480,131880,-76.666664,274,122,15:59:25,2012-07-31
441660,131880,-84.0,274,122,15:59:00,2012-07-31
441665,131880,-84.0,274,122,15:58:59,2012-07-31
441670,131880,-84.0,274,122,15:58:59,2012-07-31
441180,131885,-43.0,274,122,16:00:31,2012-07-31
441195,131885,-48.0,274,122,16:03:30,2012-07-31
441200,131885,-51.0,274,122,16:03:28,2012-07-31
441245,131885,-45.25,274,122,16:03:22,2012-07-31
441260,131885,-43.0,274,122,16:00:22,2012-07-31
441355,131885,-40.666668,274,122,16:03:06,2012-07-31
441360,131885,-41.666668,274,122,16:03:05,2012-07-31
441370,131885,-42.0,274,122,15:59:57,2012-07-31
441375,131885,-42.75,274,122,15:59:56,2012-07-31
441380,131885,-43.0,274,122,15:59:55,2012-07-31
441385,131885,-45.25,274,122,15:59:54,2012-07-31
441430,131885,-58.333332,274,122,15:59:45,2012-07-31
441670,131885,-84.0,274,122,15:58:59,2012-07-31
441675,131885,-84.0,274,122,15:58:59,2012-07-31
441755,131885,-84.0,274,122,15:58:52,2012-07-31
441765,131885,-85.5,274,122,15:58:51,2012-07-31
441775,131885,-86.0,274,122,15:58:50,2012-07-31
441165,131890,-42.799999,274,122,16:00:34,2012-07-31
441175,131890,-43.0,274,122,16:00:33,2012-07-31
441255,131890,-45.0,274,122,16:03:21,2012-07-31
441260,131890,-44.25,274,122,16:03:21,2012-07-31
441275,131890,-44.599998,274,122,16:00:21,2012-07-31
441335,131890,-42.0,274,122,16:03:09,2012-07-31
441345,131890,-40.5,274,122,16:03:08,2012-07-31
441355,131890,-42.0,274,122,15:59:59,2012-07-31
441360,131890,-42.0,274,122,15:59:58,2012-07-31
441365,131890,-42.0,274,122,15:59:57,2012-07-31
441430,131890,-61.0,274,122,15:59:44,2012-07-31
441690,131890,-84.0,274,122,15:58:58,2012-07-31
441735,131890,-84.75,274,122,15:58:54,2012-07-31
441745,131890,-84.5,274,122,15:58:52,2012-07-31
441785,131890,-86.0,274,122,15:58:49,2012-07-31
441795,131890,-86.0,274,122,15:58:48,2012-07-31
441030,131895,-58.0,274,122,16:00:48,2012-07-31
441035,131895,-58.0,274,122,16:00:47,2012-07-31
441155,131895,-42.0,274,122,16:00:35,2012-07-31
441200,131895,-44.5,274,122,16:04:02,2012-07-31
441265,131895,-44.0,274,122,16:03:20,2012-07-31
441270,131895,-44.0,274,122,16:03:19,2012-07-31
441280,131895,-44.200001,274,122,16:00:19,2012-07-31
441320,131895,-43.666668,274,122,16:03:11,2012-07-31
441330,131895,-42.666668,274,122,16:03:09,2012-07-31
441335,131895,-40.0,274,122,16:00:01,2012-07-31
441340,131895,-41.5,274,122,16:00:00,2012-07-31
441345,131895,-42.0,274,122,15:59:59,2012-07-31
441350,131895,-42.0,274,122,15:59:59,2012-07-31
441430,131895,-61.125,274,122,15:59:42,2012-07-31
441710,131895,-84.0,274,122,15:58:56,2012-07-31
441720,131895,-84.0,274,122,15:58:55,2012-07-31
441730,131895,-84.0,274,122,15:58:54,2012-07-31
441800,131895,-85.0,274,122,15:58:47,2012-07-31
441040,131900,-57.166668,274,122,16:00:46,2012-07-31
441045,131900,-57.0,274,122,16:00:46,2012-07-31
441050,131900,-55.0,274,122,16:00:45,2012-07-31
441125,131900,-43.666668,274,122,16:00:37,2012-07-31
441140,131900,-42.799999,274,122,16:00:35,2012-07-31
441275,131900,-44.0,274,122,16:03:18,2012-07-31
441280,131900,-45.444443,274,122,16:03:18,2012-07-31
441310,131900,-43.333332,274,122,16:03:12,2012-07-31
441320,131900,-42.0,274,122,16:00:04,2012-07-31
441325,131900,-41.200001,274,122,16:00:02,2012-07-31
441330,131900,-40.25,274,122,16:00:01,2012-07-31
441430,131900,-64.0,274,122,15:59:41,2012-07-31
441470,131900,-76.0,274,122,15:59:26,2012-07-31
441055,131905,-54.0,274,122,16:00:45,2012-07-31
441060,131905,-50.25,274,122,16:00:44,2012-07-31
441095,131905,-47.0,274,122,16:00:40,2012-07-31
441100,131905,-45.666668,274,122,16:00:40,2012-07-31
441105,131905,-45.0,274,122,16:00:39,2012-07-31
441110,131905,-43.5,274,122,16:00:38,2012-07-31
441280,131905,-43.0,274,122,16:03:17,2012-07-31
441290,131905,-48.0,274,122,16:00:17,2012-07-31
441300,131905,-44.5,274,122,16:03:14,2012-07-31
441305,131905,-45.0,274,122,16:03:13,2012-07-31
441310,131905,-42.599998,274,122,16:00:07,2012-07-31
441315,131905,-42.5,274,122,16:00:06,2012-07-31
441430,131905,-65.333336,274,122,15:59:40,2012-07-31
441470,131905,-75.199997,274,122,15:59:28,2012-07-31
441810,131905,-84.0,274,122,15:58:46,2012-07-31
441080,131910,-49.0,274,122,16:00:42,2012-07-31
441085,131910,-47.5,274,122,16:00:41,2012-07-31
441090,131910,-47.0,274,122,16:00:40,2012-07-31
441290,131910,-43.75,274,122,16:03:15,2012-07-31
441295,131910,-50.75,274,122,16:00:16,2012-07-31
441300,131910,-49.75,274,122,16:00:11,2012-07-31
441305,131910,-48.0,274,122,16:00:11,2012-07-31
441815,131910,-84.75,274,122,15:58:45,2012-07-31
441300,131915,-50.0,274,122,16:00:13,2012-07-31
441435,131915,-66.0,274,122,15:59:38,2012-07-31
441435,131920,-64.666664,274,122,15:59:37,2012-07-31
441460,131920,-72.888885,274,122,15:59:29,2012-07-31
441820,131920,-83.666664,274,122,15:58:43,2012-07-31
441435,131925,-64.0,274,122,15:59:36,2012-07-31
441460,131925,-72.0,274,122,15:59:29,2012-07-31
441440,131930,-64.0,274,122,15:59:35,2012-07-31
441455,131930,-70.0,274,122,15:59:30,2012-07-31
441825,131930,-82.400002,274,122,15:58:42,2012-07-31
441440,131935,-62.400002,274,122,15:59:34,2012-07-31
441445,131935,-63.5,274,122,15:59:33,2012-07-31
441450,131935,-65.800003,274,122,15:59:32,2012-07-31
441825,131935,-82.0,274,122,15:58:42,2012-07-31
441830,131945,-82.800003,274,122,15:58:41,2012-07-31
441840,131950,-83.75,274,122,15:58:40,2012-07-31
441845,131960,-84.0,274,122,15:58:38,2012-07-31
441855,131965,-84.0,274,122,15:58:37,2012-07-31
441865,131970,-84.0,274,122,15:58:37,2012-07-31
441875,131975,-84.75,274,122,15:58:35,2012-07-31
441885,131980,-85.0,274,122,15:58:34,2012-07-31
441890,131995,-85.0,274,122,15:58:33,2012-07-31
441895,132005,-86.5,274,122,15:58:32,2012-07-31
441895,132010,-86.199997,274,122,15:58:31,2012-07-31
441895,132020,-86.428574,274,122,15:58:30,2012-07-31
441890,132030,-87.0,274,122,15:58:29,2012-07-31
441885,132045,-87.0,274,122,15:58:28,2012-07-31
441880,132065,-87.0,274,122,15:58:27,2012-07-31
441880,132080,-86.25,274,122,15:58:25,2012-07-31
441880,132090,-88.25,274,122,15:58:24,2012-07-31
441875,132105,-89.0,274,122,15:58:23,2012-07-31
441875,132120,-89.75,274,122,15:58:23,2012-07-31
441875,132135,-90.0,274,122,15:58:22,2012-07-31
441880,132150,-90.0,274,122,15:58:21,2012-07-31
441880,132155,-90.0,274,122,15:58:20,2012-07-31
441880,132165,-90.75,274,122,15:58:20,2012-07-31
441885,132175,-91.0,274,122,15:58:19,2012-07-31
441885,132185,-90.25,274,122,15:58:18,2012-07-31
441885,132195,-90.0,274,122,15:58:18,2012-07-31
441890,132205,-88.199997,274,122,15:58:17,2012-07-31
441890,132220,-87.0,274,122,15:58:16,2012-07-31
441890,132225,-86.25,274,122,15:58:16,2012-07-31
441890,132245,-85.333336,274,122,15:58:14,2012-07-31
441895,132260,-83.666664,274,122,15:58:13,2012-07-31
441900,132275,-83.0,274,122,15:58:11,2012-07-31
441970,132275,-82.800003,274,122,15:58:04,2012-07-31
441905,132280,-83.666664,274,122,15:58:10,2012-07-31
441915,132280,-84.0,274,122,15:58:09,2012-07-31
441930,132280,-83.199997,274,122,15:58:08,2012-07-31
441945,132280,-83.85714,274,122,15:58:07,2012-07-31
441955,132280,-84.0,274,122,15:58:06,2012-07-31
441975,132280,-82.0,274,122,15:58:04,2012-07-31
441985,132280,-80.400002,274,122,15:58:02,2012-07-31
441990,132285,-79.0,274,122,15:58:01,2012-07-31
442000,132295,-76.181816,274,122,15:57:59,2012-07-31
442005,132305,-75.25,274,122,15:57:59,2012-07-31
442010,132320,-76.333336,274,122,15:57:57,2012-07-31
442010,132330,-77.75,274,122,15:57:56,2012-07-31
442010,132340,-78.0,274,122,15:57:54,2012-07-31
442015,132350,-78.0,274,122,15:57:54,2012-07-31
442015,132355,-79.333336,274,122,15:57:53,2012-07-31
442020,132365,-81.199997,274,122,15:57:52,2012-07-31
442025,132380,-82.0,274,122,15:57:50,2012-07-31
442030,132385,-82.0,274,122,15:57:49,2012-07-31
442035,132410,-83.599998,274,122,15:57:47,2012-07-31
442040,132420,-84.0,274,122,15:57:46,2012-07-31
442045,132430,-83.400002,274,122,15:57:44,2012-07-31
442050,132440,-83.0,274,122,15:57:44,2012-07-31
442055,132450,-82.25,274,122,15:57:43,2012-07-31
442055,132460,-82.0,274,122,15:57:42,2012-07-31
442060,132470,-80.5,274,122,15:57:40,2012-07-31
442060,132480,-79.75,274,122,15:57:39,2012-07-31
440385,132485,-69.0,274,122,18:03:35,2012-07-27
442065,132485,-79.666664,274,122,15:57:39,2012-07-31
442065,132495,-80.0,274,122,15:57:38,2012-07-31
440375,132505,-69.0,274,122,18:03:34,2012-07-27
442060,132515,-80.0,274,122,15:57:37,2012-07-31
442060,132530,-81.599998,274,122,15:57:36,2012-07-31
442055,132540,-81.199997,274,122,15:57:34,2012-07-31
440355,132545,-69.777779,274,122,18:03:34,2012-07-27
442055,132550,-83.0,274,122,15:57:33,2012-07-31
442050,132555,-82.0,274,122,15:57:33,2012-07-31
442050,132560,-83.0,274,122,15:57:32,2012-07-31
440345,132565,-70.800003,274,122,18:03:32,2012-07-27
442050,132565,-83.0,274,122,15:57:32,2012-07-31
442050,132570,-82.333336,274,122,15:57:32,2012-07-31
442045,132585,-81.400002,274,122,15:57:30,2012-07-31
442045,132590,-81.0,274,122,15:57:30,2012-07-31
442040,132595,-81.0,274,122,15:57:30,2012-07-31
440330,132600,-70.25,274,122,18:03:30,2012-07-27
442040,132600,-81.0,274,122,15:57:29,2012-07-31
442040,132605,-78.85714,274,122,15:57:29,2012-07-31
440325,132610,-67.75,274,122,18:03:29,2012-07-27
442040,132610,-78.0,274,122,15:57:28,2012-07-31
442035,132620,-78.0,274,122,15:57:27,2012-07-31
442030,132630,-78.0,274,122,15:57:27,2012-07-31
440310,132640,-67.0,274,122,18:03:28,2012-07-27
442030,132645,-78.0,274,122,15:57:26,2012-07-31
440295,132655,-67.0,274,122,18:03:27,2012-07-27
442025,132655,-78.0,274,122,15:57:25,2012-07-31
442025,132660,-78.0,274,122,15:57:25,2012-07-31
442025,132670,-78.0,274,122,15:57:24,2012-07-31
440285,132675,-67.0,274,122,18:03:26,2012-07-27
442020,132680,-78.0,274,122,15:57:23,2012-07-31
442020,132685,-78.0,274,122,15:57:23,2012-07-31
440275,132695,-69.25,274,122,18:03:25,2012-07-27
442020,132695,-80.0,274,122,15:57:22,2012-07-31
440265,132715,-70.0,274,122,18:03:24,2012-07-27
442020,132720,-81.0,274,122,15:57:20,2012-07-31
442020,132730,-81.0,274,122,15:57:20,2012-07-31
440250,132735,-70.0,274,122,18:03:23,2012-07-27
442020,132740,-81.0,274,122,15:57:19,2012-07-31
440240,132750,-70.0,274,122,18:03:22,2012-07-27
442020,132750,-81.0,274,122,15:57:18,2012-07-31
440235,132760,-70.0,274,122,18:03:21,2012-07-27
442020,132760,-80.25,274,122,15:57:18,2012-07-31
442020,132775,-80.0,274,122,15:57:16,2012-07-31
440215,132785,-70.0,274,122,18:03:20,2012-07-27
442020,132790,-79.25,274,122,15:57:15,2012-07-31
442020,132795,-77.5,274,122,15:57:15,2012-07-31
440205,132805,-70.0,274,122,18:03:19,2012-07-27
442015,132820,-77.0,274,122,15:57:13,2012-07-31
442015,132825,-77.0,274,122,15:57:13,2012-07-31
442010,132835,-75.400002,274,122,15:57:12,2012-07-31
442010,132840,-74.333336,274,122,15:57:10,2012-07-31
442005,132855,-74.0,274,122,15:57:10,2012-07-31
441995,132870,-73.25,274,122,15:57:09,2012-07-31
441990,132885,-73.0,274,122,15:57:08,2012-07-31
441985,132895,-73.0,274,122,15:57:07,2012-07-31
441980,132910,-73.800003,274,122,15:57:06,2012-07-31
441975,132925,-74.0,274,122,15:57:05,2012-07-31
441970,132935,-74.0,274,122,15:57:04,2012-07-31
441965,132950,-73.199997,274,122,15:57:03,2012-07-31
441960,132965,-74.5,274,122,15:57:02,2012-07-31
441955,132980,-75.0,274,122,15:57:01,2012-07-31
441940,133005,-72.818184,274,122,15:56:59,2012-07-31
441935,133020,-70.5,274,122,15:56:58,2012-07-31
441925,133030,-69.0,274,122,15:56:56,2012-07-31
441920,133045,-68.0,274,122,15:56:56,2012-07-31
441915,133065,-65.599998,274,122,15:56:54,2012-07-31
441910,133080,-63.5,274,122,15:56:54,2012-07-31
441910,133090,-66.0,274,122,15:56:52,2012-07-31
441910,133095,-64.5,274,122,15:56:52,2012-07-31
441910,133105,-66.0,274,122,15:56:51,2012-07-31
441910,133110,-66.0,274,122,15:56:51,2012-07-31
441910,133125,-66.0,274,122,15:56:50,2012-07-31
441910,133130,-69.0,274,122,15:56:49,2012-07-31
441905,133140,-70.0,274,122,15:56:49,2012-07-31
441905,133150,-70.0,274,122,15:56:48,2012-07-31
441900,133160,-70.0,274,122,15:56:47,2012-07-31
441895,133165,-72.0,274,122,15:56:47,2012-07-31
441895,133175,-73.0,274,122,15:56:46,2012-07-31
441895,133180,-71.5,274,122,15:56:45,2012-07-31
441890,133190,-71.0,274,122,15:56:44,2012-07-31
441890,133195,-72.199997,274,122,15:56:44,2012-07-31
441890,133205,-73.0,274,122,15:56:43,2012-07-31
441890,133210,-73.0,274,122,15:56:42,2012-07-31
441890,133215,-73.0,274,122,15:56:42,2012-07-31
441890,133220,-74.5,274,122,15:56:41,2012-07-31
441890,133230,-75.0,274,122,15:56:40,2012-07-31
441895,133235,-75.666664,274,122,15:56:40,2012-07-31
441895,133245,-76.0,274,122,15:56:38,2012-07-31
441900,133250,-77.333336,274,122,15:56:38,2012-07-31
441900,133265,-78.0,274,122,15:56:37,2012-07-31
441900,133270,-78.0,274,122,15:56:37,2012-07-31
441905,133290,-78.0,274,122,15:56:35,2012-07-31
441905,133295,-78.0,274,122,15:56:35,2012-07-31
441910,133305,-78.75,274,122,15:56:34,2012-07-31
441910,133315,-79.0,274,122,15:56:33,2012-07-31
441915,133325,-79.0,274,122,15:56:32,2012-07-31
441915,133330,-79.0,274,122,15:56:32,2012-07-31
441915,133335,-79.0,274,122,15:56:32,2012-07-31
441920,133345,-77.5,274,122,15:56:31,2012-07-31
441920,133350,-77.0,274,122,15:56:30,2012-07-31
441920,133355,-77.0,274,122,15:56:30,2012-07-31
441920,133360,-77.0,274,122,15:56:30,2012-07-31
441920,133365,-76.25,274,122,15:56:30,2012-07-31
441925,133365,-76.0,274,122,15:56:29,2012-07-31
441925,133370,-76.0,274,122,15:56:29,2012-07-31
441925,133375,-76.0,274,122,15:56:29,2012-07-31
441925,133380,-73.75,274,122,15:56:28,2012-07-31
441925,133385,-73.0,274,122,15:56:28,2012-07-31
441930,133395,-71.0,274,122,15:56:27,2012-07-31
441930,133400,-70.0,274,122,15:56:26,2012-07-31
441930,133410,-71.199997,274,122,15:56:25,2012-07-31
441930,133415,-72.0,274,122,15:56:25,2012-07-31
441935,133420,-71.25,274,122,15:56:24,2012-07-31
441935,133425,-71.0,274,122,15:56:23,2012-07-31
441935,133435,-72.5,274,122,15:56:23,2012-07-31
441940,133445,-73.0,274,122,15:56:22,2012-07-31
441940,133455,-74.333336,274,122,15:56:21,2012-07-31
441945,133465,-75.599998,274,122,15:56:20,2012-07-31
441950,133475,-76.0,274,122,15:56:19,2012-07-31
441950,133480,-74.0,274,122,15:56:18,2012-07-31
441955,133485,-75.25,274,122,15:56:17,2012-07-31
441965,133505,-76.0,274,122,15:56:16,2012-07-31
441965,133510,-78.25,274,122,15:56:14,2012-07-31
441970,133520,-79.0,274,122,15:56:13,2012-07-31
441970,133530,-81.25,274,122,15:56:13,2012-07-31
441970,133535,-83.199997,274,122,15:56:11,2012-07-31
441970,133545,-85.0,274,122,15:56:10,2012-07-31
441970,133555,-87.25,274,122,15:56:10,2012-07-31
441975,133565,-89.199997,274,122,15:56:08,2012-07-31
441980,133580,-90.0,274,122,15:56:07,2012-07-31
441985,133585,-90.0,274,122,15:56:06,2012-07-31
441990,133595,-90.0,274,122,15:56:06,2012-07-31
442000,133600,-90.0,274,122,15:56:04,2012-07-31
442010,133610,-89.25,274,122,15:56:03,2012-07-31
442020,133620,-89.0,274,122,15:56:02,2012-07-31
442030,133620,-89.800003,274,122,15:56:01,2012-07-31
442040,133625,-90.0,274,122,15:56:00,2012-07-31
442045,133625,-90.0,274,122,15:55:59,2012-07-31
442055,133630,-90.0,274,122,15:55:57,2012-07-31
442060,133630,-90.0,274,122,15:55:56,2012-07-31
442065,133635,-90.666664,274,122,15:55:56,2012-07-31
442070,133645,-91.0,274,122,15:55:54,2012-07-31
442080,133660,-92.199997,274,122,15:55:53,2012-07-31
442085,133670,-94.0,274,122,15:55:52,2012-07-31
442090,133675,-95.0,274,122,15:55:51,2012-07-31
442095,133675,-94.333336,274,122,15:55:51,2012-07-31
442095,133680,-95.0,274,122,15:55:50,2012-07-31
442105,133690,-95.0,274,122,15:55:49,2012-07-31
442110,133695,-94.333336,274,122,15:55:49,2012-07-31
442125,133700,-93.25,274,122,15:55:47,2012-07-31
442130,133705,-93.0,274,122,15:55:46,2012-07-31
442140,133705,-92.25,274,122,15:55:46,2012-07-31
442155,133710,-90.5,274,122,15:55:44,2012-07-31
442160,133715,-90.0,274,122,15:55:44,2012-07-31
442165,133715,-88.5,274,122,15:55:43,2012-07-31
442170,133720,-88.0,274,122,15:55:42,2012-07-31
442175,133725,-88.75,274,122,15:55:42,2012-07-31
442180,133730,-89.0,274,122,15:55:41,2012-07-31
442185,133735,-87.800003,274,122,15:55:40,2012-07-31
442190,133740,-87.0,274,122,15:55:39,2012-07-31
442195,133745,-86.25,274,122,15:55:39,2012-07-31
442200,133750,-86.0,274,122,15:55:38,2012-07-31
442205,133755,-84.5,274,122,15:55:37,2012-07-31
442210,133760,-84.0,274,122,15:55:37,2012-07-31
442220,133765,-84.75,274,122,15:55:36,2012-07-31
442225,133770,-85.0,274,122,15:55:35,2012-07-31
442230,133775,-83.666664,274,122,15:55:35,2012-07-31
442235,133775,-83.0,274,122,15:55:34,2012-07-31
442250,133785,-83.666664,274,122,15:55:33,2012-07-31
442260,133790,-85.5,274,122,15:55:32,2012-07-31
442270,133790,-86.0,274,122,15:55:31,2012-07-31
442280,133795,-87.666664,274,122,15:55:30,2012-07-31
442285,133795,-88.666664,274,122,15:55:29,2012-07-31
442295,133800,-89.0,274,122,15:55:27,2012-07-31
442300,133800,-89.0,274,122,15:55:27,2012-07-31
442305,133805,-89.0,274,122,15:55:26,2012-07-31
442305,133810,-89.0,274,122,15:55:25,2012-07-31
442310,133815,-89.0,274,122,15:55:20,2012-07-31
442315,133820,-90.199997,274,122,15:55:19,2012-07-31
442320,133825,-91.0,274,122,15:55:18,2012-07-31
442325,133830,-89.5,274,122,15:55:18,2012-07-31
442330,133835,-89.0,274,122,15:55:16,2012-07-31
442335,133840,-89.0,274,122,15:55:15,2012-07-31
442340,133845,-88.199997,274,122,15:55:13,2012-07-31
442345,133845,-87.25,274,122,15:55:12,2012-07-31
442355,133850,-87.0,274,122,15:55:11,2012-07-31
442360,133850,-86.199997,274,122,15:55:10,2012-07-31
442370,133855,-86.0,274,122,15:55:09,2012-07-31
442375,133860,-86.0,274,122,15:55:08,2012-07-31
442385,133865,-84.5,274,122,15:55:06,2012-07-31
442390,133870,-83.800003,274,122,15:55:05,2012-07-31
442395,133875,-83.0,274,122,15:55:04,2012-07-31
442400,133880,-83.0,274,122,15:55:03,2012-07-31
442405,133885,-83.0,274,122,15:55:03,2012-07-31
442410,133890,-82.25,274,122,15:55:02,2012-07-31
442410,133895,-82.0,274,122,15:55:01,2012-07-31
442415,133900,-81.125,274,122,15:55:00,2012-07-31
442420,133905,-81.0,274,122,15:54:59,2012-07-31
442420,133910,-81.800003,274,122,15:54:59,2012-07-31
442425,133910,-82.0,274,122,15:54:59,2012-07-31
442430,133915,-82.0,274,122,15:54:58,2012-07-31
442430,133920,-82.0,274,122,15:54:57,2012-07-31
442435,133920,-83.5,274,122,15:54:56,2012-07-31
442435,133925,-84.0,274,122,15:54:56,2012-07-31
442440,133925,-84.0,274,122,15:54:56,2012-07-31
442440,133930,-84.0,274,122,15:54:55,2012-07-31
442445,133930,-83.25,274,122,15:54:55,2012-07-31
442445,133935,-83.0,274,122,15:54:54,2012-07-31
442450,133935,-82.25,274,122,15:54:54,2012-07-31
442450,133940,-82.0,274,122,15:54:53,2012-07-31
442455,133945,-82.75,274,122,15:54:52,2012-07-31
442460,133950,-82.5,274,122,15:54:51,2012-07-31
442465,133960,-80.666664,274,122,15:54:49,2012-07-31
442470,133970,-80.0,274,122,15:54:48,2012-07-31
442475,133970,-80.0,274,122,15:54:47,2012-07-31
442475,133975,-80.75,274,122,15:54:47,2012-07-31
442480,133985,-81.0,274,122,15:54:45,2012-07-31
442485,133990,-81.0,274,122,15:54:44,2012-07-31
442485,133995,-81.0,274,122,15:54:43,2012-07-31
442490,134000,-81.0,274,122,15:54:42,2012-07-31
442490,134005,-81.0,274,122,15:54:41,2012-07-31
442495,134010,-81.666664,274,122,15:51:08,2012-07-31
442495,134015,-82.409088,274,122,15:51:15,2012-07-31
442500,134015,-80.199997,274,122,15:51:07,2012-07-31
442495,134020,-82.97364,274,122,15:52:31,2012-07-31
442500,134020,-80.344086,274,122,15:53:20,2012-07-31
442505,134020,-81.0,274,122,15:51:05,2012-07-31
442510,134025,-81.0,274,122,15:51:05,2012-07-31
442520,134035,-81.0,274,122,15:51:03,2012-07-31
442525,134040,-81.0,274,122,15:51:03,2012-07-31
442530,134045,-80.25,274,122,15:51:02,2012-07-31
442535,134050,-80.0,274,122,15:51:01,2012-07-31
442540,134055,-79.25,274,122,15:51:01,2012-07-31
442545,134055,-79.0,274,122,15:51:00,2012-07-31
442545,134060,-79.0,274,122,15:50:59,2012-07-31
442550,134060,-79.0,274,122,15:50:59,2012-07-31
442550,134065,-79.0,274,122,15:50:58,2012-07-31
442560,134070,-78.25,274,122,15:50:58,2012-07-31
442565,134070,-78.0,274,122,15:50:57,2012-07-31
442570,134075,-79.599998,274,122,15:50:56,2012-07-31
442585,134080,-80.666664,274,122,15:50:55,2012-07-31
442595,134085,-81.0,274,122,15:50:53,2012-07-31
442605,134090,-81.0,274,122,15:50:52,2012-07-31
442610,134095,-81.0,274,122,15:50:51,2012-07-31
442615,134095,-80.14286,274,122,15:50:50,2012-07-31
442620,134100,-79.25,274,122,15:50:49,2012-07-31
442625,134110,-79.0,274,122,15:50:49,2012-07-31
442625,134115,-78.199997,274,122,15:50:47,2012-07-31
442625,134125,-76.666664,274,122,15:50:46,2012-07-31
442630,134135,-76.0,274,122,15:50:45,2012-07-31
442630,134145,-76.0,274,122,15:50:44,2012-07-31
442630,134155,-76.599998,274,122,15:50:44,2012-07-31
442635,134165,-77.5,274,122,15:50:42,2012-07-31
442635,134170,-78.0,274,122,15:50:41,2012-07-31
442635,134175,-78.75,274,122,15:50:41,2012-07-31
442640,134185,-79.0,274,122,15:50:40,2012-07-31
442640,134190,-82.0,274,122,15:50:39,2012-07-31
442640,134195,-83.0,274,122,15:50:39,2012-07-31
442645,134205,-83.75,274,122,15:50:38,2012-07-31
442645,134210,-84.0,274,122,15:50:37,2012-07-31
442645,134215,-83.25,274,122,15:50:37,2012-07-31
442650,134220,-81.666664,274,122,15:50:35,2012-07-31
443820,134220,-82.666664,274,122,15:46:53,2012-07-31
442655,134225,-81.0,274,122,15:50:34,2012-07-31
442660,134225,-81.0,274,122,15:50:34,2012-07-31
442665,134230,-81.0,274,122,15:50:33,2012-07-31
442670,134230,-78.75,274,122,15:50:32,2012-07-31
443825,134230,-82.0,274,122,15:46:52,2012-07-31
442675,134235,-78.0,274,122,15:50:32,2012-07-31
443830,134235,-79.5,274,122,15:46:51,2012-07-31
442680,134240,-75.75,274,122,15:50:31,2012-07-31
442685,134240,-75.0,274,122,15:50:30,2012-07-31
442690,134240,-73.0,274,122,15:50:29,2012-07-31
442690,134245,-72.0,274,122,15:50:29,2012-07-31
442695,134245,-72.0,274,122,15:50:29,2012-07-31
443835,134245,-79.599998,274,122,15:46:51,2012-07-31
442705,134250,-72.75,274,122,15:50:28,2012-07-31
443420,134250,-74.0,274,122,15:48:13,2012-07-31
443425,134250,-74.0,274,122,15:48:16,2012-07-31
443435,134250,-75.75,274,122,15:48:18,2012-07-31
442710,134255,-72.25,274,122,15:50:27,2012-07-31
443420,134255,-74.0,274,122,15:48:13,2012-07-31
443435,134255,-80.5,274,122,15:48:20,2012-07-31
443845,134255,-78.199997,274,122,15:46:49,2012-07-31
443955,134255,-71.0,274,122,15:44:55,2012-07-31
442715,134260,-72.0,274,122,15:50:26,2012-07-31
442720,134260,-72.75,274,122,15:50:25,2012-07-31
442755,134260,-77.0,274,122,15:50:19,2012-07-31
442760,134260,-77.368423,274,122,15:50:15,2012-07-31
442765,134260,-76.25,274,122,15:50:16,2012-07-31
443955,134260,-71.0,274,122,15:44:58,2012-07-31
443960,134260,-71.0,274,122,15:44:58,2012-07-31
442725,134265,-73.0,274,122,15:50:25,2012-07-31
442730,134265,-74.199997,274,122,15:50:24,2012-07-31
442735,134265,-75.0,274,122,15:50:23,2012-07-31
442740,134265,-76.85714,274,122,15:50:22,2012-07-31
442745,134265,-77.599998,274,122,15:50:05,2012-07-31
442750,134265,-74.199997,274,122,15:50:04,2012-07-31
442755,134265,-77.666664,274,122,15:50:20,2012-07-31
442760,134265,-70.0,274,122,15:50:03,2012-07-31
443455,134265,-80.0,274,122,15:48:21,2012-07-31
443960,134265,-71.36364,274,122,15:44:59,2012-07-31
442765,134270,-68.0,274,122,15:50:02,2012-07-31
443470,134270,-82.0,274,122,15:48:23,2012-07-31
443480,134270,-81.75,274,122,15:48:24,2012-07-31
443485,134270,-81.0,274,122,15:48:25,2012-07-31
443855,134270,-77.0,274,122,15:46:48,2012-07-31
443860,134270,-76.25,274,122,15:46:48,2012-07-31
443960,134270,-75.199997,274,122,15:45:01,2012-07-31
442770,134275,-66.400002,274,122,15:50:01,2012-07-31
443960,134275,-76.666664,274,122,15:45:03,2012-07-31
442770,134280,-64.400002,274,122,15:50:00,2012-07-31
443490,134280,-81.0,274,122,15:48:26,2012-07-31
443870,134280,-75.199997,274,122,15:46:46,2012-07-31
443960,134280,-79.900002,274,122,15:45:05,2012-07-31
443880,134285,-74.0,274,122,15:46:46,2012-07-31
443960,134285,-79.599998,274,122,15:45:07,2012-07-31
442775,134290,-63.700001,274,122,15:49:58,2012-07-31
443490,134290,-80.666664,274,122,15:48:27,2012-07-31
443885,134290,-75.0,274,122,15:46:45,2012-07-31
443960,134290,-79.0,274,122,15:45:08,2012-07-31
443490,134295,-80.199997,274,122,15:48:27,2012-07-31
443885,134295,-74.5,274,122,15:46:45,2012-07-31
443890,134295,-75.0,274,122,15:46:44,2012-07-31
443960,134295,-78.5,274,122,15:45:10,2012-07-31
443895,134300,-73.5,274,122,15:46:44,2012-07-31
443960,134300,-75.300003,274,122,15:45:12,2012-07-31
442780,134305,-62.400002,274,122,15:49:57,2012-07-31
443490,134305,-81.0,274,122,15:48:29,2012-07-31
443900,134305,-73.0,274,122,15:46:43,2012-07-31
443960,134305,-75.0,274,122,15:45:13,2012-07-31
443905,134310,-74.599998,274,122,15:46:42,2012-07-31
443960,134310,-76.0,274,122,15:45:15,2012-07-31
443490,134315,-80.375,274,122,15:48:29,2012-07-31
443910,134315,-75.0,274,122,15:46:41,2012-07-31
443960,134315,-77.800003,274,122,15:45:16,2012-07-31
443485,134320,-79.5,274,122,15:48:31,2012-07-31
443915,134320,-75.75,274,122,15:46:41,2012-07-31
443920,134320,-76.0,274,122,15:46:40,2012-07-31
443960,134320,-79.0,274,122,15:45:17,2012-07-31
443485,134325,-78.599998,274,122,15:48:32,2012-07-31
443925,134325,-76.666664,274,122,15:46:39,2012-07-31
443965,134325,-78.625,274,122,15:45:19,2012-07-31
442790,134330,-63.333332,274,122,15:49:56,2012-07-31
443935,134330,-77.0,274,122,15:46:38,2012-07-31
443940,134330,-77.0,274,122,15:46:37,2012-07-31
443965,134330,-79.800003,274,122,15:45:22,2012-07-31
443475,134335,-81.0,274,122,15:48:33,2012-07-31
443945,134335,-79.400002,274,122,15:46:36,2012-07-31
443965,134335,-79.0,274,122,15:45:23,2012-07-31
442800,134340,-64.599998,274,122,15:49:54,2012-07-31
443470,134340,-81.333336,274,122,15:48:34,2012-07-31
443950,134340,-80.0,274,122,15:46:35,2012-07-31
443965,134340,-79.800003,274,122,15:45:24,2012-07-31
443955,134345,-80.0,274,122,15:46:34,2012-07-31
443965,134345,-81.0,274,122,15:45:26,2012-07-31
442805,134350,-65.0,274,122,15:49:53,2012-07-31
443450,134350,-81.75,274,122,15:48:35,2012-07-31
443455,134350,-82.0,274,122,15:48:34,2012-07-31
443960,134350,-80.0,274,122,15:46:32,2012-07-31
443445,134355,-81.0,274,122,15:48:36,2012-07-31
442815,134360,-64.199997,274,122,15:49:52,2012-07-31
443400,134360,-83.0,274,122,15:48:39,2012-07-31
443415,134360,-81.5,274,122,15:48:38,2012-07-31
443425,134360,-81.0,274,122,15:48:37,2012-07-31
443435,134360,-81.0,274,122,15:48:36,2012-07-31
443365,134365,-84.0,274,122,15:48:42,2012-07-31
443370,134365,-84.0,274,122,15:48:41,2012-07-31
443375,134365,-83.25,274,122,15:48:41,2012-07-31
443385,134365,-83.0,274,122,15:48:40,2012-07-31
442830,134370,-64.75,274,122,15:49:51,2012-07-31
443350,134370,-84.0,274,122,15:48:43,2012-07-31
443345,134375,-83.75,274,122,15:48:44,2012-07-31
442835,134380,-64.400002,274,122,15:49:50,2012-07-31
443325,134380,-83.0,274,122,15:48:45,2012-07-31
443330,134380,-83.0,274,122,15:48:44,2012-07-31
443320,134385,-83.0,274,122,15:48:46,2012-07-31
442840,134390,-63.200001,274,122,15:49:49,2012-07-31
443310,134390,-82.5,274,122,15:48:46,2012-07-31
443300,134395,-81.0,274,122,15:48:47,2012-07-31
443305,134395,-81.0,274,122,15:48:47,2012-07-31
442845,134400,-62.0,274,122,15:49:48,2012-07-31
443290,134400,-79.5,274,122,15:48:48,2012-07-31
443295,134400,-81.0,274,122,15:48:47,2012-07-31
442850,134405,-65.0,274,122,15:49:47,2012-07-31
443280,134405,-78.0,274,122,15:48:49,2012-07-31
443285,134405,-78.0,274,122,15:48:48,2012-07-31
442850,134410,-65.0,274,122,15:49:46,2012-07-31
442855,134410,-62.0,274,122,15:49:47,2012-07-31
442860,134415,-66.333336,274,122,15:49:46,2012-07-31
442885,134415,-68.5,274,122,15:49:43,2012-07-31
442890,134415,-69.0,274,122,15:49:42,2012-07-31
442900,134415,-69.75,274,122,15:49:41,2012-07-31
442905,134415,-70.0,274,122,15:49:41,2012-07-31
442910,134415,-69.25,274,122,15:49:40,2012-07-31
442920,134415,-69.0,274,122,15:49:39,2012-07-31
442925,134415,-66.75,274,122,15:49:39,2012-07-31
442935,134415,-66.0,274,122,15:49:38,2012-07-31
442870,134420,-67.0,274,122,15:49:44,2012-07-31
442880,134420,-67.0,274,122,15:49:44,2012-07-31
442945,134420,-66.0,274,122,15:49:37,2012-07-31
442950,134425,-66.0,274,122,15:49:37,2012-07-31
443165,134425,-74.0,274,122,15:49:00,2012-07-31
442960,134430,-66.75,274,122,15:49:36,2012-07-31
442965,134435,-67.0,274,122,15:49:35,2012-07-31
443150,134440,-74.0,274,122,15:49:02,2012-07-31
443150,134445,-74.0,274,122,15:49:03,2012-07-31
442970,134450,-66.199997,274,122,15:49:34,2012-07-31
443145,134455,-74.0,274,122,15:49:04,2012-07-31
442975,134460,-66.0,274,122,15:49:33,2012-07-31
443135,134460,-74.0,274,122,15:49:05,2012-07-31
442980,134470,-66.5,274,122,15:49:32,2012-07-31
443130,134470,-74.0,274,122,15:49:05,2012-07-31
443120,134475,-75.333336,274,122,15:49:06,2012-07-31
442985,134480,-67.0,274,122,15:49:30,2012-07-31
443115,134480,-79.0,274,122,15:49:08,2012-07-31
443105,134485,-81.0,274,122,15:49:08,2012-07-31
442990,134490,-68.714287,274,122,15:49:30,2012-07-31
443095,134495,-81.25,274,122,15:49:09,2012-07-31
442995,134500,-69.428574,274,122,15:49:29,2012-07-31
443085,134500,-83.0,274,122,15:49:10,2012-07-31
443005,134505,-70.0,274,122,15:49:28,2012-07-31
443005,134515,-69.199997,274,122,15:49:27,2012-07-31
443075,134515,-84.0,274,122,15:49:12,2012-07-31
443065,134520,-84.0,274,122,15:49:13,2012-07-31
443010,134525,-69.666664,274,122,15:49:26,2012-07-31
443060,134525,-84.0,274,122,15:49:14,2012-07-31
443010,134530,-70.0,274,122,15:49:24,2012-07-31
443055,134530,-83.25,274,122,15:49:15,2012-07-31
443035,134535,-79.0,274,122,15:49:17,2012-07-31
443045,134535,-80.599998,274,122,15:49:16,2012-07-31
443015,134540,-70.0,274,122,15:49:22,2012-07-31
443020,134540,-70.0,274,122,15:49:21,2012-07-31
443025,134540,-74.800003,274,122,15:49:20,2012-07-31
443030,134540,-78.5,274,122,15:49:18,2012-07-31
441425,131795,-63.0,274,122,16:02:48,2012-07-31
441425,131800,-63.0,274,122,16:02:49,2012-07-31
441425,131805,-63.0,274,122,16:02:49,2012-07-31
441425,131815,-63.0,274,122,16:02:50,2012-07-31
441420,131820,-63.0,274,122,16:02:51,2012-07-31
441420,131825,-63.0,274,122,16:02:52,2012-07-31
441425,131830,-63.0,274,122,16:02:52,2012-07-31
441425,131835,-63.0,274,122,16:02:53,2012-07-31
441425,131840,-63.0,274,122,16:02:54,2012-07-31
441580,131845,-79.5,274,122,15:59:09,2012-07-31
441585,131845,-80.0,274,122,15:59:08,2012-07-31
441590,131845,-80.0,274,122,15:59:07,2012-07-31
441595,131845,-80.0,274,122,15:59:07,2012-07-31
441600,131845,-80.75,274,122,15:59:06,2012-07-31
441425,131850,-63.200001,274,122,16:02:54,2012-07-31
441495,131850,-74.599998,274,122,15:59:20,2012-07-31
441500,131850,-75.0,274,122,15:59:19,2012-07-31
441505,131850,-75.0,274,122,15:59:18,2012-07-31
441515,131850,-75.0,274,122,15:59:18,2012-07-31
441520,131850,-75.0,274,122,15:59:17,2012-07-31
441530,131850,-75.0,274,122,15:59:16,2012-07-31
441545,131850,-75.333336,274,122,15:59:13,2012-07-31
441550,131850,-76.0,274,122,15:59:13,2012-07-31
441560,131850,-76.0,274,122,15:59:11,2012-07-31
441565,131850,-77.5,274,122,15:59:11,2012-07-31
441570,131850,-78.0,274,122,15:59:10,2012-07-31
441610,131850,-81.0,274,122,15:59:06,2012-07-31
441615,131850,-81.0,274,122,15:59:05,2012-07-31
441425,131855,-64.0,274,122,16:02:56,2012-07-31
441625,131855,-81.0,274,122,15:59:04,2012-07-31
441630,131855,-81.75,274,122,15:59:04,2012-07-31
441425,131860,-62.5,274,122,16:02:57,2012-07-31
441485,131860,-74.0,274,122,15:59:22,2012-07-31
441635,131860,-82.0,274,122,15:59:03,2012-07-31
441415,131865,-57.0,274,122,16:02:59,2012-07-31
441420,131865,-60.0,274,122,16:02:58,2012-07-31
441640,131865,-82.0,274,122,15:59:02,2012-07-31
441645,131865,-82.0,274,122,15:59:02,2012-07-31
441400,131870,-51.400002,274,122,16:03:01,2012-07-31
441405,131870,-55.0,274,122,16:02:59,2012-07-31
441650,131870,-82.0,274,122,15:59:01,2012-07-31
441210,131875,-42.0,274,122,16:00:28,2012-07-31
441220,131875,-42.0,274,122,16:00:27,2012-07-31
441230,131875,-42.0,274,122,16:00:26,2012-07-31
441240,131875,-41.200001,274,122,16:00:25,2012-07-31
441245,131875,-44.0,274,122,16:00:24,2012-07-31
441385,131875,-47.75,274,122,16:03:02,2012-07-31
441410,131875,-54.0,274,122,15:59:50,2012-07-31
441415,131875,-57.200001,274,122,15:59:49,2012-07-31
441420,131875,-57.400002,274,122,15:59:47,2012-07-31
441480,131875,-74.75,274,122,15:59:23,2012-07-31
441655,131875,-83.599998,274,122,15:59:01,2012-07-31
441190,131880,-43.0,274,122,16:00:30,2012-07-31
441200,131880,-44.692307,274,122,16:00:29,2012-07-31
441210,131880,-50.0,274,122,16:03:26,2012-07-31
441215,131880,-50.0,274,122,16:03:26,2012-07-31
441220,131880,-49.25,274,122,16:03:25,2012-07-31
441225,131880,-49.0,274,122,16:03:24,2012-07-31
441235,131880,-46.75,274,122,16:03:23,2012-07-31
441240,131880,-46.0,274,122,16:03:23,2012-07-31
441255,131880,-43.799999,274,122,16:00:23,2012-07-31
441370,131880,-42.0,274,122,16:03:04,2012-07-31
441380,131880,-43.5,274,122,16:03:04,2012-07-31
441390,131880,-46.599998,274,122,15:59:53,2012-07-31
441395,131880,-47.0,274,122,15:59:52,2012-07-31
441400,131880,-49.25,274,122,15:59:52,2012-07-31
441425,131880,-57.0,274,122,15:59:47,2012-07-31
441480,131880,-76.666664,274,122,15:59:25,2012-07-31
441660,131880,-84.0,274,122,15:59:00,2012-07-31
441665,131880,-84.0,274,122,15:58:59,2012-07-31
441670,131880,-84.0,274,122,15:58:59,2012-07-31
441180,131885,-43.0,274,122,16:00:31,2012-07-31
441195,131885,-48.0,274,122,16:03:30,2012-07-31
441200,131885,-51.0,274,122,16:03:28,2012-07-31
441245,131885,-45.25,274,122,16:03:22,2012-07-31
441260,131885,-43.0,274,122,16:00:22,2012-07-31
441355,131885,-40.666668,274,122,16:03:06,2012-07-31
441360,131885,-41.666668,274,122,16:03:05,2012-07-31
441370,131885,-42.0,274,122,15:59:57,2012-07-31
441375,131885,-42.75,274,122,15:59:56,2012-07-31
441380,131885,-43.0,274,122,15:59:55,2012-07-31
441385,131885,-45.25,274,122,15:59:54,2012-07-31
441430,131885,-58.333332,274,122,15:59:45,2012-07-31
441670,131885,-84.0,274,122,15:58:59,2012-07-31
441675,131885,-84.0,274,122,15:58:59,2012-07-31
441755,131885,-84.0,274,122,15:58:52,2012-07-31
441765,131885,-85.5,274,122,15:58:51,2012-07-31
441775,131885,-86.0,274,122,15:58:50,2012-07-31
441165,131890,-42.799999,274,122,16:00:34,2012-07-31
441175,131890,-43.0,274,122,16:00:33,2012-07-31
441255,131890,-45.0,274,122,16:03:21,2012-07-31
441260,131890,-44.25,274,122,16:03:21,2012-07-31
441275,131890,-44.599998,274,122,16:00:21,2012-07-31
441335,131890,-42.0,274,122,16:03:09,2012-07-31
441345,131890,-40.5,274,122,16:03:08,2012-07-31
441355,131890,-42.0,274,122,15:59:59,2012-07-31
441360,131890,-42.0,274,122,15:59:58,2012-07-31
441365,131890,-42.0,274,122,15:59:57,2012-07-31
441430,131890,-61.0,274,122,15:59:44,2012-07-31
441690,131890,-84.0,274,122,15:58:58,2012-07-31
441735,131890,-84.75,274,122,15:58:54,2012-07-31
441745,131890,-84.5,274,122,15:58:52,2012-07-31
441785,131890,-86.0,274,122,15:58:49,2012-07-31
441795,131890,-86.0,274,122,15:58:48,2012-07-31
441030,131895,-58.0,274,122,16:00:48,2012-07-31
441035,131895,-58.0,274,122,16:00:47,2012-07-31
441155,131895,-42.0,274,122,16:00:35,2012-07-31
441200,131895,-44.5,274,122,16:04:02,2012-07-31
441265,131895,-44.0,274,122,16:03:20,2012-07-31
441270,131895,-44.0,274,122,16:03:19,2012-07-31
441280,131895,-44.200001,274,122,16:00:19,2012-07-31
441320,131895,-43.666668,274,122,16:03:11,2012-07-31
441330,131895,-42.666668,274,122,16:03:09,2012-07-31
441335,131895,-40.0,274,122,16:00:01,2012-07-31
441340,131895,-41.5,274,122,16:00:00,2012-07-31
441345,131895,-42.0,274,122,15:59:59,2012-07-31
441350,131895,-42.0,274,122,15:59:59,2012-07-31
441430,131895,-61.125,274,122,15:59:42,2012-07-31
441710,131895,-84.0,274,122,15:58:56,2012-07-31
441720,131895,-84.0,274,122,15:58:55,2012-07-31
441730,131895,-84.0,274,122,15:58:54,2012-07-31
441800,131895,-85.0,274,122,15:58:47,2012-07-31
441040,131900,-57.166668,274,122,16:00:46,2012-07-31
441045,131900,-57.0,274,122,16:00:46,2012-07-31
441050,131900,-55.0,274,122,16:00:45,2012-07-31
441125,131900,-43.666668,274,122,16:00:37,2012-07-31
441140,131900,-42.799999,274,122,16:00:35,2012-07-31
441275,131900,-44.0,274,122,16:03:18,2012-07-31
441280,131900,-45.444443,274,122,16:03:18,2012-07-31
441310,131900,-43.333332,274,122,16:03:12,2012-07-31
441320,131900,-42.0,274,122,16:00:04,2012-07-31
441325,131900,-41.200001,274,122,16:00:02,2012-07-31
441330,131900,-40.25,274,122,16:00:01,2012-07-31
441430,131900,-64.0,274,122,15:59:41,2012-07-31
441470,131900,-76.0,274,122,15:59:26,2012-07-31
441055,131905,-54.0,274,122,16:00:45,2012-07-31
441060,131905,-50.25,274,122,16:00:44,2012-07-31
441095,131905,-47.0,274,122,16:00:40,2012-07-31
441100,131905,-45.666668,274,122,16:00:40,2012-07-31
441105,131905,-45.0,274,122,16:00:39,2012-07-31
441110,131905,-43.5,274,122,16:00:38,2012-07-31
441280,131905,-43.0,274,122,16:03:17,2012-07-31
441290,131905,-48.0,274,122,16:00:17,2012-07-31
441300,131905,-44.5,274,122,16:03:14,2012-07-31
441305,131905,-45.0,274,122,16:03:13,2012-07-31
441310,131905,-42.599998,274,122,16:00:07,2012-07-31
441315,131905,-42.5,274,122,16:00:06,2012-07-31
441430,131905,-65.333336,274,122,15:59:40,2012-07-31
441470,131905,-75.199997,274,122,15:59:28,2012-07-31
441810,131905,-84.0,274,122,15:58:46,2012-07-31
441080,131910,-49.0,274,122,16:00:42,2012-07-31
441085,131910,-47.5,274,122,16:00:41,2012-07-31
441090,131910,-47.0,274,122,16:00:40,2012-07-31
441290,131910,-43.75,274,122,16:03:15,2012-07-31
441295,131910,-50.75,274,122,16:00:16,2012-07-31
441300,131910,-49.75,274,122,16:00:11,2012-07-31
441305,131910,-48.0,274,122,16:00:11,2012-07-31
441815,131910,-84.75,274,122,15:58:45,2012-07-31
441300,131915,-50.0,274,122,16:00:13,2012-07-31
441435,131915,-66.0,274,122,15:59:38,2012-07-31
441435,131920,-64.666664,274,122,15:59:37,2012-07-31
441460,131920,-72.888885,274,122,15:59:29,2012-07-31
441820,131920,-83.666664,274,122,15:58:43,2012-07-31
441435,131925,-64.0,274,122,15:59:36,2012-07-31
441460,131925,-72.0,274,122,15:59:29,2012-07-31
441440,131930,-64.0,274,122,15:59:35,2012-07-31
441455,131930,-70.0,274,122,15:59:30,2012-07-31
441825,131930,-82.400002,274,122,15:58:42,2012-07-31
441440,131935,-62.400002,274,122,15:59:34,2012-07-31
441445,131935,-63.5,274,122,15:59:33,2012-07-31
441450,131935,-65.800003,274,122,15:59:32,2012-07-31
441825,131935,-82.0,274,122,15:58:42,2012-07-31
441830,131945,-82.800003,274,122,15:58:41,2012-07-31
441840,131950,-83.75,274,122,15:58:40,2012-07-31
441845,131960,-84.0,274,122,15:58:38,2012-07-31
441855,131965,-84.0,274,122,15:58:37,2012-07-31
441865,131970,-84.0,274,122,15:58:37,2012-07-31
441875,131975,-84.75,274,122,15:58:35,2012-07-31
441885,131980,-85.0,274,122,15:58:34,2012-07-31
441890,131995,-85.0,274,122,15:58:33,2012-07-31
441895,132005,-86.5,274,122,15:58:32,2012-07-31
441895,132010,-86.199997,274,122,15:58:31,2012-07-31
441895,132020,-86.428574,274,122,15:58:30,2012-07-31
441890,132030,-87.0,274,122,15:58:29,2012-07-31
441885,132045,-87.0,274,122,15:58:28,2012-07-31
441880,132065,-87.0,274,122,15:58:27,2012-07-31
441880,132080,-86.25,274,122,15:58:25,2012-07-31
441880,132090,-88.25,274,122,15:58:24,2012-07-31
441875,132105,-89.0,274,122,15:58:23,2012-07-31
441875,132120,-89.75,274,122,15:58:23,2012-07-31
441875,132135,-90.0,274,122,15:58:22,2012-07-31
441880,132150,-90.0,274,122,15:58:21,2012-07-31
441880,132155,-90.0,274,122,15:58:20,2012-07-31
441880,132165,-90.75,274,122,15:58:20,2012-07-31
441885,132175,-91.0,274,122,15:58:19,2012-07-31
441885,132185,-90.25,274,122,15:58:18,2012-07-31
441885,132195,-90.0,274,122,15:58:18,2012-07-31
441890,132205,-88.199997,274,122,15:58:17,2012-07-31
441890,132220,-87.0,274,122,15:58:16,2012-07-31
441890,132225,-86.25,274,122,15:58:16,2012-07-31
441890,132245,-85.333336,274,122,15:58:14,2012-07-31
441895,132260,-83.666664,274,122,15:58:13,2012-07-31
441900,132275,-83.0,274,122,15:58:11,2012-07-31
441970,132275,-82.800003,274,122,15:58:04,2012-07-31
441905,132280,-83.666664,274,122,15:58:10,2012-07-31
441915,132280,-84.0,274,122,15:58:09,2012-07-31
441930,132280,-83.199997,274,122,15:58:08,2012-07-31
441945,132280,-83.85714,274,122,15:58:07,2012-07-31
441955,132280,-84.0,274,122,15:58:06,2012-07-31
441975,132280,-82.0,274,122,15:58:04,2012-07-31
441985,132280,-80.400002,274,122,15:58:02,2012-07-31
441990,132285,-79.0,274,122,15:58:01,2012-07-31
442000,132295,-76.181816,274,122,15:57:59,2012-07-31
442005,132305,-75.25,274,122,15:57:59,2012-07-31
442010,132320,-76.333336,274,122,15:57:57,2012-07-31
442010,132330,-77.75,274,122,15:57:56,2012-07-31
442010,132340,-78.0,274,122,15:57:54,2012-07-31
442015,132350,-78.0,274,122,15:57:54,2012-07-31
442015,132355,-79.333336,274,122,15:57:53,2012-07-31
442020,132365,-81.199997,274,122,15:57:52,2012-07-31
442025,132380,-82.0,274,122,15:57:50,2012-07-31
442030,132385,-82.0,274,122,15:57:49,2012-07-31
442035,132410,-83.599998,274,122,15:57:47,2012-07-31
442040,132420,-84.0,274,122,15:57:46,2012-07-31
442045,132430,-83.400002,274,122,15:57:44,2012-07-31
442050,132440,-83.0,274,122,15:57:44,2012-07-31
442055,132450,-82.25,274,122,15:57:43,2012-07-31
442055,132460,-82.0,274,122,15:57:42,2012-07-31
442060,132470,-80.5,274,122,15:57:40,2012-07-31
442060,132480,-79.75,274,122,15:57:39,2012-07-31
440385,132485,-69.0,274,122,18:03:35,2012-07-27
442065,132485,-79.666664,274,122,15:57:39,2012-07-31
442065,132495,-80.0,274,122,15:57:38,2012-07-31
440375,132505,-69.0,274,122,18:03:34,2012-07-27
442060,132515,-80.0,274,122,15:57:37,2012-07-31
442060,132530,-81.599998,274,122,15:57:36,2012-07-31
442055,132540,-81.199997,274,122,15:57:34,2012-07-31
440355,132545,-69.777779,274,122,18:03:34,2012-07-27
442055,132550,-83.0,274,122,15:57:33,2012-07-31
442050,132555,-82.0,274,122,15:57:33,2012-07-31
442050,132560,-83.0,274,122,15:57:32,2012-07-31
440345,132565,-70.800003,274,122,18:03:32,2012-07-27
442050,132565,-83.0,274,122,15:57:32,2012-07-31
442050,132570,-82.333336,274,122,15:57:32,2012-07-31
442045,132585,-81.400002,274,122,15:57:30,2012-07-31
442045,132590,-81.0,274,122,15:57:30,2012-07-31
442040,132595,-81.0,274,122,15:57:30,2012-07-31
440330,132600,-70.25,274,122,18:03:30,2012-07-27
442040,132600,-81.0,274,122,15:57:29,2012-07-31
442040,132605,-78.85714,274,122,15:57:29,2012-07-31
440325,132610,-67.75,274,122,18:03:29,2012-07-27
442040,132610,-78.0,274,122,15:57:28,2012-07-31
442035,132620,-78.0,274,122,15:57:27,2012-07-31
442030,132630,-78.0,274,122,15:57:27,2012-07-31
440310,132640,-67.0,274,122,18:03:28,2012-07-27
442030,132645,-78.0,274,122,15:57:26,2012-07-31
440295,132655,-67.0,274,122,18:03:27,2012-07-27
442025,132655,-78.0,274,122,15:57:25,2012-07-31
442025,132660,-78.0,274,122,15:57:25,2012-07-31
442025,132670,-78.0,274,122,15:57:24,2012-07-31
440285,132675,-67.0,274,122,18:03:26,2012-07-27
442020,132680,-78.0,274,122,15:57:23,2012-07-31
442020,132685,-78.0,274,122,15:57:23,2012-07-31
440275,132695,-69.25,274,122,18:03:25,2012-07-27
442020,132695,-80.0,274,122,15:57:22,2012-07-31
440265,132715,-70.0,274,122,18:03:24,2012-07-27
442020,132720,-81.0,274,122,15:57:20,2012-07-31
442020,132730,-81.0,274,122,15:57:20,2012-07-31
440250,132735,-70.0,274,122,18:03:23,2012-07-27
442020,132740,-81.0,274,122,15:57:19,2012-07-31
440240,132750,-70.0,274,122,18:03:22,2012-07-27
442020,132750,-81.0,274,122,15:57:18,2012-07-31
440235,132760,-70.0,274,122,18:03:21,2012-07-27
442020,132760,-80.25,274,122,15:57:18,2012-07-31
442020,132775,-80.0,274,122,15:57:16,2012-07-31
440215,132785,-70.0,274,122,18:03:20,2012-07-27
442020,132790,-79.25,274,122,15:57:15,2012-07-31
442020,132795,-77.5,274,122,15:57:15,2012-07-31
440205,132805,-70.0,274,122,18:03:19,2012-07-27
442015,132820,-77.0,274,122,15:57:13,2012-07-31
442015,132825,-77.0,274,122,15:57:13,2012-07-31
442010,132835,-75.400002,274,122,15:57:12,2012-07-31
442010,132840,-74.333336,274,122,15:57:10,2012-07-31
442005,132855,-74.0,274,122,15:57:10,2012-07-31
441995,132870,-73.25,274,122,15:57:09,2012-07-31
441990,132885,-73.0,274,122,15:57:08,2012-07-31
441985,132895,-73.0,274,122,15:57:07,2012-07-31
441980,132910,-73.800003,274,122,15:57:06,2012-07-31
441975,132925,-74.0,274,122,15:57:05,2012-07-31
441970,132935,-74.0,274,122,15:57:04,2012-07-31
441965,132950,-73.199997,274,122,15:57:03,2012-07-31
441960,132965,-74.5,274,122,15:57:02,2012-07-31
441955,132980,-75.0,274,122,15:57:01,2012-07-31
441940,133005,-72.818184,274,122,15:56:59,2012-07-31
441935,133020,-70.5,274,122,15:56:58,2012-07-31
441925,133030,-69.0,274,122,15:56:56,2012-07-31
441920,133045,-68.0,274,122,15:56:56,2012-07-31
441915,133065,-65.599998,274,122,15:56:54,2012-07-31
441910,133080,-63.5,274,122,15:56:54,2012-07-31
441910,133090,-66.0,274,122,15:56:52,2012-07-31
441910,133095,-64.5,274,122,15:56:52,2012-07-31
441910,133105,-66.0,274,122,15:56:51,2012-07-31
441910,133110,-66.0,274,122,15:56:51,2012-07-31
441910,133125,-66.0,274,122,15:56:50,2012-07-31
441910,133130,-69.0,274,122,15:56:49,2012-07-31
441905,133140,-70.0,274,122,15:56:49,2012-07-31
441905,133150,-70.0,274,122,15:56:48,2012-07-31
441900,133160,-70.0,274,122,15:56:47,2012-07-31
441895,133165,-72.0,274,122,15:56:47,2012-07-31
441895,133175,-73.0,274,122,15:56:46,2012-07-31
441895,133180,-71.5,274,122,15:56:45,2012-07-31
441890,133190,-71.0,274,122,15:56:44,2012-07-31
441890,133195,-72.199997,274,122,15:56:44,2012-07-31
441890,133205,-73.0,274,122,15:56:43,2012-07-31
441890,133210,-73.0,274,122,15:56:42,2012-07-31
441890,133215,-73.0,274,122,15:56:42,2012-07-31
441890,133220,-74.5,274,122,15:56:41,2012-07-31
441890,133230,-75.0,274,122,15:56:40,2012-07-31
441895,133235,-75.666664,274,122,15:56:40,2012-07-31
441895,133245,-76.0,274,122,15:56:38,2012-07-31
441900,133250,-77.333336,274,122,15:56:38,2012-07-31
441900,133265,-78.0,274,122,15:56:37,2012-07-31
441900,133270,-78.0,274,122,15:56:37,2012-07-31
441905,133290,-78.0,274,122,15:56:35,2012-07-31
441905,133295,-78.0,274,122,15:56:35,2012-07-31
441910,133305,-78.75,274,122,15:56:34,2012-07-31
441910,133315,-79.0,274,122,15:56:33,2012-07-31
441915,133325,-79.0,274,122,15:56:32,2012-07-31
441915,133330,-79.0,274,122,15:56:32,2012-07-31
441915,133335,-79.0,274,122,15:56:32,2012-07-31
441920,133345,-77.5,274,122,15:56:31,2012-07-31
441920,133350,-77.0,274,122,15:56:30,2012-07-31
441920,133355,-77.0,274,122,15:56:30,2012-07-31
441920,133360,-77.0,274,122,15:56:30,2012-07-31
441920,133365,-76.25,274,122,15:56:30,2012-07-31
441925,133365,-76.0,274,122,15:56:29,2012-07-31
441925,133370,-76.0,274,122,15:56:29,2012-07-31
441925,133375,-76.0,274,122,15:56:29,2012-07-31
441925,133380,-73.75,274,122,15:56:28,2012-07-31
441925,133385,-73.0,274,122,15:56:28,2012-07-31
441930,133395,-71.0,274,122,15:56:27,2012-07-31
441930,133400,-70.0,274,122,15:56:26,2012-07-31
441930,133410,-71.199997,274,122,15:56:25,2012-07-31
441930,133415,-72.0,274,122,15:56:25,2012-07-31
441935,133420,-71.25,274,122,15:56:24,2012-07-31
441935,133425,-71.0,274,122,15:56:23,2012-07-31
441935,133435,-72.5,274,122,15:56:23,2012-07-31
441940,133445,-73.0,274,122,15:56:22,2012-07-31
441940,133455,-74.333336,274,122,15:56:21,2012-07-31
441945,133465,-75.599998,274,122,15:56:20,2012-07-31
441950,133475,-76.0,274,122,15:56:19,2012-07-31
441950,133480,-74.0,274,122,15:56:18,2012-07-31
441955,133485,-75.25,274,122,15:56:17,2012-07-31
441965,133505,-76.0,274,122,15:56:16,2012-07-31
441965,133510,-78.25,274,122,15:56:14,2012-07-31
441970,133520,-79.0,274,122,15:56:13,2012-07-31
441970,133530,-81.25,274,122,15:56:13,2012-07-31
441970,133535,-83.199997,274,122,15:56:11,2012-07-31
441970,133545,-85.0,274,122,15:56:10,2012-07-31
441970,133555,-87.25,274,122,15:56:10,2012-07-31
441975,133565,-89.199997,274,122,15:56:08,2012-07-31
441980,133580,-90.0,274,122,15:56:07,2012-07-31
441985,133585,-90.0,274,122,15:56:06,2012-07-31
441990,133595,-90.0,274,122,15:56:06,2012-07-31
442000,133600,-90.0,274,122,15:56:04,2012-07-31
442010,133610,-89.25,274,122,15:56:03,2012-07-31
442020,133620,-89.0,274,122,15:56:02,2012-07-31
442030,133620,-89.800003,274,122,15:56:01,2012-07-31
442040,133625,-90.0,274,122,15:56:00,2012-07-31
442045,133625,-90.0,274,122,15:55:59,2012-07-31
442055,133630,-90.0,274,122,15:55:57,2012-07-31
442060,133630,-90.0,274,122,15:55:56,2012-07-31
442065,133635,-90.666664,274,122,15:55:56,2012-07-31
442070,133645,-91.0,274,122,15:55:54,2012-07-31
442080,133660,-92.199997,274,122,15:55:53,2012-07-31
442085,133670,-94.0,274,122,15:55:52,2012-07-31
442090,133675,-95.0,274,122,15:55:51,2012-07-31
442095,133675,-94.333336,274,122,15:55:51,2012-07-31
442095,133680,-95.0,274,122,15:55:50,2012-07-31
442105,133690,-95.0,274,122,15:55:49,2012-07-31
442110,133695,-94.333336,274,122,15:55:49,2012-07-31
442125,133700,-93.25,274,122,15:55:47,2012-07-31
442130,133705,-93.0,274,122,15:55:46,2012-07-31
442140,133705,-92.25,274,122,15:55:46,2012-07-31
442155,133710,-90.5,274,122,15:55:44,2012-07-31
442160,133715,-90.0,274,122,15:55:44,2012-07-31
442165,133715,-88.5,274,122,15:55:43,2012-07-31
442170,133720,-88.0,274,122,15:55:42,2012-07-31
442175,133725,-88.75,274,122,15:55:42,2012-07-31
442180,133730,-89.0,274,122,15:55:41,2012-07-31
442185,133735,-87.800003,274,122,15:55:40,2012-07-31
442190,133740,-87.0,274,122,15:55:39,2012-07-31
442195,133745,-86.25,274,122,15:55:39,2012-07-31
442200,133750,-86.0,274,122,15:55:38,2012-07-31
442205,133755,-84.5,274,122,15:55:37,2012-07-31
442210,133760,-84.0,274,122,15:55:37,2012-07-31
442220,133765,-84.75,274,122,15:55:36,2012-07-31
442225,133770,-85.0,274,122,15:55:35,2012-07-31
442230,133775,-83.666664,274,122,15:55:35,2012-07-31
442235,133775,-83.0,274,122,15:55:34,2012-07-31
442250,133785,-83.666664,274,122,15:55:33,2012-07-31
442260,133790,-85.5,274,122,15:55:32,2012-07-31
442270,133790,-86.0,274,122,15:55:31,2012-07-31
442280,133795,-87.666664,274,122,15:55:30,2012-07-31
442285,133795,-88.666664,274,122,15:55:29,2012-07-31
442295,133800,-89.0,274,122,15:55:27,2012-07-31
442300,133800,-89.0,274,122,15:55:27,2012-07-31
442305,133805,-89.0,274,122,15:55:26,2012-07-31
442305,133810,-89.0,274,122,15:55:25,2012-07-31
442310,133815,-89.0,274,122,15:55:20,2012-07-31
442315,133820,-90.199997,274,122,15:55:19,2012-07-31
442320,133825,-91.0,274,122,15:55:18,2012-07-31
442325,133830,-89.5,274,122,15:55:18,2012-07-31
442330,133835,-89.0,274,122,15:55:16,2012-07-31
442335,133840,-89.0,274,122,15:55:15,2012-07-31
442340,133845,-88.199997,274,122,15:55:13,2012-07-31
442345,133845,-87.25,274,122,15:55:12,2012-07-31
442355,133850,-87.0,274,122,15:55:11,2012-07-31
442360,133850,-86.199997,274,122,15:55:10,2012-07-31
442370,133855,-86.0,274,122,15:55:09,2012-07-31
442375,133860,-86.0,274,122,15:55:08,2012-07-31
442385,133865,-84.5,274,122,15:55:06,2012-07-31
442390,133870,-83.800003,274,122,15:55:05,2012-07-31
442395,133875,-83.0,274,122,15:55:04,2012-07-31
442400,133880,-83.0,274,122,15:55:03,2012-07-31
442405,133885,-83.0,274,122,15:55:03,2012-07-31
442410,133890,-82.25,274,122,15:55:02,2012-07-31
442410,133895,-82.0,274,122,15:55:01,2012-07-31
442415,133900,-81.125,274,122,15:55:00,2012-07-31
442420,133905,-81.0,274,122,15:54:59,2012-07-31
442420,133910,-81.800003,274,122,15:54:59,2012-07-31
442425,133910,-82.0,274,122,15:54:59,2012-07-31
442430,133915,-82.0,274,122,15:54:58,2012-07-31
442430,133920,-82.0,274,122,15:54:57,2012-07-31
442435,133920,-83.5,274,122,15:54:56,2012-07-31
442435,133925,-84.0,274,122,15:54:56,2012-07-31
442440,133925,-84.0,274,122,15:54:56,2012-07-31
442440,133930,-84.0,274,122,15:54:55,2012-07-31
442445,133930,-83.25,274,122,15:54:55,2012-07-31
442445,133935,-83.0,274,122,15:54:54,2012-07-31
442450,133935,-82.25,274,122,15:54:54,2012-07-31
442450,133940,-82.0,274,122,15:54:53,2012-07-31
442455,133945,-82.75,274,122,15:54:52,2012-07-31
442460,133950,-82.5,274,122,15:54:51,2012-07-31
442465,133960,-80.666664,274,122,15:54:49,2012-07-31
442470,133970,-80.0,274,122,15:54:48,2012-07-31
442475,133970,-80.0,274,122,15:54:47,2012-07-31
442475,133975,-80.75,274,122,15:54:47,2012-07-31
442480,133985,-81.0,274,122,15:54:45,2012-07-31
442485,133990,-81.0,274,122,15:54:44,2012-07-31
442485,133995,-81.0,274,122,15:54:43,2012-07-31
442490,134000,-81.0,274,122,15:54:42,2012-07-31
442490,134005,-81.0,274,122,15:54:41,2012-07-31
442495,134010,-81.666664,274,122,15:51:08,2012-07-31
442495,134015,-82.409088,274,122,15:51:15,2012-07-31
442500,134015,-80.199997,274,122,15:51:07,2012-07-31
442495,134020,-82.97364,274,122,15:52:31,2012-07-31
442500,134020,-80.344086,274,122,15:53:20,2012-07-31
442505,134020,-81.0,274,122,15:51:05,2012-07-31
442510,134025,-81.0,274,122,15:51:05,2012-07-31
442520,134035,-81.0,274,122,15:51:03,2012-07-31
442525,134040,-81.0,274,122,15:51:03,2012-07-31
442530,134045,-80.25,274,122,15:51:02,2012-07-31
442535,134050,-80.0,274,122,15:51:01,2012-07-31
442540,134055,-79.25,274,122,15:51:01,2012-07-31
442545,134055,-79.0,274,122,15:51:00,2012-07-31
442545,134060,-79.0,274,122,15:50:59,2012-07-31
442550,134060,-79.0,274,122,15:50:59,2012-07-31
442550,134065,-79.0,274,122,15:50:58,2012-07-31
442560,134070,-78.25,274,122,15:50:58,2012-07-31
442565,134070,-78.0,274,122,15:50:57,2012-07-31
442570,134075,-79.599998,274,122,15:50:56,2012-07-31
442585,134080,-80.666664,274,122,15:50:55,2012-07-31
442595,134085,-81.0,274,122,15:50:53,2012-07-31
442605,134090,-81.0,274,122,15:50:52,2012-07-31
442610,134095,-81.0,274,122,15:50:51,2012-07-31
442615,134095,-80.14286,274,122,15:50:50,2012-07-31
442620,134100,-79.25,274,122,15:50:49,2012-07-31
442625,134110,-79.0,274,122,15:50:49,2012-07-31
442625,134115,-78.199997,274,122,15:50:47,2012-07-31
442625,134125,-76.666664,274,122,15:50:46,2012-07-31
442630,134135,-76.0,274,122,15:50:45,2012-07-31
442630,134145,-76.0,274,122,15:50:44,2012-07-31
442630,134155,-76.599998,274,122,15:50:44,2012-07-31
442635,134165,-77.5,274,122,15:50:42,2012-07-31
442635,134170,-78.0,274,122,15:50:41,2012-07-31
442635,134175,-78.75,274,122,15:50:41,2012-07-31
442640,134185,-79.0,274,122,15:50:40,2012-07-31
442640,134190,-82.0,274,122,15:50:39,2012-07-31
442640,134195,-83.0,274,122,15:50:39,2012-07-31
442645,134205,-83.75,274,122,15:50:38,2012-07-31
442645,134210,-84.0,274,122,15:50:37,2012-07-31
442645,134215,-83.25,274,122,15:50:37,2012-07-31
442650,134220,-81.666664,274,122,15:50:35,2012-07-31
443820,134220,-82.666664,274,122,15:46:53,2012-07-31
442655,134225,-81.0,274,122,15:50:34,2012-07-31
442660,134225,-81.0,274,122,15:50:34,2012-07-31
442665,134230,-81.0,274,122,15:50:33,2012-07-31
442670,134230,-78.75,274,122,15:50:32,2012-07-31
443825,134230,-82.0,274,122,15:46:52,2012-07-31
442675,134235,-78.0,274,122,15:50:32,2012-07-31
443830,134235,-79.5,274,122,15:46:51,2012-07-31
442680,134240,-75.75,274,122,15:50:31,2012-07-31
442685,134240,-75.0,274,122,15:50:30,2012-07-31
442690,134240,-73.0,274,122,15:50:29,2012-07-31
442690,134245,-72.0,274,122,15:50:29,2012-07-31
442695,134245,-72.0,274,122,15:50:29,2012-07-31
443835,134245,-79.599998,274,122,15:46:51,2012-07-31
442705,134250,-72.75,274,122,15:50:28,2012-07-31
443420,134250,-74.0,274,122,15:48:13,2012-07-31
443425,134250,-74.0,274,122,15:48:16,2012-07-31
443435,134250,-75.75,274,122,15:48:18,2012-07-31
442710,134255,-72.25,274,122,15:50:27,2012-07-31
443420,134255,-74.0,274,122,15:48:13,2012-07-31
443435,134255,-80.5,274,122,15:48:20,2012-07-31
443845,134255,-78.199997,274,122,15:46:49,2012-07-31
443955,134255,-71.0,274,122,15:44:55,2012-07-31
442715,134260,-72.0,274,122,15:50:26,2012-07-31
442720,134260,-72.75,274,122,15:50:25,2012-07-31
442755,134260,-77.0,274,122,15:50:19,2012-07-31
442760,134260,-77.368423,274,122,15:50:15,2012-07-31
442765,134260,-76.25,274,122,15:50:16,2012-07-31
443955,134260,-71.0,274,122,15:44:58,2012-07-31
443960,134260,-71.0,274,122,15:44:58,2012-07-31
442725,134265,-73.0,274,122,15:50:25,2012-07-31
442730,134265,-74.199997,274,122,15:50:24,2012-07-31
442735,134265,-75.0,274,122,15:50:23,2012-07-31
442740,134265,-76.85714,274,122,15:50:22,2012-07-31
442745,134265,-77.599998,274,122,15:50:05,2012-07-31
442750,134265,-74.199997,274,122,15:50:04,2012-07-31
442755,134265,-77.666664,274,122,15:50:20,2012-07-31
442760,134265,-70.0,274,122,15:50:03,2012-07-31
443455,134265,-80.0,274,122,15:48:21,2012-07-31
443960,134265,-71.36364,274,122,15:44:59,2012-07-31
442765,134270,-68.0,274,122,15:50:02,2012-07-31
443470,134270,-82.0,274,122,15:48:23,2012-07-31
443480,134270,-81.75,274,122,15:48:24,2012-07-31
443485,134270,-81.0,274,122,15:48:25,2012-07-31
443855,134270,-77.0,274,122,15:46:48,2012-07-31
443860,134270,-76.25,274,122,15:46:48,2012-07-31
443960,134270,-75.199997,274,122,15:45:01,2012-07-31
442770,134275,-66.400002,274,122,15:50:01,2012-07-31
443960,134275,-76.666664,274,122,15:45:03,2012-07-31
442770,134280,-64.400002,274,122,15:50:00,2012-07-31
443490,134280,-81.0,274,122,15:48:26,2012-07-31
443870,134280,-75.199997,274,122,15:46:46,2012-07-31
443960,134280,-79.900002,274,122,15:45:05,2012-07-31
443880,134285,-74.0,274,122,15:46:46,2012-07-31
443960,134285,-79.599998,274,122,15:45:07,2012-07-31
442775,134290,-63.700001,274,122,15:49:58,2012-07-31
443490,134290,-80.666664,274,122,15:48:27,2012-07-31
443885,134290,-75.0,274,122,15:46:45,2012-07-31
443960,134290,-79.0,274,122,15:45:08,2012-07-31
443490,134295,-80.199997,274,122,15:48:27,2012-07-31
443885,134295,-74.5,274,122,15:46:45,2012-07-31
443890,134295,-75.0,274,122,15:46:44,2012-07-31
443960,134295,-78.5,274,122,15:45:10,2012-07-31
443895,134300,-73.5,274,122,15:46:44,2012-07-31
443960,134300,-75.300003,274,122,15:45:12,2012-07-31
442780,134305,-62.400002,274,122,15:49:57,2012-07-31
443490,134305,-81.0,274,122,15:48:29,2012-07-31
443900,134305,-73.0,274,122,15:46:43,2012-07-31
443960,134305,-75.0,274,122,15:45:13,2012-07-31
443905,134310,-74.599998,274,122,15:46:42,2012-07-31
443960,134310,-76.0,274,122,15:45:15,2012-07-31
443490,134315,-80.375,274,122,15:48:29,2012-07-31
443910,134315,-75.0,274,122,15:46:41,2012-07-31
443960,134315,-77.800003,274,122,15:45:16,2012-07-31
443485,134320,-79.5,274,122,15:48:31,2012-07-31
443915,134320,-75.75,274,122,15:46:41,2012-07-31
443920,134320,-76.0,274,122,15:46:40,2012-07-31
443960,134320,-79.0,274,122,15:45:17,2012-07-31
443485,134325,-78.599998,274,122,15:48:32,2012-07-31
443925,134325,-76.666664,274,122,15:46:39,2012-07-31
443965,134325,-78.625,274,122,15:45:19,2012-07-31
442790,134330,-63.333332,274,122,15:49:56,2012-07-31
443935,134330,-77.0,274,122,15:46:38,2012-07-31
443940,134330,-77.0,274,122,15:46:37,2012-07-31
443965,134330,-79.800003,274,122,15:45:22,2012-07-31
443475,134335,-81.0,274,122,15:48:33,2012-07-31
443945,134335,-79.400002,274,122,15:46:36,2012-07-31
443965,134335,-79.0,274,122,15:45:23,2012-07-31
442800,134340,-64.599998,274,122,15:49:54,2012-07-31
443470,134340,-81.333336,274,122,15:48:34,2012-07-31
443950,134340,-80.0,274,122,15:46:35,2012-07-31
443965,134340,-79.800003,274,122,15:45:24,2012-07-31
443955,134345,-80.0,274,122,15:46:34,2012-07-31
443965,134345,-81.0,274,122,15:45:26,2012-07-31
442805,134350,-65.0,274,122,15:49:53,2012-07-31
443450,134350,-81.75,274,122,15:48:35,2012-07-31
443455,134350,-82.0,274,122,15:48:34,2012-07-31
443960,134350,-80.0,274,122,15:46:32,2012-07-31
443445,134355,-81.0,274,122,15:48:36,2012-07-31
442815,134360,-64.199997,274,122,15:49:52,2012-07-31
443400,134360,-83.0,274,122,15:48:39,2012-07-31
443415,134360,-81.5,274,122,15:48:38,2012-07-31
443425,134360,-81.0,274,122,15:48:37,2012-07-31
443435,134360,-81.0,274,122,15:48:36,2012-07-31
443365,134365,-84.0,274,122,15:48:42,2012-07-31
443370,134365,-84.0,274,122,15:48:41,2012-07-31
443375,134365,-83.25,274,122,15:48:41,2012-07-31
443385,134365,-83.0,274,122,15:48:40,2012-07-31
442830,134370,-64.75,274,122,15:49:51,2012-07-31
443350,134370,-84.0,274,122,15:48:43,2012-07-31
443345,134375,-83.75,274,122,15:48:44,2012-07-31
442835,134380,-64.400002,274,122,15:49:50,2012-07-31
443325,134380,-83.0,274,122,15:48:45,2012-07-31
443330,134380,-83.0,274,122,15:48:44,2012-07-31
443320,134385,-83.0,274,122,15:48:46,2012-07-31
442840,134390,-63.200001,274,122,15:49:49,2012-07-31
443310,134390,-82.5,274,122,15:48:46,2012-07-31
443300,134395,-81.0,274,122,15:48:47,2012-07-31
443305,134395,-81.0,274,122,15:48:47,2012-07-31
442845,134400,-62.0,274,122,15:49:48,2012-07-31
443290,134400,-79.5,274,122,15:48:48,2012-07-31
443295,134400,-81.0,274,122,15:48:47,2012-07-31
442850,134405,-65.0,274,122,15:49:47,2012-07-31
443280,134405,-78.0,274,122,15:48:49,2012-07-31
443285,134405,-78.0,274,122,15:48:48,2012-07-31
442850,134410,-65.0,274,122,15:49:46,2012-07-31
442855,134410,-62.0,274,122,15:49:47,2012-07-31
442860,134415,-66.333336,274,122,15:49:46,2012-07-31
442885,134415,-68.5,274,122,15:49:43,2012-07-31
442890,134415,-69.0,274,122,15:49:42,2012-07-31
442900,134415,-69.75,274,122,15:49:41,2012-07-31
442905,134415,-70.0,274,122,15:49:41,2012-07-31
442910,134415,-69.25,274,122,15:49:40,2012-07-31
442920,134415,-69.0,274,122,15:49:39,2012-07-31
442925,134415,-66.75,274,122,15:49:39,2012-07-31
442935,134415,-66.0,274,122,15:49:38,2012-07-31
442870,134420,-67.0,274,122,15:49:44,2012-07-31
442880,134420,-67.0,274,122,15:49:44,2012-07-31
442945,134420,-66.0,274,122,15:49:37,2012-07-31
442950,134425,-66.0,274,122,15:49:37,2012-07-31
443165,134425,-74.0,274,122,15:49:00,2012-07-31
442960,134430,-66.75,274,122,15:49:36,2012-07-31
442965,134435,-67.0,274,122,15:49:35,2012-07-31
443150,134440,-74.0,274,122,15:49:02,2012-07-31
443150,134445,-74.0,274,122,15:49:03,2012-07-31
442970,134450,-66.199997,274,122,15:49:34,2012-07-31
443145,134455,-74.0,274,122,15:49:04,2012-07-31
442975,134460,-66.0,274,122,15:49:33,2012-07-31
443135,134460,-74.0,274,122,15:49:05,2012-07-31
442980,134470,-66.5,274,122,15:49:32,2012-07-31
443130,134470,-74.0,274,122,15:49:05,2012-07-31
443120,134475,-75.333336,274,122,15:49:06,2012-07-31
442985,134480,-67.0,274,122,15:49:30,2012-07-31
443115,134480,-79.0,274,122,15:49:08,2012-07-31
443105,134485,-81.0,274,122,15:49:08,2012-07-31
442990,134490,-68.714287,274,122,15:49:30,2012-07-31
443095,134495,-81.25,274,122,15:49:09,2012-07-31
442995,134500,-69.428574,274,122,15:49:29,2012-07-31
443085,134500,-83.0,274,122,15:49:10,2012-07-31
443005,134505,-70.0,274,122,15:49:28,2012-07-31
443005,134515,-69.199997,274,122,15:49:27,2012-07-31
443075,134515,-84.0,274,122,15:49:12,2012-07-31
443065,134520,-84.0,274,122,15:49:13,2012-07-31
443010,134525,-69.666664,274,122,15:49:26,2012-07-31
443060,134525,-84.0,274,122,15:49:14,2012-07-31
443010,134530,-70.0,274,122,15:49:24,2012-07-31
443055,134530,-83.25,274,122,15:49:15,2012-07-31
443035,134535,-79.0,274,122,15:49:17,2012-07-31
443045,134535,-80.599998,274,122,15:49:16,2012-07-31
443015,134540,-70.0,274,122,15:49:22,2012-07-31
443020,134540,-70.0,274,122,15:49:21,2012-07-31
443025,134540,-74.800003,274,122,15:49:20,2012-07-31
443030,134540,-78.5,274,122,15:49:18,2012-07-31
