454600,117655,-73.0,5923,108,18:42:14,2012-07-31
454595,117660,-73.0,5923,108,18:42:13,2012-07-31
454595,117665,-73.0,5923,108,18:42:13,2012-07-31
454585,117675,-72.333336,5923,108,18:42:12,2012-07-31
454580,117680,-72.0,5923,108,18:50:44,2012-07-31
454570,117690,-72.0,5923,108,18:42:10,2012-07-31
454560,117695,-72.0,5923,108,18:50:43,2012-07-31
454565,117695,-72.0,5923,108,18:42:10,2012-07-31
454560,117700,-72.0,5923,108,18:42:10,2012-07-31
454550,117705,-72.0,5923,108,18:50:42,2012-07-31
454555,117705,-72.0,5923,108,18:42:09,2012-07-31
454560,117705,-72.0,5923,108,18:42:09,2012-07-31
454545,117715,-71.428574,5923,108,18:42:08,2012-07-31
454540,117720,-70.0,5923,108,18:42:07,2012-07-31
454530,117730,-69.875,5923,108,18:42:06,2012-07-31
454525,117735,-69.0,5923,108,18:42:06,2012-07-31
454515,117740,-70.199997,5923,108,18:42:05,2012-07-31
454510,117745,-68.0,5923,108,18:42:04,2012-07-31
454505,117750,-69.571426,5923,108,18:50:37,2012-07-31
454495,117755,-70.5,5923,108,18:50:36,2012-07-31
454505,117755,-69.333336,5923,108,18:42:04,2012-07-31
454490,117765,-68.0,5923,108,18:42:02,2012-07-31
454480,117770,-69.800003,5923,108,18:50:35,2012-07-31
454480,117775,-67.0,5923,108,18:42:01,2012-07-31
454470,117780,-67.800003,5923,108,18:50:34,2012-07-31
454475,117780,-65.666664,5923,108,18:42:01,2012-07-31
454465,117785,-67.0,5923,108,18:50:33,2012-07-31
454460,117790,-65.5,5923,108,18:50:32,2012-07-31
454465,117790,-65.0,5923,108,18:42:00,2012-07-31
454455,117795,-65.0,5923,108,18:50:31,2012-07-31
454450,117800,-65.0,5923,108,18:50:31,2012-07-31
454460,117800,-64.199997,5923,108,18:41:59,2012-07-31
454445,117810,-64.25,5923,108,18:41:58,2012-07-31
454440,117815,-61.555557,5923,108,18:41:57,2012-07-31
454430,117820,-60.0,5923,108,18:50:29,2012-07-31
454425,117825,-60.375,5923,108,18:41:55,2012-07-31
454410,117835,-63.666668,5923,108,18:50:26,2012-07-31
454395,117840,-64.25,5923,108,18:50:25,2012-07-31
454400,117840,-59.25,5923,108,18:41:52,2012-07-31
454405,117840,-60.0,5923,108,18:41:53,2012-07-31
454385,117845,-64.0,5923,108,18:50:24,2012-07-31
454390,117845,-59.0,5923,108,18:41:51,2012-07-31
454380,117850,-62.0,5923,108,18:41:51,2012-07-31
454375,117855,-64.0,5923,108,18:50:23,2012-07-31
454365,117860,-65.5,5923,108,18:50:22,2012-07-31
454375,117860,-61.0,5923,108,18:41:50,2012-07-31
454360,117865,-66.0,5923,108,18:50:22,2012-07-31
454365,117865,-61.0,5923,108,18:41:49,2012-07-31
454355,117870,-62.875,5923,108,18:41:47,2012-07-31
454350,117875,-66.0,5923,108,18:50:20,2012-07-31
454345,117880,-61.0,5923,108,18:41:47,2012-07-31
454340,117885,-63.75,5923,108,18:50:19,2012-07-31
454335,117890,-63.0,5923,108,18:50:19,2012-07-31
454340,117890,-61.0,5923,108,18:41:46,2012-07-31
454335,117895,-61.0,5923,108,18:41:45,2012-07-31
454325,117900,-63.0,5923,108,18:50:18,2012-07-31
454320,117910,-63.0,5923,108,18:50:17,2012-07-31
454315,117915,-62.25,5923,108,18:50:17,2012-07-31
454295,117940,-61.200001,5923,108,18:50:14,2012-07-31
454285,117955,-60.25,5923,108,18:50:14,2012-07-31
454275,117965,-60.0,5923,108,18:50:12,2012-07-31
454270,117980,-60.0,5923,108,18:50:12,2012-07-31
454260,117990,-60.0,5923,108,18:50:11,2012-07-31
454250,118005,-60.0,5923,108,18:50:10,2012-07-31
454240,118020,-60.0,5923,108,18:50:08,2012-07-31
454225,118045,-60.875,5923,108,18:50:08,2012-07-31
454220,118060,-61.75,5923,108,18:50:07,2012-07-31
454210,118075,-63.333332,5923,108,18:50:05,2012-07-31
454205,118090,-64.0,5923,108,18:50:04,2012-07-31
454195,118105,-65.0,5923,108,18:50:03,2012-07-31
454185,118130,-65.0,5923,108,18:50:02,2012-07-31
454175,118145,-67.5,5923,108,18:50:01,2012-07-31
454170,118160,-68.599998,5923,108,18:50:00,2012-07-31
454165,118175,-69.0,5923,108,18:49:59,2012-07-31
454155,118195,-69.0,5923,108,18:49:58,2012-07-31
454150,118210,-69.666664,5923,108,18:49:57,2012-07-31
454140,118225,-70.0,5923,108,18:49:55,2012-07-31
454135,118240,-70.0,5923,108,18:49:55,2012-07-31
454125,118255,-70.0,5923,108,18:49:54,2012-07-31
454120,118270,-70.0,5923,108,18:49:52,2012-07-31
453505,118290,-75.0,5923,108,14:57:21,2012-07-27
453500,118295,-75.0,5923,108,14:57:21,2012-07-27
453495,118300,-75.0,5923,108,14:57:21,2012-07-27
454105,118300,-71.666664,5923,108,18:49:51,2012-07-31
453490,118305,-75.0,5923,108,14:57:22,2012-07-27
453485,118310,-75.0,5923,108,14:57:23,2012-07-27
453480,118315,-75.0,5923,108,14:57:23,2012-07-27
453465,118335,-75.0,5923,108,14:57:25,2012-07-27
453460,118340,-75.0,5923,108,14:57:25,2012-07-27
454085,118340,-73.400002,5923,108,18:49:48,2012-07-31
453455,118345,-73.0,5923,108,14:57:26,2012-07-27
455355,118345,-61.0,5923,108,18:45:01,2012-07-31
453450,118355,-67.0,5923,108,14:57:27,2012-07-27
455360,118360,-61.0,5923,108,18:45:01,2012-07-31
453445,118365,-66.75,5923,108,14:57:28,2012-07-27
454075,118365,-73.0,5923,108,18:49:47,2012-07-31
453440,118370,-66.0,5923,108,14:57:28,2012-07-27
453435,118375,-66.5,5923,108,14:57:29,2012-07-27
453430,118380,-68.0,5923,108,14:57:30,2012-07-27
454070,118380,-72.400002,5923,108,18:49:46,2012-07-31
453430,118390,-68.25,5923,108,14:57:30,2012-07-27
453425,118395,-69.0,5923,108,14:57:31,2012-07-27
455380,118395,-61.0,5923,108,18:45:04,2012-07-31
453420,118400,-68.75,5923,108,14:57:32,2012-07-27
453415,118405,-68.0,5923,108,14:57:33,2012-07-27
453410,118410,-67.599998,5923,108,14:57:33,2012-07-27
454055,118410,-72.0,5923,108,18:49:44,2012-07-31
455395,118415,-61.0,5923,108,18:45:05,2012-07-31
453405,118420,-68.285713,5923,108,14:57:35,2012-07-27
454055,118420,-73.0,5923,108,18:41:11,2012-07-31
453400,118425,-69.666664,5923,108,14:57:36,2012-07-27
454050,118425,-69.5,5923,108,18:49:43,2012-07-31
454055,118425,-73.0,5923,108,18:41:10,2012-07-31
454050,118430,-72.0,5923,108,18:49:42,2012-07-31
455405,118430,-67.5,5923,108,18:45:07,2012-07-31
453395,118435,-67.0,5923,108,14:57:37,2012-07-27
453390,118440,-67.333336,5923,108,14:57:38,2012-07-27
454045,118440,-68.333336,5923,108,18:49:41,2012-07-31
454050,118440,-73.0,5923,108,18:41:10,2012-07-31
454045,118445,-71.400002,5923,108,18:41:09,2012-07-31
455415,118445,-74.0,5923,108,18:45:07,2012-07-31
453380,118450,-68.333336,5923,108,14:57:39,2012-07-27
453375,118455,-69.25,5923,108,14:57:40,2012-07-27
454040,118455,-71.0,5923,108,18:41:08,2012-07-31
454045,118455,-71.0,5923,108,18:41:09,2012-07-31
454040,118460,-68.5,5923,108,18:49:40,2012-07-31
455425,118460,-74.25,5923,108,18:45:09,2012-07-31
453370,118465,-70.0,5923,108,14:57:41,2012-07-27
454035,118465,-67.0,5923,108,18:49:40,2012-07-31
453360,118475,-68.800003,5923,108,14:57:42,2012-07-27
454035,118475,-69.333336,5923,108,18:41:07,2012-07-31
454030,118480,-67.0,5923,108,18:49:39,2012-07-31
454035,118480,-67.0,5923,108,18:49:39,2012-07-31
455440,118480,-75.0,5923,108,18:45:10,2012-07-31
453350,118485,-67.25,5923,108,14:57:43,2012-07-27
454030,118485,-67.0,5923,108,18:49:39,2012-07-31
455440,118485,-75.333336,5923,108,18:45:11,2012-07-31
453345,118490,-68.199997,5923,108,14:57:44,2012-07-27
454030,118490,-67.5,5923,108,18:49:38,2012-07-31
454025,118495,-67.0,5923,108,18:49:38,2012-07-31
454025,118500,-67.0,5923,108,18:49:38,2012-07-31
454020,118505,-67.5,5923,108,18:49:37,2012-07-31
453330,118510,-69.599998,5923,108,14:57:46,2012-07-27
454020,118510,-65.666664,5923,108,18:49:37,2012-07-31
454015,118515,-65.0,5923,108,18:49:36,2012-07-31
455450,118515,-76.333336,5923,108,18:45:12,2012-07-31
453315,118520,-69.333336,5923,108,14:57:47,2012-07-27
454010,118525,-66.888885,5923,108,18:49:36,2012-07-31
453310,118530,-68.0,5923,108,14:57:49,2012-07-27
455455,118530,-77.0,5923,108,18:45:13,2012-07-31
454005,118535,-67.0,5923,108,18:41:03,2012-07-31
455460,118540,-77.25,5923,108,18:45:13,2012-07-31
453295,118545,-68.800003,5923,108,14:57:50,2012-07-27
454000,118545,-67.666664,5923,108,18:49:34,2012-07-31
453995,118550,-67.666664,5923,108,18:41:02,2012-07-31
453285,118555,-69.75,5923,108,14:57:52,2012-07-27
453990,118555,-68.0,5923,108,18:49:33,2012-07-31
453280,118560,-70.0,5923,108,14:57:53,2012-07-27
453990,118560,-68.599998,5923,108,18:41:01,2012-07-31
453985,118565,-68.75,5923,108,18:49:33,2012-07-31
455460,118565,-78.666664,5923,108,18:45:15,2012-07-31
453985,118570,-69.0,5923,108,18:41:00,2012-07-31
455460,118570,-80.0,5923,108,18:45:15,2012-07-31
453265,118575,-71.599998,5923,108,14:57:55,2012-07-27
453980,118575,-68.333336,5923,108,18:40:59,2012-07-31
455460,118575,-80.0,5923,108,18:45:16,2012-07-31
453980,118580,-69.75,5923,108,18:49:31,2012-07-31
455460,118580,-80.0,5923,108,18:45:16,2012-07-31
453260,118585,-71.5,5923,108,14:57:56,2012-07-27
455460,118585,-80.0,5923,108,18:45:16,2012-07-31
453250,118590,-72.800003,5923,108,14:57:57,2012-07-27
453975,118590,-69.0,5923,108,18:40:59,2012-07-31
455460,118590,-80.0,5923,108,18:45:16,2012-07-31
455460,118595,-80.0,5923,108,18:45:17,2012-07-31
455465,118595,-80.0,5923,108,18:45:17,2012-07-31
453970,118600,-70.444443,5923,108,18:40:58,2012-07-31
453235,118605,-72.0,5923,108,14:57:58,2012-07-27
455465,118605,-80.0,5923,108,18:45:17,2012-07-31
453215,118610,-69.25,5923,108,14:58:00,2012-07-27
453225,118610,-71.199997,5923,108,14:57:59,2012-07-27
453965,118610,-72.0,5923,108,18:49:29,2012-07-31
453190,118615,-66.199997,5923,108,14:58:03,2012-07-27
453205,118615,-67.0,5923,108,14:58:01,2012-07-27
453965,118615,-70.25,5923,108,18:40:57,2012-07-31
453175,118620,-63.0,5923,108,14:58:04,2012-07-27
453960,118620,-70.0,5923,108,18:49:28,2012-07-31
453960,118625,-70.666664,5923,108,18:40:55,2012-07-31
453165,118630,-63.0,5923,108,14:58:04,2012-07-27
453955,118630,-70.75,5923,108,18:49:27,2012-07-31
453165,118635,-62.142857,5923,108,14:58:06,2012-07-27
453950,118635,-71.0,5923,108,18:40:54,2012-07-31
453945,118645,-70.333336,5923,108,18:49:26,2012-07-31
453155,118650,-61.400002,5923,108,14:58:07,2012-07-27
453945,118650,-71.75,5923,108,18:40:54,2012-07-31
453940,118660,-72.0,5923,108,18:49:24,2012-07-31
453935,118665,-70.0,5923,108,18:49:24,2012-07-31
453150,118670,-63.5,5923,108,14:58:09,2012-07-27
453145,118675,-64.0,5923,108,14:58:10,2012-07-27
453930,118675,-70.0,5923,108,18:49:23,2012-07-31
453930,118680,-73.199997,5923,108,18:40:50,2012-07-31
453925,118685,-70.0,5923,108,18:49:22,2012-07-31
453925,118690,-70.666664,5923,108,18:49:21,2012-07-31
453130,118695,-64.0,5923,108,14:58:11,2012-07-27
453920,118695,-73.666664,5923,108,18:40:49,2012-07-31
453125,118705,-64.0,5923,108,14:58:12,2012-07-27
453910,118705,-71.75,5923,108,18:49:20,2012-07-31
453915,118705,-74.0,5923,108,18:40:48,2012-07-31
453120,118715,-64.25,5923,108,14:58:13,2012-07-27
453905,118715,-74.0,5923,108,18:40:47,2012-07-31
453900,118720,-71.888885,5923,108,18:49:19,2012-07-31
453110,118725,-64.75,5923,108,14:58:14,2012-07-27
453110,118730,-64.0,5923,108,14:58:15,2012-07-27
453895,118730,-71.5,5923,108,18:49:18,2012-07-31
453105,118735,-64.0,5923,108,14:58:15,2012-07-27
453890,118735,-72.0,5923,108,18:49:17,2012-07-31
453100,118740,-63.25,5923,108,14:58:16,2012-07-27
453885,118740,-72.833336,5923,108,18:40:45,2012-07-31
453095,118745,-61.0,5923,108,14:58:16,2012-07-27
453885,118745,-73.0,5923,108,18:40:44,2012-07-31
453875,118750,-72.0,5923,108,18:49:16,2012-07-31
453880,118750,-72.333336,5923,108,18:40:44,2012-07-31
453090,118755,-61.0,5923,108,14:58:17,2012-07-27
453870,118755,-72.0,5923,108,18:40:43,2012-07-31
453085,118760,-61.0,5923,108,14:58:18,2012-07-27
453865,118760,-70.5,5923,108,18:40:42,2012-07-31
453080,118765,-61.25,5923,108,14:58:19,2012-07-27
453860,118765,-71.400002,5923,108,18:49:13,2012-07-31
453075,118770,-62.0,5923,108,14:58:19,2012-07-27
453860,118770,-70.0,5923,108,18:40:41,2012-07-31
453070,118775,-61.333332,5923,108,14:58:20,2012-07-27
453850,118775,-71.0,5923,108,18:49:12,2012-07-31
453855,118775,-70.0,5923,108,18:40:41,2012-07-31
453070,118780,-66.599998,5923,108,15:02:27,2012-07-27
453845,118780,-71.0,5923,108,18:49:11,2012-07-31
453065,118785,-63.666668,5923,108,15:02:30,2012-07-27
453075,118785,-69.85714,5923,108,15:02:26,2012-07-27
453840,118785,-70.0,5923,108,18:40:40,2012-07-31
453845,118785,-70.0,5923,108,18:40:40,2012-07-31
453065,118790,-60.0,5923,108,14:58:21,2012-07-27
453835,118790,-71.555557,5923,108,18:40:39,2012-07-31
453055,118795,-60.25,5923,108,15:02:31,2012-07-27
453085,118795,-69.777779,5923,108,15:02:21,2012-07-27
453825,118795,-69.428574,5923,108,18:49:08,2012-07-31
453830,118795,-70.0,5923,108,18:40:39,2012-07-31
453055,118800,-60.0,5923,108,14:58:23,2012-07-27
453090,118800,-69.0,5923,108,15:02:20,2012-07-27
453825,118800,-68.400002,5923,108,18:40:38,2012-07-31
453830,118800,-70.0,5923,108,18:40:38,2012-07-31
453095,118805,-69.0,5923,108,15:02:19,2012-07-27
453820,118805,-68.555557,5923,108,18:40:37,2012-07-31
453825,118805,-68.0,5923,108,18:40:38,2012-07-31
453045,118810,-58.0,5923,108,15:02:33,2012-07-27
453050,118810,-60.0,5923,108,14:58:23,2012-07-27
453815,118810,-67.0,5923,108,18:40:37,2012-07-31
453040,118815,-57.799999,5923,108,15:02:34,2012-07-27
453045,118815,-59.75,5923,108,14:58:24,2012-07-27
453095,118815,-69.0,5923,108,15:02:19,2012-07-27
453035,118820,-57.0,5923,108,15:02:35,2012-07-27
453040,118820,-59.0,5923,108,14:58:25,2012-07-27
453100,118820,-69.0,5923,108,15:02:18,2012-07-27
453810,118820,-69.0,5923,108,18:49:05,2012-07-31
453025,118825,-53.0,5923,108,15:02:36,2012-07-27
453030,118825,-56.200001,5923,108,15:02:36,2012-07-27
453035,118825,-58.0,5923,108,14:58:26,2012-07-27
453100,118825,-67.5,5923,108,15:02:17,2012-07-27
453805,118825,-63.25,5923,108,18:40:35,2012-07-31
453810,118825,-71.125,5923,108,18:49:05,2012-07-31
453025,118830,-55.0,5923,108,14:58:26,2012-07-27
453805,118830,-66.5,5923,108,18:40:35,2012-07-31
453020,118835,-53.0,5923,108,15:02:37,2012-07-27
453025,118835,-55.0,5923,108,14:58:27,2012-07-27
453105,118835,-66.25,5923,108,15:02:15,2012-07-27
453795,118835,-60.75,5923,108,18:40:34,2012-07-31
453800,118835,-63.0,5923,108,18:40:34,2012-07-31
453810,118835,-71.599998,5923,108,18:49:02,2012-07-31
453015,118840,-54.0,5923,108,14:58:28,2012-07-27
453110,118840,-66.0,5923,108,15:02:13,2012-07-27
453790,118840,-60.0,5923,108,18:40:33,2012-07-31
453810,118840,-72.75,5923,108,18:49:00,2012-07-31
453815,118840,-73.0,5923,108,18:48:59,2012-07-31
453115,118845,-66.0,5923,108,15:02:12,2012-07-27
453780,118845,-57.75,5923,108,18:40:33,2012-07-31
453820,118845,-70.333336,5923,108,18:48:57,2012-07-31
453005,118850,-52.75,5923,108,15:02:38,2012-07-27
453010,118850,-52.333332,5923,108,14:58:30,2012-07-27
453775,118850,-57.0,5923,108,18:40:32,2012-07-31
453000,118855,-52.0,5923,108,15:02:39,2012-07-27
453120,118855,-64.400002,5923,108,15:02:11,2012-07-27
453760,118855,-55.0,5923,108,18:40:30,2012-07-31
453765,118855,-55.666668,5923,108,18:40:31,2012-07-31
453830,118855,-69.0,5923,108,18:48:56,2012-07-31
452995,118860,-51.5,5923,108,15:02:40,2012-07-27
453125,118860,-65.5,5923,108,15:02:10,2012-07-27
453750,118860,-55.0,5923,108,18:40:30,2012-07-31
453840,118860,-68.14286,5923,108,18:48:55,2012-07-31
452990,118865,-50.0,5923,108,15:02:40,2012-07-27
453125,118865,-66.0,5923,108,15:02:09,2012-07-27
452990,118870,-50.599998,5923,108,14:58:31,2012-07-27
453120,118870,-68.25,5923,108,15:02:09,2012-07-27
453845,118870,-65.0,5923,108,18:48:54,2012-07-31
452985,118875,-50.142857,5923,108,14:58:33,2012-07-27
453120,118875,-69.0,5923,108,15:02:07,2012-07-27
453715,118875,-56.333332,5923,108,18:40:27,2012-07-31
453720,118875,-55.0,5923,108,18:40:28,2012-07-31
452980,118880,-50.0,5923,108,15:02:42,2012-07-27
453860,118880,-62.200001,5923,108,18:48:53,2012-07-31
452980,118885,-51.0,5923,108,14:58:34,2012-07-27
453115,118885,-69.0,5923,108,15:02:07,2012-07-27
453695,118885,-57.0,5923,108,18:40:26,2012-07-31
452975,118890,-50.25,5923,108,15:02:43,2012-07-27
453115,118890,-67.5,5923,108,15:02:05,2012-07-27
453865,118890,-58.0,5923,108,18:48:52,2012-07-31
452970,118895,-51.0,5923,108,15:02:43,2012-07-27
452975,118895,-51.0,5923,108,14:58:35,2012-07-27
453115,118895,-67.5,5923,108,15:02:05,2012-07-27
453685,118895,-57.0,5923,108,18:40:25,2012-07-31
453875,118895,-54.5,5923,108,18:48:50,2012-07-31
452965,118900,-51.25,5923,108,15:02:44,2012-07-27
453115,118900,-66.800003,5923,108,15:02:03,2012-07-27
453675,118900,-58.333332,5923,108,18:40:24,2012-07-31
453880,118900,-53.0,5923,108,18:48:50,2012-07-31
452965,118905,-51.333332,5923,108,14:58:35,2012-07-27
452960,118910,-53.142857,5923,108,14:58:36,2012-07-27
453115,118910,-66.0,5923,108,15:02:02,2012-07-27
453665,118910,-59.0,5923,108,18:40:23,2012-07-31
453890,118910,-50.75,5923,108,18:48:49,2012-07-31
453115,118915,-64.400002,5923,108,15:02:01,2012-07-27
452950,118920,-53.25,5923,108,15:02:45,2012-07-27
452955,118920,-57.0,5923,108,14:58:38,2012-07-27
453115,118920,-64.0,5923,108,15:02:00,2012-07-27
453655,118920,-58.333332,5923,108,18:40:21,2012-07-31
453900,118920,-48.5,5923,108,18:48:48,2012-07-31
452945,118925,-57.0,5923,108,15:02:46,2012-07-27
453115,118925,-65.199997,5923,108,15:01:59,2012-07-27
453645,118925,-58.0,5923,108,18:40:21,2012-07-31
453905,118925,-48.0,5923,108,18:48:47,2012-07-31
452940,118930,-60.25,5923,108,15:02:47,2012-07-27
453915,118930,-48.0,5923,108,18:48:46,2012-07-31
452930,118935,-63.0,5923,108,15:02:48,2012-07-27
452935,118935,-61.0,5923,108,15:02:48,2012-07-27
453110,118935,-66.0,5923,108,15:01:57,2012-07-27
453635,118935,-59.5,5923,108,18:40:20,2012-07-31
453920,118935,-48.0,5923,108,18:48:45,2012-07-31
452925,118940,-61.0,5923,108,15:02:48,2012-07-27
452930,118940,-63.0,5923,108,14:58:40,2012-07-27
453110,118940,-66.0,5923,108,15:01:56,2012-07-27
453930,118940,-48.0,5923,108,18:48:45,2012-07-31
452915,118945,-65.25,5923,108,15:02:50,2012-07-27
452925,118945,-64.0,5923,108,14:58:41,2012-07-27
453105,118945,-65.5,5923,108,15:01:55,2012-07-27
453620,118945,-60.666668,5923,108,18:40:18,2012-07-31
452915,118950,-67.0,5923,108,14:58:42,2012-07-27
453105,118950,-64.333336,5923,108,15:01:53,2012-07-27
453610,118950,-60.333332,5923,108,18:40:17,2012-07-31
452905,118955,-67.099998,5923,108,15:02:50,2012-07-27
453105,118955,-61.75,5923,108,15:01:52,2012-07-27
453945,118955,-49.5,5923,108,18:48:43,2012-07-31
452895,118960,-69.0,5923,108,15:02:52,2012-07-27
453105,118960,-62.799999,5923,108,15:01:50,2012-07-27
453950,118960,-50.0,5923,108,18:48:43,2012-07-31
452870,118965,-69.0,5923,108,15:02:54,2012-07-27
452880,118965,-69.0,5923,108,15:02:52,2012-07-27
452890,118965,-70.0,5923,108,14:58:44,2012-07-27
453100,118965,-65.800003,5923,108,15:01:49,2012-07-27
453585,118965,-61.333332,5923,108,18:40:16,2012-07-31
453955,118965,-51.333332,5923,108,18:48:42,2012-07-31
454525,118965,-59.5,5923,108,18:48:05,2012-07-31
454540,118965,-60.0,5923,108,18:48:04,2012-07-31
454555,118965,-62.666668,5923,108,18:48:04,2012-07-31
454575,118965,-67.75,5923,108,18:48:02,2012-07-31
454590,118965,-72.0,5923,108,18:48:01,2012-07-31
454615,118965,-73.0,5923,108,18:48:00,2012-07-31
454630,118965,-73.0,5923,108,18:47:58,2012-07-31
452845,118970,-69.5,5923,108,15:02:57,2012-07-27
452880,118970,-70.0,5923,108,14:58:45,2012-07-27
453575,118970,-63.5,5923,108,18:40:14,2012-07-31
454645,118970,-73.0,5923,108,18:47:57,2012-07-31
454670,118970,-74.428574,5923,108,18:47:57,2012-07-31
454685,118970,-74.5,5923,108,18:47:55,2012-07-31
454695,118970,-72.5,5923,108,18:47:54,2012-07-31
454705,118970,-72.0,5923,108,18:47:53,2012-07-31
454715,118970,-72.75,5923,108,18:47:52,2012-07-31
454740,118970,-72.333336,5923,108,18:47:51,2012-07-31
454760,118970,-71.333336,5923,108,18:47:50,2012-07-31
452825,118975,-68.800003,5923,108,15:02:58,2012-07-27
452850,118975,-70.25,5923,108,14:58:48,2012-07-27
452860,118975,-70.0,5923,108,14:58:47,2012-07-27
452865,118975,-70.0,5923,108,14:58:46,2012-07-27
453090,118975,-66.25,5923,108,15:01:48,2012-07-27
453965,118975,-52.0,5923,108,18:48:41,2012-07-31
454500,118975,-56.5,5923,108,18:48:07,2012-07-31
454775,118975,-71.0,5923,108,18:47:49,2012-07-31
454780,118975,-70.25,5923,108,18:47:48,2012-07-31
454800,118975,-70.0,5923,108,18:47:48,2012-07-31
454810,118975,-71.199997,5923,108,18:47:47,2012-07-31
454820,118975,-72.0,5923,108,18:47:46,2012-07-31
454835,118975,-72.0,5923,108,18:47:45,2012-07-31
454860,118975,-72.666664,5923,108,18:47:44,2012-07-31
454880,118975,-73.666664,5923,108,18:47:43,2012-07-31
454895,118975,-74.0,5923,108,18:47:42,2012-07-31
452815,118980,-66.199997,5923,108,15:03:00,2012-07-27
452840,118980,-71.0,5923,108,14:58:49,2012-07-27
453085,118980,-65.400002,5923,108,15:01:46,2012-07-27
453560,118980,-64.0,5923,108,18:40:13,2012-07-31
453970,118980,-52.0,5923,108,18:48:41,2012-07-31
453975,118980,-53.799999,5923,108,18:48:40,2012-07-31
454490,118980,-54.799999,5923,108,18:48:08,2012-07-31
454900,118980,-74.0,5923,108,18:47:42,2012-07-31
454905,118980,-74.0,5923,108,18:47:41,2012-07-31
454915,118980,-74.0,5923,108,18:47:40,2012-07-31
454920,118980,-74.0,5923,108,18:47:40,2012-07-31
454925,118980,-73.199997,5923,108,18:47:40,2012-07-31
454930,118980,-73.0,5923,108,18:47:39,2012-07-31
454935,118980,-73.0,5923,108,18:47:39,2012-07-31
454940,118980,-73.0,5923,108,18:47:39,2012-07-31
454945,118980,-73.0,5923,108,18:47:38,2012-07-31
454955,118980,-73.0,5923,108,18:47:37,2012-07-31
454960,118980,-73.0,5923,108,18:47:37,2012-07-31
454965,118980,-73.0,5923,108,18:47:37,2012-07-31
452825,118985,-69.0,5923,108,14:58:51,2012-07-27
453080,118985,-65.0,5923,108,15:01:45,2012-07-27
453980,118985,-55.0,5923,108,18:48:40,2012-07-31
454475,118985,-54.222221,5923,108,18:48:09,2012-07-31
454970,118985,-73.0,5923,108,18:47:36,2012-07-31
454975,118985,-73.0,5923,108,18:47:36,2012-07-31
454980,118985,-73.0,5923,108,18:47:36,2012-07-31
452795,118990,-61.799999,5923,108,15:03:01,2012-07-27
452805,118990,-65.0,5923,108,14:58:52,2012-07-27
452815,118990,-66.0,5923,108,14:58:52,2012-07-27
453075,118990,-65.666664,5923,108,15:01:45,2012-07-27
453550,118990,-64.0,5923,108,18:40:12,2012-07-31
453985,118990,-55.0,5923,108,18:48:39,2012-07-31
454450,118990,-55.0,5923,108,18:48:10,2012-07-31
452795,118995,-62.5,5923,108,14:58:54,2012-07-27
453990,118995,-57.666668,5923,108,18:48:39,2012-07-31
455005,118995,-73.0,5923,108,18:47:34,2012-07-31
452775,119000,-59.5,5923,108,15:03:02,2012-07-27
452785,119000,-57.25,5923,108,14:58:57,2012-07-27
452790,119000,-59.5,5923,108,14:58:57,2012-07-27
453065,119000,-64.400002,5923,108,15:01:43,2012-07-27
453540,119000,-63.333332,5923,108,18:40:11,2012-07-31
454000,119000,-59.0,5923,108,18:48:38,2012-07-31
454435,119000,-55.0,5923,108,18:48:11,2012-07-31
452765,119005,-58.400002,5923,108,15:03:03,2012-07-27
452775,119005,-60.0,5923,108,14:59:48,2012-07-27
452780,119005,-59.111111,5923,108,14:58:59,2012-07-27
452790,119005,-60.333332,5923,108,14:59:50,2012-07-27
453060,119005,-61.75,5923,108,15:01:42,2012-07-27
453530,119005,-62.0,5923,108,18:40:10,2012-07-31
454000,119005,-59.0,5923,108,18:48:38,2012-07-31
454005,119005,-60.333332,5923,108,18:48:38,2012-07-31
454420,119005,-53.799999,5923,108,18:48:12,2012-07-31
452755,119010,-60.0,5923,108,15:03:04,2012-07-27
452765,119010,-61.0,5923,108,14:59:02,2012-07-27
452770,119010,-57.166668,5923,108,14:59:47,2012-07-27
452775,119010,-60.75,5923,108,14:59:01,2012-07-27
452795,119010,-61.0,5923,108,14:59:51,2012-07-27
452800,119010,-60.666668,5923,108,14:59:52,2012-07-27
452805,119010,-60.400002,5923,108,14:59:52,2012-07-27
453050,119010,-61.75,5923,108,15:01:40,2012-07-27
453055,119010,-61.0,5923,108,15:01:41,2012-07-27
454010,119010,-61.0,5923,108,18:48:37,2012-07-31
452740,119015,-59.375,5923,108,15:03:05,2012-07-27
452755,119015,-60.333332,5923,108,14:59:46,2012-07-27
452760,119015,-64.0,5923,108,14:59:03,2012-07-27
452820,119015,-62.333332,5923,108,14:59:55,2012-07-27
453040,119015,-62.666668,5923,108,15:01:39,2012-07-27
453045,119015,-62.0,5923,108,15:01:40,2012-07-27
453520,119015,-59.0,5923,108,18:40:08,2012-07-31
454400,119015,-51.599998,5923,108,18:48:14,2012-07-31
452730,119020,-60.200001,5923,108,15:03:07,2012-07-27
452735,119020,-58.75,5923,108,14:59:43,2012-07-27
452740,119020,-66.0,5923,108,14:59:06,2012-07-27
452745,119020,-63.099998,5923,108,14:59:45,2012-07-27
452750,119020,-67.0,5923,108,14:59:04,2012-07-27
452830,119020,-63.25,5923,108,14:59:56,2012-07-27
452835,119020,-66.5,5923,108,14:59:57,2012-07-27
452840,119020,-65.5,5923,108,15:01:07,2012-07-27
452845,119020,-64.0,5923,108,15:01:07,2012-07-27
452850,119020,-63.75,5923,108,15:01:08,2012-07-27
453035,119020,-63.0,5923,108,15:01:38,2012-07-27
454025,119020,-61.75,5923,108,18:48:36,2012-07-31
454380,119020,-50.666668,5923,108,18:48:15,2012-07-31
452710,119025,-62.25,5923,108,15:03:08,2012-07-27
452720,119025,-63.333332,5923,108,14:59:41,2012-07-27
452725,119025,-64.0,5923,108,14:59:08,2012-07-27
452730,119025,-60.0,5923,108,14:59:42,2012-07-27
452735,119025,-65.5,5923,108,14:59:06,2012-07-27
452830,119025,-67.0,5923,108,15:01:02,2012-07-27
452835,119025,-64.900002,5923,108,14:59:57,2012-07-27
452850,119025,-63.0,5923,108,15:01:08,2012-07-27
452855,119025,-63.25,5923,108,15:01:09,2012-07-27
453030,119025,-61.588234,5923,108,15:01:35,2012-07-27
453515,119025,-58.0,5923,108,18:40:07,2012-07-31
454340,119025,-50.0,5923,108,18:48:17,2012-07-31
454355,119025,-50.0,5923,108,18:48:16,2012-07-31
452680,119030,-62.0,5923,108,15:03:10,2012-07-27
452695,119030,-62.799999,5923,108,15:03:09,2012-07-27
452700,119030,-62.523811,5923,108,14:59:33,2012-07-27
452705,119030,-62.454544,5923,108,14:59:12,2012-07-27
452710,119030,-62.375,5923,108,14:59:39,2012-07-27
452715,119030,-62.0,5923,108,14:59:40,2012-07-27
452830,119030,-66.199997,5923,108,15:00:01,2012-07-27
452835,119030,-66.75,5923,108,15:00:00,2012-07-27
452870,119030,-64.5,5923,108,15:01:11,2012-07-27
453025,119030,-60.666668,5923,108,15:01:35,2012-07-27
454035,119030,-62.0,5923,108,18:48:36,2012-07-31
454305,119030,-49.333332,5923,108,18:48:19,2012-07-31
454320,119030,-49.599998,5923,108,18:48:18,2012-07-31
452645,119035,-61.0,5923,108,15:03:12,2012-07-27
452660,119035,-61.75,5923,108,15:03:11,2012-07-27
452700,119035,-60.870369,5923,108,14:59:21,2012-07-27
452705,119035,-61.42857,5923,108,14:59:31,2012-07-27
452825,119035,-65.444443,5923,108,15:00:02,2012-07-27
452890,119035,-64.0,5923,108,15:01:14,2012-07-27
453025,119035,-61.0,5923,108,15:01:33,2012-07-27
453505,119035,-55.599998,5923,108,18:40:06,2012-07-31
454040,119035,-63.5,5923,108,18:48:35,2012-07-31
454285,119035,-50.200001,5923,108,18:48:20,2012-07-31
452630,119040,-61.0,5923,108,15:03:13,2012-07-27
452815,119040,-64.25,5923,108,15:00:58,2012-07-27
452820,119040,-62.75,5923,108,15:00:03,2012-07-27
452825,119040,-63.0,5923,108,15:00:02,2012-07-27
452900,119040,-64.400002,5923,108,15:01:15,2012-07-27
452905,119040,-64.400002,5923,108,15:01:16,2012-07-27
453020,119040,-61.0,5923,108,15:01:33,2012-07-27
453495,119040,-53.5,5923,108,18:40:06,2012-07-31
454050,119040,-64.0,5923,108,18:48:34,2012-07-31
454250,119040,-51.799999,5923,108,18:48:22,2012-07-31
454270,119040,-51.0,5923,108,18:48:21,2012-07-31
452610,119045,-61.0,5923,108,15:03:14,2012-07-27
452810,119045,-64.0,5923,108,15:00:57,2012-07-27
452915,119045,-61.799999,5923,108,15:01:18,2012-07-27
453020,119045,-60.25,5923,108,15:01:32,2012-07-27
454060,119045,-64.0,5923,108,18:48:34,2012-07-31
454215,119045,-53.5,5923,108,18:48:24,2012-07-31
452575,119050,-60.0,5923,108,15:03:16,2012-07-27
452580,119050,-60.666668,5923,108,15:03:15,2012-07-27
452810,119050,-64.0,5923,108,15:00:57,2012-07-27
452815,119050,-61.400002,5923,108,15:00:04,2012-07-27
452930,119050,-60.666668,5923,108,15:01:19,2012-07-27
452935,119050,-59.333332,5923,108,15:01:21,2012-07-27
453010,119050,-59.0,5923,108,15:01:31,2012-07-27
453485,119050,-53.599998,5923,108,18:40:04,2012-07-31
454195,119050,-55.666668,5923,108,18:48:25,2012-07-31
454210,119050,-55.0,5923,108,18:48:24,2012-07-31
452550,119055,-62.0,5923,108,15:03:17,2012-07-27
452565,119055,-60.5,5923,108,15:03:16,2012-07-27
452805,119055,-64.0,5923,108,15:00:56,2012-07-27
452810,119055,-61.0,5923,108,15:00:05,2012-07-27
452945,119055,-58.0,5923,108,15:01:21,2012-07-27
453010,119055,-58.0,5923,108,15:01:30,2012-07-27
454070,119055,-64.0,5923,108,18:48:33,2012-07-31
454080,119055,-62.666668,5923,108,18:48:32,2012-07-31
454155,119055,-58.0,5923,108,18:48:27,2012-07-31
454160,119055,-58.0,5923,108,18:48:27,2012-07-31
454165,119055,-57.25,5923,108,18:48:26,2012-07-31
452535,119060,-62.25,5923,108,15:03:18,2012-07-27
452800,119060,-63.400002,5923,108,15:00:06,2012-07-27
452805,119060,-61.0,5923,108,15:00:06,2012-07-27
452955,119060,-58.0,5923,108,15:01:22,2012-07-27
452960,119060,-57.75,5923,108,15:01:24,2012-07-27
452985,119060,-55.200001,5923,108,15:01:26,2012-07-27
452995,119060,-57.5,5923,108,15:01:28,2012-07-27
453000,119060,-58.0,5923,108,15:01:29,2012-07-27
454090,119060,-62.0,5923,108,18:48:31,2012-07-31
454100,119060,-62.0,5923,108,18:48:31,2012-07-31
454105,119060,-62.0,5923,108,18:48:30,2012-07-31
454110,119060,-62.0,5923,108,18:48:30,2012-07-31
454115,119060,-62.0,5923,108,18:48:30,2012-07-31
454120,119060,-61.25,5923,108,18:48:29,2012-07-31
454130,119060,-61.0,5923,108,18:48:29,2012-07-31
454135,119060,-61.0,5923,108,18:48:28,2012-07-31
454145,119060,-58.75,5923,108,18:48:28,2012-07-31
454155,119060,-58.0,5923,108,18:48:27,2012-07-31
452515,119065,-63.666668,5923,108,15:03:19,2012-07-27
452525,119065,-63.0,5923,108,15:03:19,2012-07-27
452795,119065,-61.0,5923,108,15:00:07,2012-07-27
452970,119065,-56.400002,5923,108,15:01:25,2012-07-27
452975,119065,-54.0,5923,108,15:01:26,2012-07-27
453460,119065,-54.666668,5923,108,18:40:03,2012-07-31
452790,119070,-64.75,5923,108,15:00:54,2012-07-27
453450,119070,-55.0,5923,108,18:40:02,2012-07-31
452480,119075,-67.0,5923,108,15:03:21,2012-07-27
452495,119075,-65.5,5923,108,15:03:21,2012-07-27
452785,119075,-65.0,5923,108,15:00:53,2012-07-27
453440,119075,-56.799999,5923,108,18:40:00,2012-07-31
452780,119080,-64.25,5923,108,15:00:52,2012-07-27
452785,119080,-58.333332,5923,108,15:00:09,2012-07-27
453425,119080,-58.0,5923,108,18:39:59,2012-07-31
452460,119085,-72.0,5923,108,15:03:23,2012-07-27
452465,119085,-68.25,5923,108,15:03:22,2012-07-27
452775,119085,-64.0,5923,108,15:00:52,2012-07-27
452780,119085,-59.0,5923,108,15:00:09,2012-07-27
452445,119090,-72.25,5923,108,15:03:24,2012-07-27
452770,119090,-62.5,5923,108,15:00:51,2012-07-27
452775,119090,-59.0,5923,108,15:00:10,2012-07-27
453395,119090,-58.666668,5923,108,18:39:57,2012-07-31
453410,119090,-58.0,5923,108,18:39:58,2012-07-31
452435,119095,-73.0,5923,108,15:03:24,2012-07-27
452765,119095,-62.0,5923,108,15:00:50,2012-07-27
452770,119095,-59.0,5923,108,15:00:11,2012-07-27
453365,119095,-58.0,5923,108,18:39:54,2012-07-31
453375,119095,-58.0,5923,108,18:39:55,2012-07-31
453385,119095,-58.400002,5923,108,18:39:56,2012-07-31
452415,119100,-73.25,5923,108,15:03:25,2012-07-27
452760,119100,-61.25,5923,108,15:00:50,2012-07-27
453315,119100,-59.25,5923,108,18:39:50,2012-07-31
453320,119100,-57.0,5923,108,18:39:51,2012-07-31
453335,119100,-57.0,5923,108,18:39:52,2012-07-31
453345,119100,-57.0,5923,108,18:39:52,2012-07-31
453350,119100,-57.25,5923,108,18:39:53,2012-07-31
453360,119100,-58.0,5923,108,18:39:54,2012-07-31
452410,119105,-74.0,5923,108,15:03:26,2012-07-27
452760,119105,-59.0,5923,108,15:00:13,2012-07-27
452765,119105,-59.0,5923,108,15:00:12,2012-07-27
453285,119105,-62.0,5923,108,18:39:48,2012-07-31
453295,119105,-61.5,5923,108,18:39:49,2012-07-31
453305,119105,-60.0,5923,108,18:39:50,2012-07-31
452390,119110,-76.0,5923,108,15:03:27,2012-07-27
452400,119110,-74.5,5923,108,15:03:26,2012-07-27
452750,119110,-60.25,5923,108,15:00:48,2012-07-27
453275,119110,-63.333332,5923,108,18:39:47,2012-07-31
452385,119115,-76.0,5923,108,15:03:27,2012-07-27
452750,119115,-60.0,5923,108,15:00:47,2012-07-27
452755,119115,-57.0,5923,108,15:00:14,2012-07-27
453255,119115,-66.0,5923,108,18:39:45,2012-07-31
453265,119115,-65.5,5923,108,18:39:46,2012-07-31
452370,119120,-76.5,5923,108,15:03:28,2012-07-27
452745,119120,-57.444443,5923,108,15:00:16,2012-07-27
453190,119120,-61.0,5923,108,18:39:40,2012-07-31
453200,119120,-61.5,5923,108,18:39:40,2012-07-31
453215,119120,-62.5,5923,108,18:39:42,2012-07-31
453230,119120,-63.666668,5923,108,18:39:43,2012-07-31
453245,119120,-65.25,5923,108,18:39:45,2012-07-31
452360,119125,-78.0,5923,108,15:03:28,2012-07-27
452365,119125,-78.0,5923,108,15:03:28,2012-07-27
453170,119125,-64.0,5923,108,18:39:38,2012-07-31
453175,119125,-64.0,5923,108,18:39:38,2012-07-31
453180,119125,-64.0,5923,108,18:39:38,2012-07-31
453185,119125,-62.799999,5923,108,18:39:39,2012-07-31
452350,119130,-77.25,5923,108,15:03:29,2012-07-27
453160,119130,-64.0,5923,108,18:39:37,2012-07-31
453165,119130,-64.0,5923,108,18:39:37,2012-07-31
453170,119130,-64.0,5923,108,18:39:37,2012-07-31
452730,119135,-61.0,5923,108,15:00:45,2012-07-27
452735,119135,-59.799999,5923,108,15:00:45,2012-07-27
452330,119140,-75.0,5923,108,15:03:31,2012-07-27
452730,119140,-54.5,5923,108,15:00:17,2012-07-27
453150,119140,-66.0,5923,108,18:39:36,2012-07-31
452315,119145,-75.0,5923,108,15:03:31,2012-07-27
452725,119145,-58.375,5923,108,15:00:19,2012-07-27
452310,119150,-75.5,5923,108,15:03:32,2012-07-27
452720,119150,-58.777779,5923,108,15:00:19,2012-07-27
453145,119150,-66.25,5923,108,18:39:35,2012-07-31
452300,119155,-77.0,5923,108,15:03:33,2012-07-27
452715,119155,-64.0,5923,108,15:00:42,2012-07-27
452290,119160,-76.75,5923,108,15:03:33,2012-07-27
452715,119160,-55.0,5923,108,15:00:21,2012-07-27
452280,119165,-76.0,5923,108,15:03:34,2012-07-27
452285,119165,-76.0,5923,108,15:03:34,2012-07-27
452710,119165,-61.642857,5923,108,15:00:21,2012-07-27
453135,119165,-64.875,5923,108,18:39:33,2012-07-31
452270,119170,-76.0,5923,108,15:03:35,2012-07-27
452275,119170,-76.0,5923,108,15:03:34,2012-07-27
452705,119170,-59.142857,5923,108,15:00:22,2012-07-27
453135,119170,-63.0,5923,108,18:39:32,2012-07-31
452265,119175,-76.0,5923,108,15:03:35,2012-07-27
452270,119175,-76.0,5923,108,15:03:35,2012-07-27
452695,119175,-62.64706,5923,108,15:00:26,2012-07-27
452700,119175,-63.611111,5923,108,15:00:24,2012-07-27
452260,119180,-76.0,5923,108,15:03:36,2012-07-27
452265,119180,-76.0,5923,108,15:03:35,2012-07-27
452695,119180,-64.761902,5923,108,15:00:34,2012-07-27
453130,119180,-60.0,5923,108,18:39:32,2012-07-31
452255,119185,-76.0,5923,108,15:03:36,2012-07-27
453130,119195,-59.0,5923,108,18:39:30,2012-07-31
453125,119200,-56.0,5923,108,18:39:29,2012-07-31
453125,119210,-55.0,5923,108,18:39:28,2012-07-31
453120,119225,-55.0,5923,108,18:39:28,2012-07-31
453120,119235,-56.200001,5923,108,18:39:26,2012-07-31
453115,119245,-57.0,5923,108,18:39:25,2012-07-31
453110,119255,-56.25,5923,108,18:39:25,2012-07-31
453105,119265,-54.5,5923,108,18:39:23,2012-07-31
453100,119280,-53.0,5923,108,18:39:23,2012-07-31
453095,119290,-53.0,5923,108,18:39:22,2012-07-31
453090,119300,-53.0,5923,108,18:39:21,2012-07-31
453080,119310,-53.0,5923,108,18:39:20,2012-07-31
453075,119320,-53.0,5923,108,18:39:18,2012-07-31
453070,119330,-53.0,5923,108,18:39:18,2012-07-31
454600,117655,-73.0,5923,108,18:42:14,2012-07-31
454595,117660,-73.0,5923,108,18:42:13,2012-07-31
454595,117665,-73.0,5923,108,18:42:13,2012-07-31
454585,117675,-72.333336,5923,108,18:42:12,2012-07-31
454580,117680,-72.0,5923,108,18:50:44,2012-07-31
454570,117690,-72.0,5923,108,18:42:10,2012-07-31
454560,117695,-72.0,5923,108,18:50:43,2012-07-31
454565,117695,-72.0,5923,108,18:42:10,2012-07-31
454560,117700,-72.0,5923,108,18:42:10,2012-07-31
454550,117705,-72.0,5923,108,18:50:42,2012-07-31
454555,117705,-72.0,5923,108,18:42:09,2012-07-31
454560,117705,-72.0,5923,108,18:42:09,2012-07-31
454545,117715,-71.428574,5923,108,18:42:08,2012-07-31
454540,117720,-70.0,5923,108,18:42:07,2012-07-31
454530,117730,-69.875,5923,108,18:42:06,2012-07-31
454525,117735,-69.0,5923,108,18:42:06,2012-07-31
454515,117740,-70.199997,5923,108,18:42:05,2012-07-31
454510,117745,-68.0,5923,108,18:42:04,2012-07-31
454505,117750,-69.571426,5923,108,18:50:37,2012-07-31
454495,117755,-70.5,5923,108,18:50:36,2012-07-31
454505,117755,-69.333336,5923,108,18:42:04,2012-07-31
454490,117765,-68.0,5923,108,18:42:02,2012-07-31
454480,117770,-69.800003,5923,108,18:50:35,2012-07-31
454480,117775,-67.0,5923,108,18:42:01,2012-07-31
454470,117780,-67.800003,5923,108,18:50:34,2012-07-31
454475,117780,-65.666664,5923,108,18:42:01,2012-07-31
454465,117785,-67.0,5923,108,18:50:33,2012-07-31
454460,117790,-65.5,5923,108,18:50:32,2012-07-31
454465,117790,-65.0,5923,108,18:42:00,2012-07-31
454455,117795,-65.0,5923,108,18:50:31,2012-07-31
454450,117800,-65.0,5923,108,18:50:31,2012-07-31
454460,117800,-64.199997,5923,108,18:41:59,2012-07-31
454445,117810,-64.25,5923,108,18:41:58,2012-07-31
454440,117815,-61.555557,5923,108,18:41:57,2012-07-31
454430,117820,-60.0,5923,108,18:50:29,2012-07-31
454425,117825,-60.375,5923,108,18:41:55,2012-07-31
454410,117835,-63.666668,5923,108,18:50:26,2012-07-31
454395,117840,-64.25,5923,108,18:50:25,2012-07-31
454400,117840,-59.25,5923,108,18:41:52,2012-07-31
454405,117840,-60.0,5923,108,18:41:53,2012-07-31
454385,117845,-64.0,5923,108,18:50:24,2012-07-31
454390,117845,-59.0,5923,108,18:41:51,2012-07-31
454380,117850,-62.0,5923,108,18:41:51,2012-07-31
454375,117855,-64.0,5923,108,18:50:23,2012-07-31
454365,117860,-65.5,5923,108,18:50:22,2012-07-31
454375,117860,-61.0,5923,108,18:41:50,2012-07-31
454360,117865,-66.0,5923,108,18:50:22,2012-07-31
454365,117865,-61.0,5923,108,18:41:49,2012-07-31
454355,117870,-62.875,5923,108,18:41:47,2012-07-31
454350,117875,-66.0,5923,108,18:50:20,2012-07-31
454345,117880,-61.0,5923,108,18:41:47,2012-07-31
454340,117885,-63.75,5923,108,18:50:19,2012-07-31
454335,117890,-63.0,5923,108,18:50:19,2012-07-31
454340,117890,-61.0,5923,108,18:41:46,2012-07-31
454335,117895,-61.0,5923,108,18:41:45,2012-07-31
454325,117900,-63.0,5923,108,18:50:18,2012-07-31
454320,117910,-63.0,5923,108,18:50:17,2012-07-31
454315,117915,-62.25,5923,108,18:50:17,2012-07-31
454295,117940,-61.200001,5923,108,18:50:14,2012-07-31
454285,117955,-60.25,5923,108,18:50:14,2012-07-31
454275,117965,-60.0,5923,108,18:50:12,2012-07-31
454270,117980,-60.0,5923,108,18:50:12,2012-07-31
454260,117990,-60.0,5923,108,18:50:11,2012-07-31
454250,118005,-60.0,5923,108,18:50:10,2012-07-31
454240,118020,-60.0,5923,108,18:50:08,2012-07-31
454225,118045,-60.875,5923,108,18:50:08,2012-07-31
454220,118060,-61.75,5923,108,18:50:07,2012-07-31
454210,118075,-63.333332,5923,108,18:50:05,2012-07-31
454205,118090,-64.0,5923,108,18:50:04,2012-07-31
454195,118105,-65.0,5923,108,18:50:03,2012-07-31
454185,118130,-65.0,5923,108,18:50:02,2012-07-31
454175,118145,-67.5,5923,108,18:50:01,2012-07-31
454170,118160,-68.599998,5923,108,18:50:00,2012-07-31
454165,118175,-69.0,5923,108,18:49:59,2012-07-31
454155,118195,-69.0,5923,108,18:49:58,2012-07-31
454150,118210,-69.666664,5923,108,18:49:57,2012-07-31
454140,118225,-70.0,5923,108,18:49:55,2012-07-31
454135,118240,-70.0,5923,108,18:49:55,2012-07-31
454125,118255,-70.0,5923,108,18:49:54,2012-07-31
454120,118270,-70.0,5923,108,18:49:52,2012-07-31
453505,118290,-75.0,5923,108,14:57:21,2012-07-27
453500,118295,-75.0,5923,108,14:57:21,2012-07-27
453495,118300,-75.0,5923,108,14:57:21,2012-07-27
454105,118300,-71.666664,5923,108,18:49:51,2012-07-31
453490,118305,-75.0,5923,108,14:57:22,2012-07-27
453485,118310,-75.0,5923,108,14:57:23,2012-07-27
453480,118315,-75.0,5923,108,14:57:23,2012-07-27
453465,118335,-75.0,5923,108,14:57:25,2012-07-27
453460,118340,-75.0,5923,108,14:57:25,2012-07-27
454085,118340,-73.400002,5923,108,18:49:48,2012-07-31
453455,118345,-73.0,5923,108,14:57:26,2012-07-27
455355,118345,-61.0,5923,108,18:45:01,2012-07-31
453450,118355,-67.0,5923,108,14:57:27,2012-07-27
455360,118360,-61.0,5923,108,18:45:01,2012-07-31
453445,118365,-66.75,5923,108,14:57:28,2012-07-27
454075,118365,-73.0,5923,108,18:49:47,2012-07-31
453440,118370,-66.0,5923,108,14:57:28,2012-07-27
453435,118375,-66.5,5923,108,14:57:29,2012-07-27
453430,118380,-68.0,5923,108,14:57:30,2012-07-27
454070,118380,-72.400002,5923,108,18:49:46,2012-07-31
453430,118390,-68.25,5923,108,14:57:30,2012-07-27
453425,118395,-69.0,5923,108,14:57:31,2012-07-27
455380,118395,-61.0,5923,108,18:45:04,2012-07-31
453420,118400,-68.75,5923,108,14:57:32,2012-07-27
453415,118405,-68.0,5923,108,14:57:33,2012-07-27
453410,118410,-67.599998,5923,108,14:57:33,2012-07-27
454055,118410,-72.0,5923,108,18:49:44,2012-07-31
455395,118415,-61.0,5923,108,18:45:05,2012-07-31
453405,118420,-68.285713,5923,108,14:57:35,2012-07-27
454055,118420,-73.0,5923,108,18:41:11,2012-07-31
453400,118425,-69.666664,5923,108,14:57:36,2012-07-27
454050,118425,-69.5,5923,108,18:49:43,2012-07-31
454055,118425,-73.0,5923,108,18:41:10,2012-07-31
454050,118430,-72.0,5923,108,18:49:42,2012-07-31
455405,118430,-67.5,5923,108,18:45:07,2012-07-31
453395,118435,-67.0,5923,108,14:57:37,2012-07-27
453390,118440,-67.333336,5923,108,14:57:38,2012-07-27
454045,118440,-68.333336,5923,108,18:49:41,2012-07-31
454050,118440,-73.0,5923,108,18:41:10,2012-07-31
454045,118445,-71.400002,5923,108,18:41:09,2012-07-31
455415,118445,-74.0,5923,108,18:45:07,2012-07-31
453380,118450,-68.333336,5923,108,14:57:39,2012-07-27
453375,118455,-69.25,5923,108,14:57:40,2012-07-27
454040,118455,-71.0,5923,108,18:41:08,2012-07-31
454045,118455,-71.0,5923,108,18:41:09,2012-07-31
454040,118460,-68.5,5923,108,18:49:40,2012-07-31
455425,118460,-74.25,5923,108,18:45:09,2012-07-31
453370,118465,-70.0,5923,108,14:57:41,2012-07-27
454035,118465,-67.0,5923,108,18:49:40,2012-07-31
453360,118475,-68.800003,5923,108,14:57:42,2012-07-27
454035,118475,-69.333336,5923,108,18:41:07,2012-07-31
454030,118480,-67.0,5923,108,18:49:39,2012-07-31
454035,118480,-67.0,5923,108,18:49:39,2012-07-31
455440,118480,-75.0,5923,108,18:45:10,2012-07-31
453350,118485,-67.25,5923,108,14:57:43,2012-07-27
454030,118485,-67.0,5923,108,18:49:39,2012-07-31
455440,118485,-75.333336,5923,108,18:45:11,2012-07-31
453345,118490,-68.199997,5923,108,14:57:44,2012-07-27
454030,118490,-67.5,5923,108,18:49:38,2012-07-31
454025,118495,-67.0,5923,108,18:49:38,2012-07-31
454025,118500,-67.0,5923,108,18:49:38,2012-07-31
454020,118505,-67.5,5923,108,18:49:37,2012-07-31
453330,118510,-69.599998,5923,108,14:57:46,2012-07-27
454020,118510,-65.666664,5923,108,18:49:37,2012-07-31
454015,118515,-65.0,5923,108,18:49:36,2012-07-31
455450,118515,-76.333336,5923,108,18:45:12,2012-07-31
453315,118520,-69.333336,5923,108,14:57:47,2012-07-27
454010,118525,-66.888885,5923,108,18:49:36,2012-07-31
453310,118530,-68.0,5923,108,14:57:49,2012-07-27
455455,118530,-77.0,5923,108,18:45:13,2012-07-31
454005,118535,-67.0,5923,108,18:41:03,2012-07-31
455460,118540,-77.25,5923,108,18:45:13,2012-07-31
453295,118545,-68.800003,5923,108,14:57:50,2012-07-27
454000,118545,-67.666664,5923,108,18:49:34,2012-07-31
453995,118550,-67.666664,5923,108,18:41:02,2012-07-31
453285,118555,-69.75,5923,108,14:57:52,2012-07-27
453990,118555,-68.0,5923,108,18:49:33,2012-07-31
453280,118560,-70.0,5923,108,14:57:53,2012-07-27
453990,118560,-68.599998,5923,108,18:41:01,2012-07-31
453985,118565,-68.75,5923,108,18:49:33,2012-07-31
455460,118565,-78.666664,5923,108,18:45:15,2012-07-31
453985,118570,-69.0,5923,108,18:41:00,2012-07-31
455460,118570,-80.0,5923,108,18:45:15,2012-07-31
453265,118575,-71.599998,5923,108,14:57:55,2012-07-27
453980,118575,-68.333336,5923,108,18:40:59,2012-07-31
455460,118575,-80.0,5923,108,18:45:16,2012-07-31
453980,118580,-69.75,5923,108,18:49:31,2012-07-31
455460,118580,-80.0,5923,108,18:45:16,2012-07-31
453260,118585,-71.5,5923,108,14:57:56,2012-07-27
455460,118585,-80.0,5923,108,18:45:16,2012-07-31
453250,118590,-72.800003,5923,108,14:57:57,2012-07-27
453975,118590,-69.0,5923,108,18:40:59,2012-07-31
455460,118590,-80.0,5923,108,18:45:16,2012-07-31
455460,118595,-80.0,5923,108,18:45:17,2012-07-31
455465,118595,-80.0,5923,108,18:45:17,2012-07-31
453970,118600,-70.444443,5923,108,18:40:58,2012-07-31
453235,118605,-72.0,5923,108,14:57:58,2012-07-27
455465,118605,-80.0,5923,108,18:45:17,2012-07-31
453215,118610,-69.25,5923,108,14:58:00,2012-07-27
453225,118610,-71.199997,5923,108,14:57:59,2012-07-27
453965,118610,-72.0,5923,108,18:49:29,2012-07-31
453190,118615,-66.199997,5923,108,14:58:03,2012-07-27
453205,118615,-67.0,5923,108,14:58:01,2012-07-27
453965,118615,-70.25,5923,108,18:40:57,2012-07-31
453175,118620,-63.0,5923,108,14:58:04,2012-07-27
453960,118620,-70.0,5923,108,18:49:28,2012-07-31
453960,118625,-70.666664,5923,108,18:40:55,2012-07-31
453165,118630,-63.0,5923,108,14:58:04,2012-07-27
453955,118630,-70.75,5923,108,18:49:27,2012-07-31
453165,118635,-62.142857,5923,108,14:58:06,2012-07-27
453950,118635,-71.0,5923,108,18:40:54,2012-07-31
453945,118645,-70.333336,5923,108,18:49:26,2012-07-31
453155,118650,-61.400002,5923,108,14:58:07,2012-07-27
453945,118650,-71.75,5923,108,18:40:54,2012-07-31
453940,118660,-72.0,5923,108,18:49:24,2012-07-31
453935,118665,-70.0,5923,108,18:49:24,2012-07-31
453150,118670,-63.5,5923,108,14:58:09,2012-07-27
453145,118675,-64.0,5923,108,14:58:10,2012-07-27
453930,118675,-70.0,5923,108,18:49:23,2012-07-31
453930,118680,-73.199997,5923,108,18:40:50,2012-07-31
453925,118685,-70.0,5923,108,18:49:22,2012-07-31
453925,118690,-70.666664,5923,108,18:49:21,2012-07-31
453130,118695,-64.0,5923,108,14:58:11,2012-07-27
453920,118695,-73.666664,5923,108,18:40:49,2012-07-31
453125,118705,-64.0,5923,108,14:58:12,2012-07-27
453910,118705,-71.75,5923,108,18:49:20,2012-07-31
453915,118705,-74.0,5923,108,18:40:48,2012-07-31
453120,118715,-64.25,5923,108,14:58:13,2012-07-27
453905,118715,-74.0,5923,108,18:40:47,2012-07-31
453900,118720,-71.888885,5923,108,18:49:19,2012-07-31
453110,118725,-64.75,5923,108,14:58:14,2012-07-27
453110,118730,-64.0,5923,108,14:58:15,2012-07-27
453895,118730,-71.5,5923,108,18:49:18,2012-07-31
453105,118735,-64.0,5923,108,14:58:15,2012-07-27
453890,118735,-72.0,5923,108,18:49:17,2012-07-31
453100,118740,-63.25,5923,108,14:58:16,2012-07-27
453885,118740,-72.833336,5923,108,18:40:45,2012-07-31
453095,118745,-61.0,5923,108,14:58:16,2012-07-27
453885,118745,-73.0,5923,108,18:40:44,2012-07-31
453875,118750,-72.0,5923,108,18:49:16,2012-07-31
453880,118750,-72.333336,5923,108,18:40:44,2012-07-31
453090,118755,-61.0,5923,108,14:58:17,2012-07-27
453870,118755,-72.0,5923,108,18:40:43,2012-07-31
453085,118760,-61.0,5923,108,14:58:18,2012-07-27
453865,118760,-70.5,5923,108,18:40:42,2012-07-31
453080,118765,-61.25,5923,108,14:58:19,2012-07-27
453860,118765,-71.400002,5923,108,18:49:13,2012-07-31
453075,118770,-62.0,5923,108,14:58:19,2012-07-27
453860,118770,-70.0,5923,108,18:40:41,2012-07-31
453070,118775,-61.333332,5923,108,14:58:20,2012-07-27
453850,118775,-71.0,5923,108,18:49:12,2012-07-31
453855,118775,-70.0,5923,108,18:40:41,2012-07-31
453070,118780,-66.599998,5923,108,15:02:27,2012-07-27
453845,118780,-71.0,5923,108,18:49:11,2012-07-31
453065,118785,-63.666668,5923,108,15:02:30,2012-07-27
453075,118785,-69.85714,5923,108,15:02:26,2012-07-27
453840,118785,-70.0,5923,108,18:40:40,2012-07-31
453845,118785,-70.0,5923,108,18:40:40,2012-07-31
453065,118790,-60.0,5923,108,14:58:21,2012-07-27
453835,118790,-71.555557,5923,108,18:40:39,2012-07-31
453055,118795,-60.25,5923,108,15:02:31,2012-07-27
453085,118795,-69.777779,5923,108,15:02:21,2012-07-27
453825,118795,-69.428574,5923,108,18:49:08,2012-07-31
453830,118795,-70.0,5923,108,18:40:39,2012-07-31
453055,118800,-60.0,5923,108,14:58:23,2012-07-27
453090,118800,-69.0,5923,108,15:02:20,2012-07-27
453825,118800,-68.400002,5923,108,18:40:38,2012-07-31
453830,118800,-70.0,5923,108,18:40:38,2012-07-31
453095,118805,-69.0,5923,108,15:02:19,2012-07-27
453820,118805,-68.555557,5923,108,18:40:37,2012-07-31
453825,118805,-68.0,5923,108,18:40:38,2012-07-31
453045,118810,-58.0,5923,108,15:02:33,2012-07-27
453050,118810,-60.0,5923,108,14:58:23,2012-07-27
453815,118810,-67.0,5923,108,18:40:37,2012-07-31
453040,118815,-57.799999,5923,108,15:02:34,2012-07-27
453045,118815,-59.75,5923,108,14:58:24,2012-07-27
453095,118815,-69.0,5923,108,15:02:19,2012-07-27
453035,118820,-57.0,5923,108,15:02:35,2012-07-27
453040,118820,-59.0,5923,108,14:58:25,2012-07-27
453100,118820,-69.0,5923,108,15:02:18,2012-07-27
453810,118820,-69.0,5923,108,18:49:05,2012-07-31
453025,118825,-53.0,5923,108,15:02:36,2012-07-27
453030,118825,-56.200001,5923,108,15:02:36,2012-07-27
453035,118825,-58.0,5923,108,14:58:26,2012-07-27
453100,118825,-67.5,5923,108,15:02:17,2012-07-27
453805,118825,-63.25,5923,108,18:40:35,2012-07-31
453810,118825,-71.125,5923,108,18:49:05,2012-07-31
453025,118830,-55.0,5923,108,14:58:26,2012-07-27
453805,118830,-66.5,5923,108,18:40:35,2012-07-31
453020,118835,-53.0,5923,108,15:02:37,2012-07-27
453025,118835,-55.0,5923,108,14:58:27,2012-07-27
453105,118835,-66.25,5923,108,15:02:15,2012-07-27
453795,118835,-60.75,5923,108,18:40:34,2012-07-31
453800,118835,-63.0,5923,108,18:40:34,2012-07-31
453810,118835,-71.599998,5923,108,18:49:02,2012-07-31
453015,118840,-54.0,5923,108,14:58:28,2012-07-27
453110,118840,-66.0,5923,108,15:02:13,2012-07-27
453790,118840,-60.0,5923,108,18:40:33,2012-07-31
453810,118840,-72.75,5923,108,18:49:00,2012-07-31
453815,118840,-73.0,5923,108,18:48:59,2012-07-31
453115,118845,-66.0,5923,108,15:02:12,2012-07-27
453780,118845,-57.75,5923,108,18:40:33,2012-07-31
453820,118845,-70.333336,5923,108,18:48:57,2012-07-31
453005,118850,-52.75,5923,108,15:02:38,2012-07-27
453010,118850,-52.333332,5923,108,14:58:30,2012-07-27
453775,118850,-57.0,5923,108,18:40:32,2012-07-31
453000,118855,-52.0,5923,108,15:02:39,2012-07-27
453120,118855,-64.400002,5923,108,15:02:11,2012-07-27
453760,118855,-55.0,5923,108,18:40:30,2012-07-31
453765,118855,-55.666668,5923,108,18:40:31,2012-07-31
453830,118855,-69.0,5923,108,18:48:56,2012-07-31
452995,118860,-51.5,5923,108,15:02:40,2012-07-27
453125,118860,-65.5,5923,108,15:02:10,2012-07-27
453750,118860,-55.0,5923,108,18:40:30,2012-07-31
453840,118860,-68.14286,5923,108,18:48:55,2012-07-31
452990,118865,-50.0,5923,108,15:02:40,2012-07-27
453125,118865,-66.0,5923,108,15:02:09,2012-07-27
452990,118870,-50.599998,5923,108,14:58:31,2012-07-27
453120,118870,-68.25,5923,108,15:02:09,2012-07-27
453845,118870,-65.0,5923,108,18:48:54,2012-07-31
452985,118875,-50.142857,5923,108,14:58:33,2012-07-27
453120,118875,-69.0,5923,108,15:02:07,2012-07-27
453715,118875,-56.333332,5923,108,18:40:27,2012-07-31
453720,118875,-55.0,5923,108,18:40:28,2012-07-31
452980,118880,-50.0,5923,108,15:02:42,2012-07-27
453860,118880,-62.200001,5923,108,18:48:53,2012-07-31
452980,118885,-51.0,5923,108,14:58:34,2012-07-27
453115,118885,-69.0,5923,108,15:02:07,2012-07-27
453695,118885,-57.0,5923,108,18:40:26,2012-07-31
452975,118890,-50.25,5923,108,15:02:43,2012-07-27
453115,118890,-67.5,5923,108,15:02:05,2012-07-27
453865,118890,-58.0,5923,108,18:48:52,2012-07-31
452970,118895,-51.0,5923,108,15:02:43,2012-07-27
452975,118895,-51.0,5923,108,14:58:35,2012-07-27
453115,118895,-67.5,5923,108,15:02:05,2012-07-27
453685,118895,-57.0,5923,108,18:40:25,2012-07-31
453875,118895,-54.5,5923,108,18:48:50,2012-07-31
452965,118900,-51.25,5923,108,15:02:44,2012-07-27
453115,118900,-66.800003,5923,108,15:02:03,2012-07-27
453675,118900,-58.333332,5923,108,18:40:24,2012-07-31
453880,118900,-53.0,5923,108,18:48:50,2012-07-31
452965,118905,-51.333332,5923,108,14:58:35,2012-07-27
452960,118910,-53.142857,5923,108,14:58:36,2012-07-27
453115,118910,-66.0,5923,108,15:02:02,2012-07-27
453665,118910,-59.0,5923,108,18:40:23,2012-07-31
453890,118910,-50.75,5923,108,18:48:49,2012-07-31
453115,118915,-64.400002,5923,108,15:02:01,2012-07-27
452950,118920,-53.25,5923,108,15:02:45,2012-07-27
452955,118920,-57.0,5923,108,14:58:38,2012-07-27
453115,118920,-64.0,5923,108,15:02:00,2012-07-27
453655,118920,-58.333332,5923,108,18:40:21,2012-07-31
453900,118920,-48.5,5923,108,18:48:48,2012-07-31
452945,118925,-57.0,5923,108,15:02:46,2012-07-27
453115,118925,-65.199997,5923,108,15:01:59,2012-07-27
453645,118925,-58.0,5923,108,18:40:21,2012-07-31
453905,118925,-48.0,5923,108,18:48:47,2012-07-31
452940,118930,-60.25,5923,108,15:02:47,2012-07-27
453915,118930,-48.0,5923,108,18:48:46,2012-07-31
452930,118935,-63.0,5923,108,15:02:48,2012-07-27
452935,118935,-61.0,5923,108,15:02:48,2012-07-27
453110,118935,-66.0,5923,108,15:01:57,2012-07-27
453635,118935,-59.5,5923,108,18:40:20,2012-07-31
453920,118935,-48.0,5923,108,18:48:45,2012-07-31
452925,118940,-61.0,5923,108,15:02:48,2012-07-27
452930,118940,-63.0,5923,108,14:58:40,2012-07-27
453110,118940,-66.0,5923,108,15:01:56,2012-07-27
453930,118940,-48.0,5923,108,18:48:45,2012-07-31
452915,118945,-65.25,5923,108,15:02:50,2012-07-27
452925,118945,-64.0,5923,108,14:58:41,2012-07-27
453105,118945,-65.5,5923,108,15:01:55,2012-07-27
453620,118945,-60.666668,5923,108,18:40:18,2012-07-31
452915,118950,-67.0,5923,108,14:58:42,2012-07-27
453105,118950,-64.333336,5923,108,15:01:53,2012-07-27
453610,118950,-60.333332,5923,108,18:40:17,2012-07-31
452905,118955,-67.099998,5923,108,15:02:50,2012-07-27
453105,118955,-61.75,5923,108,15:01:52,2012-07-27
453945,118955,-49.5,5923,108,18:48:43,2012-07-31
452895,118960,-69.0,5923,108,15:02:52,2012-07-27
453105,118960,-62.799999,5923,108,15:01:50,2012-07-27
453950,118960,-50.0,5923,108,18:48:43,2012-07-31
452870,118965,-69.0,5923,108,15:02:54,2012-07-27
452880,118965,-69.0,5923,108,15:02:52,2012-07-27
452890,118965,-70.0,5923,108,14:58:44,2012-07-27
453100,118965,-65.800003,5923,108,15:01:49,2012-07-27
453585,118965,-61.333332,5923,108,18:40:16,2012-07-31
453955,118965,-51.333332,5923,108,18:48:42,2012-07-31
454525,118965,-59.5,5923,108,18:48:05,2012-07-31
454540,118965,-60.0,5923,108,18:48:04,2012-07-31
454555,118965,-62.666668,5923,108,18:48:04,2012-07-31
454575,118965,-67.75,5923,108,18:48:02,2012-07-31
454590,118965,-72.0,5923,108,18:48:01,2012-07-31
454615,118965,-73.0,5923,108,18:48:00,2012-07-31
454630,118965,-73.0,5923,108,18:47:58,2012-07-31
452845,118970,-69.5,5923,108,15:02:57,2012-07-27
452880,118970,-70.0,5923,108,14:58:45,2012-07-27
453575,118970,-63.5,5923,108,18:40:14,2012-07-31
454645,118970,-73.0,5923,108,18:47:57,2012-07-31
454670,118970,-74.428574,5923,108,18:47:57,2012-07-31
454685,118970,-74.5,5923,108,18:47:55,2012-07-31
454695,118970,-72.5,5923,108,18:47:54,2012-07-31
454705,118970,-72.0,5923,108,18:47:53,2012-07-31
454715,118970,-72.75,5923,108,18:47:52,2012-07-31
454740,118970,-72.333336,5923,108,18:47:51,2012-07-31
454760,118970,-71.333336,5923,108,18:47:50,2012-07-31
452825,118975,-68.800003,5923,108,15:02:58,2012-07-27
452850,118975,-70.25,5923,108,14:58:48,2012-07-27
452860,118975,-70.0,5923,108,14:58:47,2012-07-27
452865,118975,-70.0,5923,108,14:58:46,2012-07-27
453090,118975,-66.25,5923,108,15:01:48,2012-07-27
453965,118975,-52.0,5923,108,18:48:41,2012-07-31
454500,118975,-56.5,5923,108,18:48:07,2012-07-31
454775,118975,-71.0,5923,108,18:47:49,2012-07-31
454780,118975,-70.25,5923,108,18:47:48,2012-07-31
454800,118975,-70.0,5923,108,18:47:48,2012-07-31
454810,118975,-71.199997,5923,108,18:47:47,2012-07-31
454820,118975,-72.0,5923,108,18:47:46,2012-07-31
454835,118975,-72.0,5923,108,18:47:45,2012-07-31
454860,118975,-72.666664,5923,108,18:47:44,2012-07-31
454880,118975,-73.666664,5923,108,18:47:43,2012-07-31
454895,118975,-74.0,5923,108,18:47:42,2012-07-31
452815,118980,-66.199997,5923,108,15:03:00,2012-07-27
452840,118980,-71.0,5923,108,14:58:49,2012-07-27
453085,118980,-65.400002,5923,108,15:01:46,2012-07-27
453560,118980,-64.0,5923,108,18:40:13,2012-07-31
453970,118980,-52.0,5923,108,18:48:41,2012-07-31
453975,118980,-53.799999,5923,108,18:48:40,2012-07-31
454490,118980,-54.799999,5923,108,18:48:08,2012-07-31
454900,118980,-74.0,5923,108,18:47:42,2012-07-31
454905,118980,-74.0,5923,108,18:47:41,2012-07-31
454915,118980,-74.0,5923,108,18:47:40,2012-07-31
454920,118980,-74.0,5923,108,18:47:40,2012-07-31
454925,118980,-73.199997,5923,108,18:47:40,2012-07-31
454930,118980,-73.0,5923,108,18:47:39,2012-07-31
454935,118980,-73.0,5923,108,18:47:39,2012-07-31
454940,118980,-73.0,5923,108,18:47:39,2012-07-31
454945,118980,-73.0,5923,108,18:47:38,2012-07-31
454955,118980,-73.0,5923,108,18:47:37,2012-07-31
454960,118980,-73.0,5923,108,18:47:37,2012-07-31
454965,118980,-73.0,5923,108,18:47:37,2012-07-31
452825,118985,-69.0,5923,108,14:58:51,2012-07-27
453080,118985,-65.0,5923,108,15:01:45,2012-07-27
453980,118985,-55.0,5923,108,18:48:40,2012-07-31
454475,118985,-54.222221,5923,108,18:48:09,2012-07-31
454970,118985,-73.0,5923,108,18:47:36,2012-07-31
454975,118985,-73.0,5923,108,18:47:36,2012-07-31
454980,118985,-73.0,5923,108,18:47:36,2012-07-31
452795,118990,-61.799999,5923,108,15:03:01,2012-07-27
452805,118990,-65.0,5923,108,14:58:52,2012-07-27
452815,118990,-66.0,5923,108,14:58:52,2012-07-27
453075,118990,-65.666664,5923,108,15:01:45,2012-07-27
453550,118990,-64.0,5923,108,18:40:12,2012-07-31
453985,118990,-55.0,5923,108,18:48:39,2012-07-31
454450,118990,-55.0,5923,108,18:48:10,2012-07-31
452795,118995,-62.5,5923,108,14:58:54,2012-07-27
453990,118995,-57.666668,5923,108,18:48:39,2012-07-31
455005,118995,-73.0,5923,108,18:47:34,2012-07-31
452775,119000,-59.5,5923,108,15:03:02,2012-07-27
452785,119000,-57.25,5923,108,14:58:57,2012-07-27
452790,119000,-59.5,5923,108,14:58:57,2012-07-27
453065,119000,-64.400002,5923,108,15:01:43,2012-07-27
453540,119000,-63.333332,5923,108,18:40:11,2012-07-31
454000,119000,-59.0,5923,108,18:48:38,2012-07-31
454435,119000,-55.0,5923,108,18:48:11,2012-07-31
452765,119005,-58.400002,5923,108,15:03:03,2012-07-27
452775,119005,-60.0,5923,108,14:59:48,2012-07-27
452780,119005,-59.111111,5923,108,14:58:59,2012-07-27
452790,119005,-60.333332,5923,108,14:59:50,2012-07-27
453060,119005,-61.75,5923,108,15:01:42,2012-07-27
453530,119005,-62.0,5923,108,18:40:10,2012-07-31
454000,119005,-59.0,5923,108,18:48:38,2012-07-31
454005,119005,-60.333332,5923,108,18:48:38,2012-07-31
454420,119005,-53.799999,5923,108,18:48:12,2012-07-31
452755,119010,-60.0,5923,108,15:03:04,2012-07-27
452765,119010,-61.0,5923,108,14:59:02,2012-07-27
452770,119010,-57.166668,5923,108,14:59:47,2012-07-27
452775,119010,-60.75,5923,108,14:59:01,2012-07-27
452795,119010,-61.0,5923,108,14:59:51,2012-07-27
452800,119010,-60.666668,5923,108,14:59:52,2012-07-27
452805,119010,-60.400002,5923,108,14:59:52,2012-07-27
453050,119010,-61.75,5923,108,15:01:40,2012-07-27
453055,119010,-61.0,5923,108,15:01:41,2012-07-27
454010,119010,-61.0,5923,108,18:48:37,2012-07-31
452740,119015,-59.375,5923,108,15:03:05,2012-07-27
452755,119015,-60.333332,5923,108,14:59:46,2012-07-27
452760,119015,-64.0,5923,108,14:59:03,2012-07-27
452820,119015,-62.333332,5923,108,14:59:55,2012-07-27
453040,119015,-62.666668,5923,108,15:01:39,2012-07-27
453045,119015,-62.0,5923,108,15:01:40,2012-07-27
453520,119015,-59.0,5923,108,18:40:08,2012-07-31
454400,119015,-51.599998,5923,108,18:48:14,2012-07-31
452730,119020,-60.200001,5923,108,15:03:07,2012-07-27
452735,119020,-58.75,5923,108,14:59:43,2012-07-27
452740,119020,-66.0,5923,108,14:59:06,2012-07-27
452745,119020,-63.099998,5923,108,14:59:45,2012-07-27
452750,119020,-67.0,5923,108,14:59:04,2012-07-27
452830,119020,-63.25,5923,108,14:59:56,2012-07-27
452835,119020,-66.5,5923,108,14:59:57,2012-07-27
452840,119020,-65.5,5923,108,15:01:07,2012-07-27
452845,119020,-64.0,5923,108,15:01:07,2012-07-27
452850,119020,-63.75,5923,108,15:01:08,2012-07-27
453035,119020,-63.0,5923,108,15:01:38,2012-07-27
454025,119020,-61.75,5923,108,18:48:36,2012-07-31
454380,119020,-50.666668,5923,108,18:48:15,2012-07-31
452710,119025,-62.25,5923,108,15:03:08,2012-07-27
452720,119025,-63.333332,5923,108,14:59:41,2012-07-27
452725,119025,-64.0,5923,108,14:59:08,2012-07-27
452730,119025,-60.0,5923,108,14:59:42,2012-07-27
452735,119025,-65.5,5923,108,14:59:06,2012-07-27
452830,119025,-67.0,5923,108,15:01:02,2012-07-27
452835,119025,-64.900002,5923,108,14:59:57,2012-07-27
452850,119025,-63.0,5923,108,15:01:08,2012-07-27
452855,119025,-63.25,5923,108,15:01:09,2012-07-27
453030,119025,-61.588234,5923,108,15:01:35,2012-07-27
453515,119025,-58.0,5923,108,18:40:07,2012-07-31
454340,119025,-50.0,5923,108,18:48:17,2012-07-31
454355,119025,-50.0,5923,108,18:48:16,2012-07-31
452680,119030,-62.0,5923,108,15:03:10,2012-07-27
452695,119030,-62.799999,5923,108,15:03:09,2012-07-27
452700,119030,-62.523811,5923,108,14:59:33,2012-07-27
452705,119030,-62.454544,5923,108,14:59:12,2012-07-27
452710,119030,-62.375,5923,108,14:59:39,2012-07-27
452715,119030,-62.0,5923,108,14:59:40,2012-07-27
452830,119030,-66.199997,5923,108,15:00:01,2012-07-27
452835,119030,-66.75,5923,108,15:00:00,2012-07-27
452870,119030,-64.5,5923,108,15:01:11,2012-07-27
453025,119030,-60.666668,5923,108,15:01:35,2012-07-27
454035,119030,-62.0,5923,108,18:48:36,2012-07-31
454305,119030,-49.333332,5923,108,18:48:19,2012-07-31
454320,119030,-49.599998,5923,108,18:48:18,2012-07-31
452645,119035,-61.0,5923,108,15:03:12,2012-07-27
452660,119035,-61.75,5923,108,15:03:11,2012-07-27
452700,119035,-60.870369,5923,108,14:59:21,2012-07-27
452705,119035,-61.42857,5923,108,14:59:31,2012-07-27
452825,119035,-65.444443,5923,108,15:00:02,2012-07-27
452890,119035,-64.0,5923,108,15:01:14,2012-07-27
453025,119035,-61.0,5923,108,15:01:33,2012-07-27
453505,119035,-55.599998,5923,108,18:40:06,2012-07-31
454040,119035,-63.5,5923,108,18:48:35,2012-07-31
454285,119035,-50.200001,5923,108,18:48:20,2012-07-31
452630,119040,-61.0,5923,108,15:03:13,2012-07-27
452815,119040,-64.25,5923,108,15:00:58,2012-07-27
452820,119040,-62.75,5923,108,15:00:03,2012-07-27
452825,119040,-63.0,5923,108,15:00:02,2012-07-27
452900,119040,-64.400002,5923,108,15:01:15,2012-07-27
452905,119040,-64.400002,5923,108,15:01:16,2012-07-27
453020,119040,-61.0,5923,108,15:01:33,2012-07-27
453495,119040,-53.5,5923,108,18:40:06,2012-07-31
454050,119040,-64.0,5923,108,18:48:34,2012-07-31
454250,119040,-51.799999,5923,108,18:48:22,2012-07-31
454270,119040,-51.0,5923,108,18:48:21,2012-07-31
452610,119045,-61.0,5923,108,15:03:14,2012-07-27
452810,119045,-64.0,5923,108,15:00:57,2012-07-27
452915,119045,-61.799999,5923,108,15:01:18,2012-07-27
453020,119045,-60.25,5923,108,15:01:32,2012-07-27
454060,119045,-64.0,5923,108,18:48:34,2012-07-31
454215,119045,-53.5,5923,108,18:48:24,2012-07-31
452575,119050,-60.0,5923,108,15:03:16,2012-07-27
452580,119050,-60.666668,5923,108,15:03:15,2012-07-27
452810,119050,-64.0,5923,108,15:00:57,2012-07-27
452815,119050,-61.400002,5923,108,15:00:04,2012-07-27
452930,119050,-60.666668,5923,108,15:01:19,2012-07-27
452935,119050,-59.333332,5923,108,15:01:21,2012-07-27
453010,119050,-59.0,5923,108,15:01:31,2012-07-27
453485,119050,-53.599998,5923,108,18:40:04,2012-07-31
454195,119050,-55.666668,5923,108,18:48:25,2012-07-31
454210,119050,-55.0,5923,108,18:48:24,2012-07-31
452550,119055,-62.0,5923,108,15:03:17,2012-07-27
452565,119055,-60.5,5923,108,15:03:16,2012-07-27
452805,119055,-64.0,5923,108,15:00:56,2012-07-27
452810,119055,-61.0,5923,108,15:00:05,2012-07-27
452945,119055,-58.0,5923,108,15:01:21,2012-07-27
453010,119055,-58.0,5923,108,15:01:30,2012-07-27
454070,119055,-64.0,5923,108,18:48:33,2012-07-31
454080,119055,-62.666668,5923,108,18:48:32,2012-07-31
454155,119055,-58.0,5923,108,18:48:27,2012-07-31
454160,119055,-58.0,5923,108,18:48:27,2012-07-31
454165,119055,-57.25,5923,108,18:48:26,2012-07-31
452535,119060,-62.25,5923,108,15:03:18,2012-07-27
452800,119060,-63.400002,5923,108,15:00:06,2012-07-27
452805,119060,-61.0,5923,108,15:00:06,2012-07-27
452955,119060,-58.0,5923,108,15:01:22,2012-07-27
452960,119060,-57.75,5923,108,15:01:24,2012-07-27
452985,119060,-55.200001,5923,108,15:01:26,2012-07-27
452995,119060,-57.5,5923,108,15:01:28,2012-07-27
453000,119060,-58.0,5923,108,15:01:29,2012-07-27
454090,119060,-62.0,5923,108,18:48:31,2012-07-31
454100,119060,-62.0,5923,108,18:48:31,2012-07-31
454105,119060,-62.0,5923,108,18:48:30,2012-07-31
454110,119060,-62.0,5923,108,18:48:30,2012-07-31
454115,119060,-62.0,5923,108,18:48:30,2012-07-31
454120,119060,-61.25,5923,108,18:48:29,2012-07-31
454130,119060,-61.0,5923,108,18:48:29,2012-07-31
454135,119060,-61.0,5923,108,18:48:28,2012-07-31
454145,119060,-58.75,5923,108,18:48:28,2012-07-31
454155,119060,-58.0,5923,108,18:48:27,2012-07-31
452515,119065,-63.666668,5923,108,15:03:19,2012-07-27
452525,119065,-63.0,5923,108,15:03:19,2012-07-27
452795,119065,-61.0,5923,108,15:00:07,2012-07-27
452970,119065,-56.400002,5923,108,15:01:25,2012-07-27
452975,119065,-54.0,5923,108,15:01:26,2012-07-27
453460,119065,-54.666668,5923,108,18:40:03,2012-07-31
452790,119070,-64.75,5923,108,15:00:54,2012-07-27
453450,119070,-55.0,5923,108,18:40:02,2012-07-31
452480,119075,-67.0,5923,108,15:03:21,2012-07-27
452495,119075,-65.5,5923,108,15:03:21,2012-07-27
452785,119075,-65.0,5923,108,15:00:53,2012-07-27
453440,119075,-56.799999,5923,108,18:40:00,2012-07-31
452780,119080,-64.25,5923,108,15:00:52,2012-07-27
452785,119080,-58.333332,5923,108,15:00:09,2012-07-27
453425,119080,-58.0,5923,108,18:39:59,2012-07-31
452460,119085,-72.0,5923,108,15:03:23,2012-07-27
452465,119085,-68.25,5923,108,15:03:22,2012-07-27
452775,119085,-64.0,5923,108,15:00:52,2012-07-27
452780,119085,-59.0,5923,108,15:00:09,2012-07-27
452445,119090,-72.25,5923,108,15:03:24,2012-07-27
452770,119090,-62.5,5923,108,15:00:51,2012-07-27
452775,119090,-59.0,5923,108,15:00:10,2012-07-27
453395,119090,-58.666668,5923,108,18:39:57,2012-07-31
453410,119090,-58.0,5923,108,18:39:58,2012-07-31
452435,119095,-73.0,5923,108,15:03:24,2012-07-27
452765,119095,-62.0,5923,108,15:00:50,2012-07-27
452770,119095,-59.0,5923,108,15:00:11,2012-07-27
453365,119095,-58.0,5923,108,18:39:54,2012-07-31
453375,119095,-58.0,5923,108,18:39:55,2012-07-31
453385,119095,-58.400002,5923,108,18:39:56,2012-07-31
452415,119100,-73.25,5923,108,15:03:25,2012-07-27
452760,119100,-61.25,5923,108,15:00:50,2012-07-27
453315,119100,-59.25,5923,108,18:39:50,2012-07-31
453320,119100,-57.0,5923,108,18:39:51,2012-07-31
453335,119100,-57.0,5923,108,18:39:52,2012-07-31
453345,119100,-57.0,5923,108,18:39:52,2012-07-31
453350,119100,-57.25,5923,108,18:39:53,2012-07-31
453360,119100,-58.0,5923,108,18:39:54,2012-07-31
452410,119105,-74.0,5923,108,15:03:26,2012-07-27
452760,119105,-59.0,5923,108,15:00:13,2012-07-27
452765,119105,-59.0,5923,108,15:00:12,2012-07-27
453285,119105,-62.0,5923,108,18:39:48,2012-07-31
453295,119105,-61.5,5923,108,18:39:49,2012-07-31
453305,119105,-60.0,5923,108,18:39:50,2012-07-31
452390,119110,-76.0,5923,108,15:03:27,2012-07-27
452400,119110,-74.5,5923,108,15:03:26,2012-07-27
452750,119110,-60.25,5923,108,15:00:48,2012-07-27
453275,119110,-63.333332,5923,108,18:39:47,2012-07-31
452385,119115,-76.0,5923,108,15:03:27,2012-07-27
452750,119115,-60.0,5923,108,15:00:47,2012-07-27
452755,119115,-57.0,5923,108,15:00:14,2012-07-27
453255,119115,-66.0,5923,108,18:39:45,2012-07-31
453265,119115,-65.5,5923,108,18:39:46,2012-07-31
452370,119120,-76.5,5923,108,15:03:28,2012-07-27
452745,119120,-57.444443,5923,108,15:00:16,2012-07-27
453190,119120,-61.0,5923,108,18:39:40,2012-07-31
453200,119120,-61.5,5923,108,18:39:40,2012-07-31
453215,119120,-62.5,5923,108,18:39:42,2012-07-31
453230,119120,-63.666668,5923,108,18:39:43,2012-07-31
453245,119120,-65.25,5923,108,18:39:45,2012-07-31
452360,119125,-78.0,5923,108,15:03:28,2012-07-27
452365,119125,-78.0,5923,108,15:03:28,2012-07-27
453170,119125,-64.0,5923,108,18:39:38,2012-07-31
453175,119125,-64.0,5923,108,18:39:38,2012-07-31
453180,119125,-64.0,5923,108,18:39:38,2012-07-31
453185,119125,-62.799999,5923,108,18:39:39,2012-07-31
452350,119130,-77.25,5923,108,15:03:29,2012-07-27
453160,119130,-64.0,5923,108,18:39:37,2012-07-31
453165,119130,-64.0,5923,108,18:39:37,2012-07-31
453170,119130,-64.0,5923,108,18:39:37,2012-07-31
452730,119135,-61.0,5923,108,15:00:45,2012-07-27
452735,119135,-59.799999,5923,108,15:00:45,2012-07-27
452330,119140,-75.0,5923,108,15:03:31,2012-07-27
452730,119140,-54.5,5923,108,15:00:17,2012-07-27
453150,119140,-66.0,5923,108,18:39:36,2012-07-31
452315,119145,-75.0,5923,108,15:03:31,2012-07-27
452725,119145,-58.375,5923,108,15:00:19,2012-07-27
452310,119150,-75.5,5923,108,15:03:32,2012-07-27
452720,119150,-58.777779,5923,108,15:00:19,2012-07-27
453145,119150,-66.25,5923,108,18:39:35,2012-07-31
452300,119155,-77.0,5923,108,15:03:33,2012-07-27
452715,119155,-64.0,5923,108,15:00:42,2012-07-27
452290,119160,-76.75,5923,108,15:03:33,2012-07-27
452715,119160,-55.0,5923,108,15:00:21,2012-07-27
452280,119165,-76.0,5923,108,15:03:34,2012-07-27
452285,119165,-76.0,5923,108,15:03:34,2012-07-27
452710,119165,-61.642857,5923,108,15:00:21,2012-07-27
453135,119165,-64.875,5923,108,18:39:33,2012-07-31
452270,119170,-76.0,5923,108,15:03:35,2012-07-27
452275,119170,-76.0,5923,108,15:03:34,2012-07-27
452705,119170,-59.142857,5923,108,15:00:22,2012-07-27
453135,119170,-63.0,5923,108,18:39:32,2012-07-31
452265,119175,-76.0,5923,108,15:03:35,2012-07-27
452270,119175,-76.0,5923,108,15:03:35,2012-07-27
452695,119175,-62.64706,5923,108,15:00:26,2012-07-27
452700,119175,-63.611111,5923,108,15:00:24,2012-07-27
452260,119180,-76.0,5923,108,15:03:36,2012-07-27
452265,119180,-76.0,5923,108,15:03:35,2012-07-27
452695,119180,-64.761902,5923,108,15:00:34,2012-07-27
453130,119180,-60.0,5923,108,18:39:32,2012-07-31
452255,119185,-76.0,5923,108,15:03:36,2012-07-27
453130,119195,-59.0,5923,108,18:39:30,2012-07-31
453125,119200,-56.0,5923,108,18:39:29,2012-07-31
453125,119210,-55.0,5923,108,18:39:28,2012-07-31
453120,119225,-55.0,5923,108,18:39:28,2012-07-31
453120,119235,-56.200001,5923,108,18:39:26,2012-07-31
453115,119245,-57.0,5923,108,18:39:25,2012-07-31
453110,119255,-56.25,5923,108,18:39:25,2012-07-31
453105,119265,-54.5,5923,108,18:39:23,2012-07-31
453100,119280,-53.0,5923,108,18:39:23,2012-07-31
453095,119290,-53.0,5923,108,18:39:22,2012-07-31
453090,119300,-53.0,5923,108,18:39:21,2012-07-31
453080,119310,-53.0,5923,108,18:39:20,2012-07-31
453075,119320,-53.0,5923,108,18:39:18,2012-07-31
453070,119330,-53.0,5923,108,18:39:18,2012-07-31
