461025,102750,-56.0,5925,118,15:06:10,2012-07-30
461030,102750,-56.0,5925,118,15:06:16,2012-07-30
461020,102755,-57.0,5925,118,15:06:07,2012-07-30
461025,102755,-56.81818,5925,118,14:55:31,2012-07-26
461025,102755,-53.299999,5925,118,19:12:54,2012-07-27
461025,102755,-56.5,5925,118,15:06:07,2012-07-30
461030,102755,-51.1875,5925,118,19:12:59,2012-07-27
461020,102760,-57.0,5925,118,15:06:06,2012-07-30
461015,102765,-57.666668,5925,118,15:06:06,2012-07-30
461005,102780,-58.0,5925,118,15:06:04,2012-07-30
460955,102850,-66.0,5925,118,15:05:59,2012-07-30
460950,102855,-65.0,5925,118,19:12:42,2012-07-27
460945,102860,-65.25,5925,118,15:05:57,2012-07-30
460945,102865,-65.0,5925,118,19:12:41,2012-07-27
460935,102875,-65.0,5925,118,15:05:56,2012-07-30
460940,102875,-65.0,5925,118,19:12:40,2012-07-27
460935,102880,-65.0,5925,118,14:55:17,2012-07-26
460930,102885,-65.0,5925,118,14:55:16,2012-07-26
460930,102885,-66.0,5925,118,15:05:55,2012-07-30
460930,102890,-65.0,5925,118,14:55:16,2012-07-26
460925,102895,-65.0,5925,118,19:12:39,2012-07-27
460920,102900,-66.0,5925,118,15:05:54,2012-07-30
460925,102900,-64.25,5925,118,14:55:15,2012-07-26
460915,102905,-66.0,5925,118,15:05:53,2012-07-30
460915,102910,-64.0,5925,118,14:55:15,2012-07-26
460915,102910,-65.0,5925,118,19:12:38,2012-07-27
460910,102920,-65.0,5925,118,19:12:37,2012-07-27
460905,102925,-64.5,5925,118,14:55:14,2012-07-26
460900,102930,-65.599998,5925,118,14:55:12,2012-07-26
460900,102930,-65.75,5925,118,19:12:36,2012-07-27
460895,102935,-66.0,5925,118,14:55:12,2012-07-26
460900,102935,-66.0,5925,118,19:12:36,2012-07-27
460890,102945,-66.0,5925,118,14:55:11,2012-07-26
460895,102945,-66.0,5925,118,19:12:35,2012-07-27
460885,102950,-66.666664,5925,118,14:55:11,2012-07-26
460890,102950,-66.0,5925,118,14:55:11,2012-07-26
460885,102955,-67.0,5925,118,14:55:11,2012-07-26
460880,102960,-67.0,5925,118,14:55:10,2012-07-26
460880,102960,-66.0,5925,118,15:05:49,2012-07-30
460875,102970,-66.0,5925,118,15:05:48,2012-07-30
460875,102975,-67.75,5925,118,14:55:10,2012-07-26
460865,102980,-65.25,5925,118,15:05:48,2012-07-30
460870,102980,-68.0,5925,118,14:55:09,2012-07-26
460870,102980,-66.0,5925,118,15:05:48,2012-07-30
460865,102985,-68.0,5925,118,14:55:09,2012-07-26
460865,102990,-68.0,5925,118,14:55:08,2012-07-26
460855,103000,-65.666664,5925,118,15:05:46,2012-07-30
460850,103010,-61.0,5925,118,14:55:07,2012-07-26
460840,103020,-59.333332,5925,118,15:05:45,2012-07-30
460845,103020,-61.0,5925,118,14:55:06,2012-07-26
460835,103030,-61.0,5925,118,14:55:05,2012-07-26
460830,103035,-56.0,5925,118,15:05:43,2012-07-30
460830,103040,-61.0,5925,118,14:55:05,2012-07-26
460830,103040,-56.0,5925,118,15:05:43,2012-07-30
460825,103045,-56.0,5925,118,15:05:43,2012-07-30
460820,103050,-56.0,5925,118,15:05:42,2012-07-30
460825,103050,-61.0,5925,118,14:55:04,2012-07-26
460815,103055,-56.0,5925,118,15:05:42,2012-07-30
460815,103060,-56.0,5925,118,15:05:41,2012-07-30
460810,103065,-56.0,5925,118,15:05:41,2012-07-30
460815,103065,-61.0,5925,118,14:55:03,2012-07-26
460810,103070,-56.0,5925,118,15:05:41,2012-07-30
460805,103075,-56.0,5925,118,15:05:41,2012-07-30
460805,103080,-61.0,5925,118,14:55:02,2012-07-26
460795,103090,-56.0,5925,118,15:05:39,2012-07-30
460800,103090,-61.0,5925,118,14:55:01,2012-07-26
460795,103095,-61.0,5925,118,14:55:00,2012-07-26
460790,103100,-61.0,5925,118,14:55:00,2012-07-26
460785,103105,-61.0,5925,118,14:54:59,2012-07-26
460785,103105,-56.0,5925,118,15:05:38,2012-07-30
460790,103105,-61.0,5925,118,14:55:00,2012-07-26
460785,103110,-61.0,5925,118,14:54:59,2012-07-26
460780,103115,-56.0,5925,118,15:05:37,2012-07-30
460775,103125,-61.0,5925,118,14:54:58,2012-07-26
460775,103125,-56.0,5925,118,15:05:37,2012-07-30
460770,103130,-56.0,5925,118,15:05:36,2012-07-30
460770,103135,-61.0,5925,118,14:54:58,2012-07-26
460765,103140,-56.75,5925,118,15:05:36,2012-07-30
460765,103145,-61.0,5925,118,14:54:57,2012-07-26
460760,103150,-57.0,5925,118,15:05:35,2012-07-30
460755,103155,-62.5,5925,118,14:54:56,2012-07-26
460755,103160,-58.333332,5925,118,15:05:34,2012-07-30
460750,103165,-59.0,5925,118,15:05:34,2012-07-30
460745,103175,-64.333336,5925,118,14:54:55,2012-07-26
460745,103175,-60.5,5925,118,15:05:33,2012-07-30
460740,103185,-61.0,5925,118,15:05:32,2012-07-30
460735,103190,-61.0,5925,118,15:05:32,2012-07-30
460730,103195,-61.0,5925,118,15:05:31,2012-07-30
460725,103200,-66.333336,5925,118,14:54:54,2012-07-26
460720,103215,-67.666664,5925,118,14:54:52,2012-07-26
460700,103240,-68.0,5925,118,14:54:51,2012-07-26
460635,103345,-69.0,5925,118,14:54:42,2012-07-26
460630,103355,-69.0,5925,118,14:54:41,2012-07-26
460570,103430,-69.0,5925,118,14:53:49,2012-07-26
460575,103430,-69.0,5925,118,14:54:31,2012-07-26
460570,103435,-69.466667,5925,118,14:54:08,2012-07-26
460575,103435,-69.324326,5925,118,14:53:43,2012-07-26
460575,103435,-68.0,5925,118,19:11:51,2012-07-27
460570,103440,-66.0,5925,118,15:05:05,2012-07-30
460575,103440,-68.0,5925,118,19:11:51,2012-07-27
460570,103445,-68.0,5925,118,19:11:50,2012-07-27
460570,103445,-66.0,5925,118,15:04:35,2012-07-30
460510,103525,-67.0,5925,118,14:53:32,2012-07-26
460490,103545,-67.0,5925,118,14:53:30,2012-07-26
460485,103550,-67.0,5925,118,14:53:30,2012-07-26
460480,103555,-63.0,5925,118,15:04:08,2012-07-30
460475,103560,-63.0,5925,118,15:04:07,2012-07-30
460480,103560,-66.25,5925,118,14:53:29,2012-07-26
460475,103565,-66.0,5925,118,14:53:28,2012-07-26
460470,103570,-64.0,5925,118,19:11:22,2012-07-27
460470,103570,-61.0,5925,118,15:04:07,2012-07-30
460465,103575,-64.5,5925,118,14:53:27,2012-07-26
460465,103575,-64.0,5925,118,19:11:21,2012-07-27
460465,103575,-60.0,5925,118,15:04:06,2012-07-30
460460,103580,-64.0,5925,118,14:53:27,2012-07-26
460460,103580,-62.666668,5925,118,19:11:20,2012-07-27
460455,103585,-64.0,5925,118,14:53:26,2012-07-26
460455,103585,-58.666668,5925,118,15:04:05,2012-07-30
460455,103590,-61.0,5925,118,14:53:26,2012-07-26
460450,103595,-60.0,5925,118,14:53:25,2012-07-26
460440,103600,-60.0,5925,118,19:11:19,2012-07-27
460445,103600,-60.0,5925,118,14:53:25,2012-07-26
460440,103605,-59.25,5925,118,14:53:25,2012-07-26
460440,103605,-56.666668,5925,118,15:04:04,2012-07-30
460435,103610,-59.0,5925,118,19:11:18,2012-07-27
460435,103615,-56.0,5925,118,15:04:03,2012-07-30
460430,103620,-58.0,5925,118,19:11:17,2012-07-27
460430,103620,-53.75,5925,118,15:04:03,2012-07-30
460425,103625,-57.0,5925,118,14:53:23,2012-07-26
460420,103630,-58.0,5925,118,19:11:17,2012-07-27
460415,103635,-59.0,5925,118,19:11:17,2012-07-27
460415,103640,-56.666668,5925,118,14:53:22,2012-07-26
460415,103640,-54.666668,5925,118,19:11:16,2012-07-27
460415,103640,-52.333332,5925,118,15:04:01,2012-07-30
460405,103650,-52.0,5925,118,15:04:00,2012-07-30
460400,103655,-53.0,5925,118,19:11:15,2012-07-27
460405,103655,-57.0,5925,118,14:53:21,2012-07-26
460400,103660,-56.333332,5925,118,14:53:20,2012-07-26
460400,103660,-52.0,5925,118,15:04:00,2012-07-30
460395,103665,-56.0,5925,118,14:53:20,2012-07-26
460390,103670,-52.333332,5925,118,19:11:13,2012-07-27
460395,103670,-52.0,5925,118,15:03:59,2012-07-30
460390,103675,-56.75,5925,118,14:53:19,2012-07-26
460390,103675,-51.25,5925,118,15:03:58,2012-07-30
460385,103685,-51.0,5925,118,15:03:58,2012-07-30
460380,103690,-54.75,5925,118,14:53:18,2012-07-26
460380,103690,-52.0,5925,118,19:11:12,2012-07-27
460380,103690,-50.333332,5925,118,15:03:57,2012-07-30
460375,103700,-50.0,5925,118,15:03:56,2012-07-30
460370,103705,-54.0,5925,118,14:53:16,2012-07-26
460370,103705,-50.75,5925,118,15:03:55,2012-07-30
460370,103710,-55.333332,5925,118,19:11:10,2012-07-27
460365,103715,-54.0,5925,118,14:53:15,2012-07-26
460365,103715,-51.0,5925,118,15:03:55,2012-07-30
460360,103720,-57.0,5925,118,19:11:09,2012-07-27
460360,103720,-50.25,5925,118,15:03:54,2012-07-30
460365,103720,-51.0,5925,118,15:03:54,2012-07-30
460355,103725,-57.0,5925,118,19:11:09,2012-07-27
460360,103725,-52.333332,5925,118,14:53:14,2012-07-26
460360,103725,-50.0,5925,118,15:03:54,2012-07-30
460355,103730,-50.0,5925,118,15:03:53,2012-07-30
460355,103735,-52.666668,5925,118,14:53:13,2012-07-26
460355,103735,-57.0,5925,118,19:11:08,2012-07-27
460355,103735,-49.400002,5925,118,15:03:53,2012-07-30
460350,103740,-54.5,5925,118,14:53:12,2012-07-26
460350,103740,-57.0,5925,118,19:11:07,2012-07-27
460350,103740,-49.0,5925,118,15:03:52,2012-07-30
460345,103745,-49.799999,5925,118,15:03:51,2012-07-30
460350,103745,-55.888889,5925,118,14:53:11,2012-07-26
460345,103750,-56.945946,5925,118,14:53:08,2012-07-26
460345,103750,-51.971153,5925,118,15:03:29,2012-07-30
460340,103755,-58.0,5925,118,14:52:38,2012-07-26
460340,103755,-51.666668,5925,118,15:03:19,2012-07-30
460345,103755,-51.0,5925,118,15:03:20,2012-07-30
460340,103760,-52.0,5925,118,15:03:17,2012-07-30
460335,103765,-58.0,5925,118,14:52:37,2012-07-26
460335,103765,-57.0,5925,118,19:11:06,2012-07-27
460335,103765,-52.0,5925,118,15:03:17,2012-07-30
460330,103770,-58.0,5925,118,14:52:36,2012-07-26
460330,103770,-57.0,5925,118,19:11:06,2012-07-27
460335,103770,-52.5,5925,118,15:03:16,2012-07-30
460330,103775,-57.0,5925,118,19:11:05,2012-07-27
460330,103775,-53.0,5925,118,15:03:15,2012-07-30
460330,103780,-58.0,5925,118,14:52:35,2012-07-26
460330,103780,-53.0,5925,118,15:03:15,2012-07-30
460325,103785,-57.0,5925,118,19:11:05,2012-07-27
460325,103785,-53.0,5925,118,15:03:14,2012-07-30
460320,103795,-58.0,5925,118,14:52:34,2012-07-26
460320,103795,-57.0,5925,118,19:11:04,2012-07-27
460320,103795,-53.0,5925,118,15:03:14,2012-07-30
460325,103795,-53.0,5925,118,15:03:14,2012-07-30
460315,103800,-58.0,5925,118,14:52:34,2012-07-26
460315,103800,-57.0,5925,118,19:11:03,2012-07-27
460320,103800,-58.0,5925,118,14:52:34,2012-07-26
460320,103800,-51.666668,5925,118,15:03:13,2012-07-30
460315,103805,-58.0,5925,118,14:52:33,2012-07-26
460315,103805,-57.0,5925,118,19:11:03,2012-07-27
460315,103805,-51.0,5925,118,15:03:13,2012-07-30
460315,103810,-57.333332,5925,118,14:52:33,2012-07-26
460315,103810,-57.0,5925,118,19:11:03,2012-07-27
460315,103810,-51.0,5925,118,15:03:13,2012-07-30
460310,103815,-57.0,5925,118,14:52:33,2012-07-26
460310,103815,-57.0,5925,118,19:11:02,2012-07-27
460305,103820,-54.75,5925,118,19:11:02,2012-07-27
460310,103820,-57.0,5925,118,19:11:02,2012-07-27
460310,103820,-51.0,5925,118,15:03:12,2012-07-30
460305,103825,-57.0,5925,118,14:52:32,2012-07-26
460305,103825,-54.0,5925,118,19:11:02,2012-07-27
460305,103830,-55.0,5925,118,14:52:32,2012-07-26
460300,103835,-54.0,5925,118,19:11:01,2012-07-27
460300,103840,-52.666668,5925,118,19:11:00,2012-07-27
460295,103850,-54.0,5925,118,14:52:30,2012-07-26
460290,103855,-54.0,5925,118,14:52:30,2012-07-26
460290,103860,-52.0,5925,118,19:10:59,2012-07-27
460285,103865,-52.666668,5925,118,19:10:59,2012-07-27
460280,103870,-53.333332,5925,118,14:52:29,2012-07-26
460285,103870,-53.0,5925,118,19:10:58,2012-07-27
460280,103875,-53.0,5925,118,19:10:58,2012-07-27
460275,103880,-53.0,5925,118,14:52:28,2012-07-26
460275,103880,-54.333332,5925,118,19:10:58,2012-07-27
460270,103890,-53.799999,5925,118,14:52:27,2012-07-26
460265,103900,-54.0,5925,118,14:52:27,2012-07-26
460270,103900,-55.0,5925,118,19:10:56,2012-07-27
460265,103905,-54.0,5925,118,14:52:26,2012-07-26
460260,103910,-54.0,5925,118,14:52:26,2012-07-26
460255,103915,-54.0,5925,118,14:52:25,2012-07-26
460255,103920,-54.0,5925,118,14:52:25,2012-07-26
460255,103925,-53.25,5925,118,14:52:25,2012-07-26
460250,103935,-53.0,5925,118,14:52:24,2012-07-26
460250,103935,-55.0,5925,118,19:10:55,2012-07-27
460265,103935,-50.0,5925,118,11:55:39,2012-07-31
460270,103935,-50.0,5925,118,11:55:28,2012-07-31
460265,103940,-51.047619,5925,118,11:55:46,2012-07-31
460240,103945,-54.5,5925,118,14:52:23,2012-07-26
460245,103945,-58.333332,5925,118,19:10:53,2012-07-27
460260,103945,-52.444443,5925,118,11:55:49,2012-07-31
460260,103955,-55.0,5925,118,11:55:52,2012-07-31
460235,103960,-60.0,5925,118,19:10:52,2012-07-27
460255,103960,-57.0,5925,118,11:55:52,2012-07-31
460230,103970,-55.666668,5925,118,14:52:22,2012-07-26
460255,103970,-58.0,5925,118,11:55:53,2012-07-31
460230,103975,-60.0,5925,118,19:10:51,2012-07-27
460225,103985,-56.666668,5925,118,14:52:20,2012-07-26
460225,103985,-60.75,5925,118,19:10:49,2012-07-27
460245,103985,-59.799999,5925,118,11:55:54,2012-07-31
460245,103990,-61.666668,5925,118,11:55:56,2012-07-31
460220,103995,-57.0,5925,118,14:52:20,2012-07-26
460220,103995,-61.0,5925,118,19:10:48,2012-07-27
460240,104000,-62.666668,5925,118,11:55:57,2012-07-31
460215,104005,-58.5,5925,118,14:52:19,2012-07-26
460215,104005,-61.0,5925,118,19:10:48,2012-07-27
460235,104010,-62.0,5925,118,11:55:58,2012-07-31
460210,104015,-60.400002,5925,118,19:10:46,2012-07-27
460210,104025,-61.5,5925,118,19:10:45,2012-07-27
460230,104025,-61.75,5925,118,11:55:59,2012-07-31
460200,104030,-64.042427,5925,118,19:09:39,2012-07-27
460205,104030,-61.0,5925,118,14:52:18,2012-07-26
460205,104030,-63.416668,5925,118,19:10:33,2012-07-27
460200,104035,-61.0,5925,118,19:09:39,2012-07-27
460205,104035,-65.566666,5925,118,19:10:34,2012-07-27
460225,104035,-60.666668,5925,118,11:56:00,2012-07-31
460200,104040,-61.0,5925,118,19:09:38,2012-07-27
460195,104045,-63.0,5925,118,14:52:16,2012-07-26
460195,104045,-61.0,5925,118,19:09:37,2012-07-27
460195,104050,-61.0,5925,118,19:09:35,2012-07-27
460215,104050,-60.0,5925,118,11:56:01,2012-07-31
460190,104055,-61.0,5925,118,19:09:35,2012-07-27
460195,104055,-61.0,5925,118,19:09:35,2012-07-27
460190,104060,-63.0,5925,118,14:52:15,2012-07-26
460190,104060,-61.714287,5925,118,19:09:34,2012-07-27
460190,104065,-62.0,5925,118,19:09:34,2012-07-27
460205,104065,-60.25,5925,118,11:56:03,2012-07-31
460185,104070,-62.0,5925,118,19:09:34,2012-07-27
460185,104075,-62.0,5925,118,19:09:33,2012-07-27
460200,104075,-61.5,5925,118,11:56:04,2012-07-31
460180,104080,-63.666668,5925,118,14:52:15,2012-07-26
460185,104080,-62.0,5925,118,19:09:33,2012-07-27
460180,104085,-62.0,5925,118,19:09:33,2012-07-27
460175,104090,-62.0,5925,118,19:09:32,2012-07-27
460180,104090,-62.0,5925,118,19:09:32,2012-07-27
460175,104095,-64.75,5925,118,14:52:13,2012-07-26
460190,104095,-63.0,5925,118,11:56:05,2012-07-31
460170,104110,-64.5,5925,118,14:52:11,2012-07-26
460180,104110,-63.400002,5925,118,11:56:06,2012-07-31
460165,104125,-64.0,5925,118,14:52:10,2012-07-26
460175,104125,-64.5,5925,118,11:56:07,2012-07-31
460165,104140,-65.800003,5925,118,11:56:08,2012-07-31
460145,104175,-64.333336,5925,118,11:56:10,2012-07-31
460140,104195,-62.666668,5925,118,11:56:11,2012-07-31
460130,104210,-62.0,5925,118,11:56:12,2012-07-31
460125,104215,-61.5,5925,118,11:56:13,2012-07-31
460125,104225,-60.0,5925,118,11:56:13,2012-07-31
460120,104230,-60.0,5925,118,11:56:14,2012-07-31
460115,104235,-59.75,5925,118,11:56:14,2012-07-31
460115,104245,-59.0,5925,118,11:56:15,2012-07-31
460110,104250,-59.0,5925,118,11:56:15,2012-07-31
460105,104260,-59.200001,5925,118,11:56:15,2012-07-31
460105,104265,-60.0,5925,118,11:56:16,2012-07-31
460100,104270,-60.0,5925,118,11:56:16,2012-07-31
460105,104270,-60.0,5925,118,11:56:16,2012-07-31
460095,104280,-60.0,5925,118,11:56:17,2012-07-31
460100,104280,-60.0,5925,118,11:56:17,2012-07-31
460095,104285,-60.0,5925,118,11:56:17,2012-07-31
460090,104295,-60.0,5925,118,11:56:18,2012-07-31
460090,104300,-60.0,5925,118,11:56:18,2012-07-31
460085,104305,-60.0,5925,118,11:56:18,2012-07-31
460080,104310,-60.0,5925,118,11:56:19,2012-07-31
460085,104310,-60.0,5925,118,11:56:19,2012-07-31
460075,104325,-60.0,5925,118,11:56:20,2012-07-31
460070,104335,-60.0,5925,118,11:56:20,2012-07-31
460070,104340,-60.0,5925,118,11:56:21,2012-07-31
460065,104345,-60.0,5925,118,11:56:21,2012-07-31
460060,104355,-60.0,5925,118,11:56:22,2012-07-31
460055,104365,-66.0,5925,118,11:56:22,2012-07-31
460060,104365,-61.5,5925,118,11:56:22,2012-07-31
460055,104370,-66.0,5925,118,11:56:23,2012-07-31
460055,104375,-66.0,5925,118,11:56:23,2012-07-31
460050,104380,-66.0,5925,118,11:56:23,2012-07-31
460050,104385,-66.0,5925,118,11:56:24,2012-07-31
460020,104450,-68.0,5925,118,11:56:28,2012-07-31
460010,104470,-68.0,5925,118,11:56:30,2012-07-31
460005,104480,-68.0,5925,118,11:56:30,2012-07-31
459995,104490,-68.0,5925,118,11:56:31,2012-07-31
459985,104510,-67.666664,5925,118,11:56:32,2012-07-31
459980,104525,-66.599998,5925,118,11:56:34,2012-07-31
459965,104545,-66.25,5925,118,11:56:35,2012-07-31
459955,104560,-66.800003,5925,118,11:56:37,2012-07-31
459950,104575,-66.0,5925,118,11:56:37,2012-07-31
459940,104590,-65.5,5925,118,11:56:38,2012-07-31
459930,104605,-65.0,5925,118,11:56:40,2012-07-31
459915,104625,-65.0,5925,118,11:56:40,2012-07-31
459905,104640,-65.0,5925,118,11:56:42,2012-07-31
459895,104655,-65.0,5925,118,11:56:42,2012-07-31
459885,104670,-65.0,5925,118,11:56:44,2012-07-31
459870,104690,-65.0,5925,118,11:56:44,2012-07-31
459865,104695,-65.0,5925,118,11:56:46,2012-07-31
459855,104710,-65.0,5925,118,11:56:47,2012-07-31
459640,105045,-63.0,5925,118,11:57:13,2012-07-31
459630,105055,-63.0,5925,118,11:57:14,2012-07-31
459635,105055,-63.0,5925,118,11:57:14,2012-07-31
459630,105065,-63.0,5925,118,11:57:15,2012-07-31
453055,119360,-62.25,5925,118,18:39:15,2012-07-31
453055,119365,-62.0,5925,118,18:39:14,2012-07-31
453050,119375,-63.714287,5925,118,18:39:13,2012-07-31
453045,119390,-65.0,5925,118,18:39:12,2012-07-31
453040,119400,-64.199997,5925,118,18:39:11,2012-07-31
453040,119410,-62.799999,5925,118,18:39:11,2012-07-31
453035,119425,-62.75,5925,118,18:39:09,2012-07-31
453035,119440,-63.799999,5925,118,18:39:08,2012-07-31
453030,119455,-61.333332,5925,118,18:39:06,2012-07-31
453025,119460,-58.200001,5925,118,18:39:05,2012-07-31
453025,119470,-56.0,5925,118,18:39:04,2012-07-31
453025,119475,-54.400002,5925,118,18:39:02,2012-07-31
453025,119480,-54.0,5925,118,18:39:01,2012-07-31
453030,119480,-54.0,5925,118,18:39:00,2012-07-31
453030,119485,-54.666668,5925,118,18:38:59,2012-07-31
453035,119485,-55.0,5925,118,18:38:58,2012-07-31
453045,119490,-55.666668,5925,118,18:38:57,2012-07-31
453050,119500,-56.0,5925,118,18:38:56,2012-07-31
453055,119505,-56.799999,5925,118,18:38:55,2012-07-31
453060,119510,-56.200001,5925,118,18:38:54,2012-07-31
453065,119515,-56.0,5925,118,18:38:53,2012-07-31
453070,119520,-53.75,5925,118,18:38:52,2012-07-31
453075,119525,-53.0,5925,118,18:38:52,2012-07-31
453080,119535,-53.75,5925,118,18:38:51,2012-07-31
453085,119535,-54.0,5925,118,18:38:50,2012-07-31
453090,119540,-53.25,5925,118,18:38:49,2012-07-31
453095,119550,-53.0,5925,118,18:38:49,2012-07-31
453100,119555,-50.0,5925,118,18:38:48,2012-07-31
453105,119560,-49.0,5925,118,18:38:47,2012-07-31
453110,119570,-46.75,5925,118,18:38:47,2012-07-31
453125,119590,-45.333332,5925,118,18:38:45,2012-07-31
453135,119600,-41.666668,5925,118,18:38:44,2012-07-31
453145,119610,-39.5,5925,118,18:38:42,2012-07-31
453150,119620,-39.0,5925,118,18:38:42,2012-07-31
453160,119630,-39.0,5925,118,18:38:40,2012-07-31
453170,119640,-39.599998,5925,118,18:38:40,2012-07-31
453180,119650,-40.0,5925,118,18:38:39,2012-07-31
453190,119660,-40.799999,5925,118,18:38:38,2012-07-31
453195,119670,-41.666668,5925,118,18:38:37,2012-07-31
453205,119685,-42.666668,5925,118,18:38:35,2012-07-31
453225,119705,-43.0,5925,118,18:38:34,2012-07-31
453235,119715,-43.0,5925,118,18:38:33,2012-07-31
453245,119725,-42.5,5925,118,18:38:31,2012-07-31
453255,119745,-42.0,5925,118,18:38:30,2012-07-31
453265,119755,-41.200001,5925,118,18:38:29,2012-07-31
453275,119765,-40.25,5925,118,18:38:28,2012-07-31
453285,119780,-39.400002,5925,118,18:38:27,2012-07-31
453295,119795,-39.0,5925,118,18:38:26,2012-07-31
453300,119810,-39.799999,5925,118,18:38:25,2012-07-31
453310,119820,-41.5,5925,118,18:38:24,2012-07-31
453315,119835,-42.75,5925,118,18:38:23,2012-07-31
453325,119850,-44.0,5925,118,18:38:21,2012-07-31
453335,119870,-46.200001,5925,118,18:38:20,2012-07-31
453345,119885,-46.5,5925,118,18:38:18,2012-07-31
453350,119890,-46.0,5925,118,18:38:18,2012-07-31
453355,119900,-44.666668,5925,118,18:38:17,2012-07-31
453360,119910,-44.0,5925,118,18:38:16,2012-07-31
453360,119915,-43.25,5925,118,18:38:16,2012-07-31
453365,119925,-43.0,5925,118,18:38:15,2012-07-31
453370,119935,-42.25,5925,118,18:38:14,2012-07-31
453380,119945,-42.0,5925,118,18:38:13,2012-07-31
453390,119960,-40.666668,5925,118,18:38:13,2012-07-31
453395,119970,-40.75,5925,118,18:38:11,2012-07-31
453400,119980,-41.0,5925,118,18:38:11,2012-07-31
453405,119990,-41.666668,5925,118,18:38:10,2012-07-31
453415,120005,-42.0,5925,118,18:38:09,2012-07-31
453420,120010,-42.0,5925,118,18:38:09,2012-07-31
453425,120020,-42.0,5925,118,18:38:08,2012-07-31
453425,120025,-42.0,5925,118,18:38:07,2012-07-31
453430,120030,-42.0,5925,118,18:38:07,2012-07-31
453440,120040,-42.0,5925,118,18:38:06,2012-07-31
453445,120050,-42.75,5925,118,18:38:06,2012-07-31
453455,120070,-43.75,5925,118,18:38:04,2012-07-31
453460,120075,-44.0,5925,118,18:38:04,2012-07-31
453465,120085,-44.75,5925,118,18:38:03,2012-07-31
453470,120095,-45.0,5925,118,18:38:02,2012-07-31
453475,120105,-45.75,5925,118,18:38:01,2012-07-31
453475,120110,-46.0,5925,118,18:38:01,2012-07-31
453480,120115,-46.0,5925,118,18:38:00,2012-07-31
453490,120130,-46.0,5925,118,18:37:59,2012-07-31
453495,120140,-46.0,5925,118,18:37:58,2012-07-31
453495,120150,-46.75,5925,118,18:37:57,2012-07-31
453500,120160,-47.0,5925,118,18:37:56,2012-07-31
453505,120165,-47.0,5925,118,18:37:56,2012-07-31
453510,120170,-47.0,5925,118,18:37:55,2012-07-31
453510,120180,-47.0,5925,118,18:37:54,2012-07-31
453515,120185,-47.0,5925,118,18:37:54,2012-07-31
453520,120190,-46.333332,5925,118,18:37:53,2012-07-31
453525,120205,-47.5,5925,118,18:37:52,2012-07-31
453530,120215,-47.25,5925,118,18:37:50,2012-07-31
453535,120230,-47.599998,5925,118,18:37:49,2012-07-31
453540,120240,-49.5,5925,118,18:37:47,2012-07-31
453545,120245,-51.599998,5925,118,18:37:46,2012-07-31
453545,120255,-52.0,5925,118,18:37:45,2012-07-31
453550,120265,-52.799999,5925,118,18:37:44,2012-07-31
453555,120275,-55.400002,5925,118,18:37:43,2012-07-31
453560,120285,-58.333332,5925,118,18:37:42,2012-07-31
453560,120290,-59.5,5925,118,18:37:40,2012-07-31
453565,120300,-60.0,5925,118,18:37:39,2012-07-31
453565,120305,-61.777779,5925,118,18:37:39,2012-07-31
453570,120315,-62.0,5925,118,18:37:37,2012-07-31
453575,120325,-61.25,5925,118,18:37:36,2012-07-31
453580,120335,-60.400002,5925,118,18:37:35,2012-07-31
453580,120345,-60.0,5925,118,18:37:34,2012-07-31
453585,120355,-57.599998,5925,118,18:37:32,2012-07-31
453590,120365,-57.75,5925,118,18:37:32,2012-07-31
453595,120375,-58.0,5925,118,18:37:30,2012-07-31
453595,120380,-60.0,5925,118,18:37:29,2012-07-31
453600,120390,-62.5,5925,118,18:37:28,2012-07-31
453605,120400,-63.0,5925,118,18:37:27,2012-07-31
453610,120410,-63.799999,5925,118,18:37:26,2012-07-31
453615,120425,-64.0,5925,118,18:37:24,2012-07-31
453620,120435,-64.800003,5925,118,18:37:23,2012-07-31
453625,120445,-65.75,5925,118,18:37:22,2012-07-31
453625,120450,-66.0,5925,118,18:37:21,2012-07-31
453630,120460,-66.75,5925,118,18:37:20,2012-07-31
453635,120470,-67.0,5925,118,18:37:20,2012-07-31
453635,120480,-69.0,5925,118,18:37:19,2012-07-31
453640,120490,-70.0,5925,118,18:37:18,2012-07-31
453645,120500,-70.666664,5925,118,18:37:18,2012-07-31
453645,120505,-71.0,5925,118,18:37:17,2012-07-31
453650,120510,-71.0,5925,118,18:37:17,2012-07-31
453650,120515,-73.25,5925,118,18:37:16,2012-07-31
453655,120525,-74.0,5925,118,18:37:16,2012-07-31
453660,120535,-72.666664,5925,118,18:37:15,2012-07-31
453670,120555,-72.666664,5925,118,18:37:13,2012-07-31
453670,120560,-73.0,5925,118,18:37:13,2012-07-31
453670,120565,-73.0,5925,118,18:37:13,2012-07-31
453675,120570,-73.0,5925,118,18:37:12,2012-07-31
453675,120575,-73.0,5925,118,18:37:12,2012-07-31
453680,120585,-73.0,5925,118,18:37:11,2012-07-31
453680,120590,-73.0,5925,118,18:37:11,2012-07-31
453685,120595,-73.0,5925,118,18:37:10,2012-07-31
453685,120600,-73.0,5925,118,18:37:10,2012-07-31
453685,120605,-73.0,5925,118,18:37:09,2012-07-31
453690,120610,-72.199997,5925,118,18:37:09,2012-07-31
453690,120615,-72.0,5925,118,18:37:09,2012-07-31
453690,120620,-72.0,5925,118,18:37:09,2012-07-31
453695,120620,-72.0,5925,118,18:37:08,2012-07-31
453695,120625,-72.0,5925,118,18:37:08,2012-07-31
453695,120630,-72.0,5925,118,18:37:08,2012-07-31
453695,120635,-72.0,5925,118,18:37:08,2012-07-31
453700,120640,-72.0,5925,118,18:37:07,2012-07-31
453700,120645,-72.0,5925,118,18:37:07,2012-07-31
453700,120655,-72.75,5925,118,18:37:06,2012-07-31
453705,120670,-73.0,5925,118,18:37:05,2012-07-31
453715,120680,-73.0,5925,118,18:37:04,2012-07-31
453720,120695,-73.75,5925,118,18:37:04,2012-07-31
453725,120710,-74.0,5925,118,18:37:03,2012-07-31
453730,120725,-75.599998,5925,118,18:37:02,2012-07-31
453740,120740,-76.0,5925,118,18:37:01,2012-07-31
453745,120755,-77.199997,5925,118,18:36:59,2012-07-31
453745,120760,-78.0,5925,118,18:36:59,2012-07-31
453755,120790,-79.5,5925,118,18:36:58,2012-07-31
453755,120795,-81.333336,5925,118,18:36:57,2012-07-31
453760,120810,-82.666664,5925,118,18:36:55,2012-07-31
453760,120845,-83.800003,5925,118,18:36:54,2012-07-31
453760,120850,-83.25,5925,118,18:36:52,2012-07-31
453755,120865,-83.0,5925,118,18:36:52,2012-07-31
453755,120880,-82.25,5925,118,18:36:50,2012-07-31
453750,120895,-79.75,5925,118,18:36:49,2012-07-31
453750,120910,-78.400002,5925,118,18:36:48,2012-07-31
453745,120920,-78.0,5925,118,18:36:47,2012-07-31
453740,120945,-75.0,5925,118,18:36:47,2012-07-31
453740,120955,-74.666664,5925,118,18:36:45,2012-07-31
453730,120980,-74.400002,5925,118,18:36:44,2012-07-31
453725,121005,-73.333336,5925,118,18:36:42,2012-07-31
453720,121020,-70.75,5925,118,18:36:41,2012-07-31
453715,121035,-70.0,5925,118,18:36:40,2012-07-31
453715,121050,-70.0,5925,118,18:36:39,2012-07-31
453710,121055,-70.0,5925,118,18:36:38,2012-07-31
453705,121075,-70.0,5925,118,18:36:37,2012-07-31
453705,121090,-71.199997,5925,118,18:36:35,2012-07-31
453700,121125,-73.800003,5925,118,18:36:34,2012-07-31
453700,121140,-77.571426,5925,118,18:36:33,2012-07-31
453700,121150,-78.0,5925,118,18:36:31,2012-07-31
453700,121155,-78.0,5925,118,18:36:30,2012-07-31
453700,121160,-81.0,5925,118,18:36:30,2012-07-31
453695,121175,-82.0,5925,118,18:36:29,2012-07-31
453695,121185,-82.0,5925,118,18:36:28,2012-07-31
453690,121205,-82.0,5925,118,18:36:27,2012-07-31
453690,121210,-82.0,5925,118,18:36:26,2012-07-31
453690,121215,-82.0,5925,118,18:36:26,2012-07-31
453690,121220,-82.0,5925,118,18:36:25,2012-07-31
453685,121240,-82.0,5925,118,18:36:24,2012-07-31
461025,102750,-56.0,5925,118,15:06:10,2012-07-30
461030,102750,-56.0,5925,118,15:06:16,2012-07-30
461020,102755,-57.0,5925,118,15:06:07,2012-07-30
461025,102755,-56.81818,5925,118,14:55:31,2012-07-26
461025,102755,-53.299999,5925,118,19:12:54,2012-07-27
461025,102755,-56.5,5925,118,15:06:07,2012-07-30
461030,102755,-51.1875,5925,118,19:12:59,2012-07-27
461020,102760,-57.0,5925,118,15:06:06,2012-07-30
461015,102765,-57.666668,5925,118,15:06:06,2012-07-30
461005,102780,-58.0,5925,118,15:06:04,2012-07-30
460955,102850,-66.0,5925,118,15:05:59,2012-07-30
460950,102855,-65.0,5925,118,19:12:42,2012-07-27
460945,102860,-65.25,5925,118,15:05:57,2012-07-30
460945,102865,-65.0,5925,118,19:12:41,2012-07-27
460935,102875,-65.0,5925,118,15:05:56,2012-07-30
460940,102875,-65.0,5925,118,19:12:40,2012-07-27
460935,102880,-65.0,5925,118,14:55:17,2012-07-26
460930,102885,-65.0,5925,118,14:55:16,2012-07-26
460930,102885,-66.0,5925,118,15:05:55,2012-07-30
460930,102890,-65.0,5925,118,14:55:16,2012-07-26
460925,102895,-65.0,5925,118,19:12:39,2012-07-27
460920,102900,-66.0,5925,118,15:05:54,2012-07-30
460925,102900,-64.25,5925,118,14:55:15,2012-07-26
460915,102905,-66.0,5925,118,15:05:53,2012-07-30
460915,102910,-64.0,5925,118,14:55:15,2012-07-26
460915,102910,-65.0,5925,118,19:12:38,2012-07-27
460910,102920,-65.0,5925,118,19:12:37,2012-07-27
460905,102925,-64.5,5925,118,14:55:14,2012-07-26
460900,102930,-65.599998,5925,118,14:55:12,2012-07-26
460900,102930,-65.75,5925,118,19:12:36,2012-07-27
460895,102935,-66.0,5925,118,14:55:12,2012-07-26
460900,102935,-66.0,5925,118,19:12:36,2012-07-27
460890,102945,-66.0,5925,118,14:55:11,2012-07-26
460895,102945,-66.0,5925,118,19:12:35,2012-07-27
460885,102950,-66.666664,5925,118,14:55:11,2012-07-26
460890,102950,-66.0,5925,118,14:55:11,2012-07-26
460885,102955,-67.0,5925,118,14:55:11,2012-07-26
460880,102960,-67.0,5925,118,14:55:10,2012-07-26
460880,102960,-66.0,5925,118,15:05:49,2012-07-30
460875,102970,-66.0,5925,118,15:05:48,2012-07-30
460875,102975,-67.75,5925,118,14:55:10,2012-07-26
460865,102980,-65.25,5925,118,15:05:48,2012-07-30
460870,102980,-68.0,5925,118,14:55:09,2012-07-26
460870,102980,-66.0,5925,118,15:05:48,2012-07-30
460865,102985,-68.0,5925,118,14:55:09,2012-07-26
460865,102990,-68.0,5925,118,14:55:08,2012-07-26
460855,103000,-65.666664,5925,118,15:05:46,2012-07-30
460850,103010,-61.0,5925,118,14:55:07,2012-07-26
460840,103020,-59.333332,5925,118,15:05:45,2012-07-30
460845,103020,-61.0,5925,118,14:55:06,2012-07-26
460835,103030,-61.0,5925,118,14:55:05,2012-07-26
460830,103035,-56.0,5925,118,15:05:43,2012-07-30
460830,103040,-61.0,5925,118,14:55:05,2012-07-26
460830,103040,-56.0,5925,118,15:05:43,2012-07-30
460825,103045,-56.0,5925,118,15:05:43,2012-07-30
460820,103050,-56.0,5925,118,15:05:42,2012-07-30
460825,103050,-61.0,5925,118,14:55:04,2012-07-26
460815,103055,-56.0,5925,118,15:05:42,2012-07-30
460815,103060,-56.0,5925,118,15:05:41,2012-07-30
460810,103065,-56.0,5925,118,15:05:41,2012-07-30
460815,103065,-61.0,5925,118,14:55:03,2012-07-26
460810,103070,-56.0,5925,118,15:05:41,2012-07-30
460805,103075,-56.0,5925,118,15:05:41,2012-07-30
460805,103080,-61.0,5925,118,14:55:02,2012-07-26
460795,103090,-56.0,5925,118,15:05:39,2012-07-30
460800,103090,-61.0,5925,118,14:55:01,2012-07-26
460795,103095,-61.0,5925,118,14:55:00,2012-07-26
460790,103100,-61.0,5925,118,14:55:00,2012-07-26
460785,103105,-61.0,5925,118,14:54:59,2012-07-26
460785,103105,-56.0,5925,118,15:05:38,2012-07-30
460790,103105,-61.0,5925,118,14:55:00,2012-07-26
460785,103110,-61.0,5925,118,14:54:59,2012-07-26
460780,103115,-56.0,5925,118,15:05:37,2012-07-30
460775,103125,-61.0,5925,118,14:54:58,2012-07-26
460775,103125,-56.0,5925,118,15:05:37,2012-07-30
460770,103130,-56.0,5925,118,15:05:36,2012-07-30
460770,103135,-61.0,5925,118,14:54:58,2012-07-26
460765,103140,-56.75,5925,118,15:05:36,2012-07-30
460765,103145,-61.0,5925,118,14:54:57,2012-07-26
460760,103150,-57.0,5925,118,15:05:35,2012-07-30
460755,103155,-62.5,5925,118,14:54:56,2012-07-26
460755,103160,-58.333332,5925,118,15:05:34,2012-07-30
460750,103165,-59.0,5925,118,15:05:34,2012-07-30
460745,103175,-64.333336,5925,118,14:54:55,2012-07-26
460745,103175,-60.5,5925,118,15:05:33,2012-07-30
460740,103185,-61.0,5925,118,15:05:32,2012-07-30
460735,103190,-61.0,5925,118,15:05:32,2012-07-30
460730,103195,-61.0,5925,118,15:05:31,2012-07-30
460725,103200,-66.333336,5925,118,14:54:54,2012-07-26
460720,103215,-67.666664,5925,118,14:54:52,2012-07-26
460700,103240,-68.0,5925,118,14:54:51,2012-07-26
460635,103345,-69.0,5925,118,14:54:42,2012-07-26
460630,103355,-69.0,5925,118,14:54:41,2012-07-26
460570,103430,-69.0,5925,118,14:53:49,2012-07-26
460575,103430,-69.0,5925,118,14:54:31,2012-07-26
460570,103435,-69.466667,5925,118,14:54:08,2012-07-26
460575,103435,-69.324326,5925,118,14:53:43,2012-07-26
460575,103435,-68.0,5925,118,19:11:51,2012-07-27
460570,103440,-66.0,5925,118,15:05:05,2012-07-30
460575,103440,-68.0,5925,118,19:11:51,2012-07-27
460570,103445,-68.0,5925,118,19:11:50,2012-07-27
460570,103445,-66.0,5925,118,15:04:35,2012-07-30
460510,103525,-67.0,5925,118,14:53:32,2012-07-26
460490,103545,-67.0,5925,118,14:53:30,2012-07-26
460485,103550,-67.0,5925,118,14:53:30,2012-07-26
460480,103555,-63.0,5925,118,15:04:08,2012-07-30
460475,103560,-63.0,5925,118,15:04:07,2012-07-30
460480,103560,-66.25,5925,118,14:53:29,2012-07-26
460475,103565,-66.0,5925,118,14:53:28,2012-07-26
460470,103570,-64.0,5925,118,19:11:22,2012-07-27
460470,103570,-61.0,5925,118,15:04:07,2012-07-30
460465,103575,-64.5,5925,118,14:53:27,2012-07-26
460465,103575,-64.0,5925,118,19:11:21,2012-07-27
460465,103575,-60.0,5925,118,15:04:06,2012-07-30
460460,103580,-64.0,5925,118,14:53:27,2012-07-26
460460,103580,-62.666668,5925,118,19:11:20,2012-07-27
460455,103585,-64.0,5925,118,14:53:26,2012-07-26
460455,103585,-58.666668,5925,118,15:04:05,2012-07-30
460455,103590,-61.0,5925,118,14:53:26,2012-07-26
460450,103595,-60.0,5925,118,14:53:25,2012-07-26
460440,103600,-60.0,5925,118,19:11:19,2012-07-27
460445,103600,-60.0,5925,118,14:53:25,2012-07-26
460440,103605,-59.25,5925,118,14:53:25,2012-07-26
460440,103605,-56.666668,5925,118,15:04:04,2012-07-30
460435,103610,-59.0,5925,118,19:11:18,2012-07-27
460435,103615,-56.0,5925,118,15:04:03,2012-07-30
460430,103620,-58.0,5925,118,19:11:17,2012-07-27
460430,103620,-53.75,5925,118,15:04:03,2012-07-30
460425,103625,-57.0,5925,118,14:53:23,2012-07-26
460420,103630,-58.0,5925,118,19:11:17,2012-07-27
460415,103635,-59.0,5925,118,19:11:17,2012-07-27
460415,103640,-56.666668,5925,118,14:53:22,2012-07-26
460415,103640,-54.666668,5925,118,19:11:16,2012-07-27
460415,103640,-52.333332,5925,118,15:04:01,2012-07-30
460405,103650,-52.0,5925,118,15:04:00,2012-07-30
460400,103655,-53.0,5925,118,19:11:15,2012-07-27
460405,103655,-57.0,5925,118,14:53:21,2012-07-26
460400,103660,-56.333332,5925,118,14:53:20,2012-07-26
460400,103660,-52.0,5925,118,15:04:00,2012-07-30
460395,103665,-56.0,5925,118,14:53:20,2012-07-26
460390,103670,-52.333332,5925,118,19:11:13,2012-07-27
460395,103670,-52.0,5925,118,15:03:59,2012-07-30
460390,103675,-56.75,5925,118,14:53:19,2012-07-26
460390,103675,-51.25,5925,118,15:03:58,2012-07-30
460385,103685,-51.0,5925,118,15:03:58,2012-07-30
460380,103690,-54.75,5925,118,14:53:18,2012-07-26
460380,103690,-52.0,5925,118,19:11:12,2012-07-27
460380,103690,-50.333332,5925,118,15:03:57,2012-07-30
460375,103700,-50.0,5925,118,15:03:56,2012-07-30
460370,103705,-54.0,5925,118,14:53:16,2012-07-26
460370,103705,-50.75,5925,118,15:03:55,2012-07-30
460370,103710,-55.333332,5925,118,19:11:10,2012-07-27
460365,103715,-54.0,5925,118,14:53:15,2012-07-26
460365,103715,-51.0,5925,118,15:03:55,2012-07-30
460360,103720,-57.0,5925,118,19:11:09,2012-07-27
460360,103720,-50.25,5925,118,15:03:54,2012-07-30
460365,103720,-51.0,5925,118,15:03:54,2012-07-30
460355,103725,-57.0,5925,118,19:11:09,2012-07-27
460360,103725,-52.333332,5925,118,14:53:14,2012-07-26
460360,103725,-50.0,5925,118,15:03:54,2012-07-30
460355,103730,-50.0,5925,118,15:03:53,2012-07-30
460355,103735,-52.666668,5925,118,14:53:13,2012-07-26
460355,103735,-57.0,5925,118,19:11:08,2012-07-27
460355,103735,-49.400002,5925,118,15:03:53,2012-07-30
460350,103740,-54.5,5925,118,14:53:12,2012-07-26
460350,103740,-57.0,5925,118,19:11:07,2012-07-27
460350,103740,-49.0,5925,118,15:03:52,2012-07-30
460345,103745,-49.799999,5925,118,15:03:51,2012-07-30
460350,103745,-55.888889,5925,118,14:53:11,2012-07-26
460345,103750,-56.945946,5925,118,14:53:08,2012-07-26
460345,103750,-51.971153,5925,118,15:03:29,2012-07-30
460340,103755,-58.0,5925,118,14:52:38,2012-07-26
460340,103755,-51.666668,5925,118,15:03:19,2012-07-30
460345,103755,-51.0,5925,118,15:03:20,2012-07-30
460340,103760,-52.0,5925,118,15:03:17,2012-07-30
460335,103765,-58.0,5925,118,14:52:37,2012-07-26
460335,103765,-57.0,5925,118,19:11:06,2012-07-27
460335,103765,-52.0,5925,118,15:03:17,2012-07-30
460330,103770,-58.0,5925,118,14:52:36,2012-07-26
460330,103770,-57.0,5925,118,19:11:06,2012-07-27
460335,103770,-52.5,5925,118,15:03:16,2012-07-30
460330,103775,-57.0,5925,118,19:11:05,2012-07-27
460330,103775,-53.0,5925,118,15:03:15,2012-07-30
460330,103780,-58.0,5925,118,14:52:35,2012-07-26
460330,103780,-53.0,5925,118,15:03:15,2012-07-30
460325,103785,-57.0,5925,118,19:11:05,2012-07-27
460325,103785,-53.0,5925,118,15:03:14,2012-07-30
460320,103795,-58.0,5925,118,14:52:34,2012-07-26
460320,103795,-57.0,5925,118,19:11:04,2012-07-27
460320,103795,-53.0,5925,118,15:03:14,2012-07-30
460325,103795,-53.0,5925,118,15:03:14,2012-07-30
460315,103800,-58.0,5925,118,14:52:34,2012-07-26
460315,103800,-57.0,5925,118,19:11:03,2012-07-27
460320,103800,-58.0,5925,118,14:52:34,2012-07-26
460320,103800,-51.666668,5925,118,15:03:13,2012-07-30
460315,103805,-58.0,5925,118,14:52:33,2012-07-26
460315,103805,-57.0,5925,118,19:11:03,2012-07-27
460315,103805,-51.0,5925,118,15:03:13,2012-07-30
460315,103810,-57.333332,5925,118,14:52:33,2012-07-26
460315,103810,-57.0,5925,118,19:11:03,2012-07-27
460315,103810,-51.0,5925,118,15:03:13,2012-07-30
460310,103815,-57.0,5925,118,14:52:33,2012-07-26
460310,103815,-57.0,5925,118,19:11:02,2012-07-27
460305,103820,-54.75,5925,118,19:11:02,2012-07-27
460310,103820,-57.0,5925,118,19:11:02,2012-07-27
460310,103820,-51.0,5925,118,15:03:12,2012-07-30
460305,103825,-57.0,5925,118,14:52:32,2012-07-26
460305,103825,-54.0,5925,118,19:11:02,2012-07-27
460305,103830,-55.0,5925,118,14:52:32,2012-07-26
460300,103835,-54.0,5925,118,19:11:01,2012-07-27
460300,103840,-52.666668,5925,118,19:11:00,2012-07-27
460295,103850,-54.0,5925,118,14:52:30,2012-07-26
460290,103855,-54.0,5925,118,14:52:30,2012-07-26
460290,103860,-52.0,5925,118,19:10:59,2012-07-27
460285,103865,-52.666668,5925,118,19:10:59,2012-07-27
460280,103870,-53.333332,5925,118,14:52:29,2012-07-26
460285,103870,-53.0,5925,118,19:10:58,2012-07-27
460280,103875,-53.0,5925,118,19:10:58,2012-07-27
460275,103880,-53.0,5925,118,14:52:28,2012-07-26
460275,103880,-54.333332,5925,118,19:10:58,2012-07-27
460270,103890,-53.799999,5925,118,14:52:27,2012-07-26
460265,103900,-54.0,5925,118,14:52:27,2012-07-26
460270,103900,-55.0,5925,118,19:10:56,2012-07-27
460265,103905,-54.0,5925,118,14:52:26,2012-07-26
460260,103910,-54.0,5925,118,14:52:26,2012-07-26
460255,103915,-54.0,5925,118,14:52:25,2012-07-26
460255,103920,-54.0,5925,118,14:52:25,2012-07-26
460255,103925,-53.25,5925,118,14:52:25,2012-07-26
460250,103935,-53.0,5925,118,14:52:24,2012-07-26
460250,103935,-55.0,5925,118,19:10:55,2012-07-27
460265,103935,-50.0,5925,118,11:55:39,2012-07-31
460270,103935,-50.0,5925,118,11:55:28,2012-07-31
460265,103940,-51.047619,5925,118,11:55:46,2012-07-31
460240,103945,-54.5,5925,118,14:52:23,2012-07-26
460245,103945,-58.333332,5925,118,19:10:53,2012-07-27
460260,103945,-52.444443,5925,118,11:55:49,2012-07-31
460260,103955,-55.0,5925,118,11:55:52,2012-07-31
460235,103960,-60.0,5925,118,19:10:52,2012-07-27
460255,103960,-57.0,5925,118,11:55:52,2012-07-31
460230,103970,-55.666668,5925,118,14:52:22,2012-07-26
460255,103970,-58.0,5925,118,11:55:53,2012-07-31
460230,103975,-60.0,5925,118,19:10:51,2012-07-27
460225,103985,-56.666668,5925,118,14:52:20,2012-07-26
460225,103985,-60.75,5925,118,19:10:49,2012-07-27
460245,103985,-59.799999,5925,118,11:55:54,2012-07-31
460245,103990,-61.666668,5925,118,11:55:56,2012-07-31
460220,103995,-57.0,5925,118,14:52:20,2012-07-26
460220,103995,-61.0,5925,118,19:10:48,2012-07-27
460240,104000,-62.666668,5925,118,11:55:57,2012-07-31
460215,104005,-58.5,5925,118,14:52:19,2012-07-26
460215,104005,-61.0,5925,118,19:10:48,2012-07-27
460235,104010,-62.0,5925,118,11:55:58,2012-07-31
460210,104015,-60.400002,5925,118,19:10:46,2012-07-27
460210,104025,-61.5,5925,118,19:10:45,2012-07-27
460230,104025,-61.75,5925,118,11:55:59,2012-07-31
460200,104030,-64.042427,5925,118,19:09:39,2012-07-27
460205,104030,-61.0,5925,118,14:52:18,2012-07-26
460205,104030,-63.416668,5925,118,19:10:33,2012-07-27
460200,104035,-61.0,5925,118,19:09:39,2012-07-27
460205,104035,-65.566666,5925,118,19:10:34,2012-07-27
460225,104035,-60.666668,5925,118,11:56:00,2012-07-31
460200,104040,-61.0,5925,118,19:09:38,2012-07-27
460195,104045,-63.0,5925,118,14:52:16,2012-07-26
460195,104045,-61.0,5925,118,19:09:37,2012-07-27
460195,104050,-61.0,5925,118,19:09:35,2012-07-27
460215,104050,-60.0,5925,118,11:56:01,2012-07-31
460190,104055,-61.0,5925,118,19:09:35,2012-07-27
460195,104055,-61.0,5925,118,19:09:35,2012-07-27
460190,104060,-63.0,5925,118,14:52:15,2012-07-26
460190,104060,-61.714287,5925,118,19:09:34,2012-07-27
460190,104065,-62.0,5925,118,19:09:34,2012-07-27
460205,104065,-60.25,5925,118,11:56:03,2012-07-31
460185,104070,-62.0,5925,118,19:09:34,2012-07-27
460185,104075,-62.0,5925,118,19:09:33,2012-07-27
460200,104075,-61.5,5925,118,11:56:04,2012-07-31
460180,104080,-63.666668,5925,118,14:52:15,2012-07-26
460185,104080,-62.0,5925,118,19:09:33,2012-07-27
460180,104085,-62.0,5925,118,19:09:33,2012-07-27
460175,104090,-62.0,5925,118,19:09:32,2012-07-27
460180,104090,-62.0,5925,118,19:09:32,2012-07-27
460175,104095,-64.75,5925,118,14:52:13,2012-07-26
460190,104095,-63.0,5925,118,11:56:05,2012-07-31
460170,104110,-64.5,5925,118,14:52:11,2012-07-26
460180,104110,-63.400002,5925,118,11:56:06,2012-07-31
460165,104125,-64.0,5925,118,14:52:10,2012-07-26
460175,104125,-64.5,5925,118,11:56:07,2012-07-31
460165,104140,-65.800003,5925,118,11:56:08,2012-07-31
460145,104175,-64.333336,5925,118,11:56:10,2012-07-31
460140,104195,-62.666668,5925,118,11:56:11,2012-07-31
460130,104210,-62.0,5925,118,11:56:12,2012-07-31
460125,104215,-61.5,5925,118,11:56:13,2012-07-31
460125,104225,-60.0,5925,118,11:56:13,2012-07-31
460120,104230,-60.0,5925,118,11:56:14,2012-07-31
460115,104235,-59.75,5925,118,11:56:14,2012-07-31
460115,104245,-59.0,5925,118,11:56:15,2012-07-31
460110,104250,-59.0,5925,118,11:56:15,2012-07-31
460105,104260,-59.200001,5925,118,11:56:15,2012-07-31
460105,104265,-60.0,5925,118,11:56:16,2012-07-31
460100,104270,-60.0,5925,118,11:56:16,2012-07-31
460105,104270,-60.0,5925,118,11:56:16,2012-07-31
460095,104280,-60.0,5925,118,11:56:17,2012-07-31
460100,104280,-60.0,5925,118,11:56:17,2012-07-31
460095,104285,-60.0,5925,118,11:56:17,2012-07-31
460090,104295,-60.0,5925,118,11:56:18,2012-07-31
460090,104300,-60.0,5925,118,11:56:18,2012-07-31
460085,104305,-60.0,5925,118,11:56:18,2012-07-31
460080,104310,-60.0,5925,118,11:56:19,2012-07-31
460085,104310,-60.0,5925,118,11:56:19,2012-07-31
460075,104325,-60.0,5925,118,11:56:20,2012-07-31
460070,104335,-60.0,5925,118,11:56:20,2012-07-31
460070,104340,-60.0,5925,118,11:56:21,2012-07-31
460065,104345,-60.0,5925,118,11:56:21,2012-07-31
460060,104355,-60.0,5925,118,11:56:22,2012-07-31
460055,104365,-66.0,5925,118,11:56:22,2012-07-31
460060,104365,-61.5,5925,118,11:56:22,2012-07-31
460055,104370,-66.0,5925,118,11:56:23,2012-07-31
460055,104375,-66.0,5925,118,11:56:23,2012-07-31
460050,104380,-66.0,5925,118,11:56:23,2012-07-31
460050,104385,-66.0,5925,118,11:56:24,2012-07-31
460020,104450,-68.0,5925,118,11:56:28,2012-07-31
460010,104470,-68.0,5925,118,11:56:30,2012-07-31
460005,104480,-68.0,5925,118,11:56:30,2012-07-31
459995,104490,-68.0,5925,118,11:56:31,2012-07-31
459985,104510,-67.666664,5925,118,11:56:32,2012-07-31
459980,104525,-66.599998,5925,118,11:56:34,2012-07-31
459965,104545,-66.25,5925,118,11:56:35,2012-07-31
459955,104560,-66.800003,5925,118,11:56:37,2012-07-31
459950,104575,-66.0,5925,118,11:56:37,2012-07-31
459940,104590,-65.5,5925,118,11:56:38,2012-07-31
459930,104605,-65.0,5925,118,11:56:40,2012-07-31
459915,104625,-65.0,5925,118,11:56:40,2012-07-31
459905,104640,-65.0,5925,118,11:56:42,2012-07-31
459895,104655,-65.0,5925,118,11:56:42,2012-07-31
459885,104670,-65.0,5925,118,11:56:44,2012-07-31
459870,104690,-65.0,5925,118,11:56:44,2012-07-31
459865,104695,-65.0,5925,118,11:56:46,2012-07-31
459855,104710,-65.0,5925,118,11:56:47,2012-07-31
459640,105045,-63.0,5925,118,11:57:13,2012-07-31
459630,105055,-63.0,5925,118,11:57:14,2012-07-31
459635,105055,-63.0,5925,118,11:57:14,2012-07-31
459630,105065,-63.0,5925,118,11:57:15,2012-07-31
453055,119360,-62.25,5925,118,18:39:15,2012-07-31
453055,119365,-62.0,5925,118,18:39:14,2012-07-31
453050,119375,-63.714287,5925,118,18:39:13,2012-07-31
453045,119390,-65.0,5925,118,18:39:12,2012-07-31
453040,119400,-64.199997,5925,118,18:39:11,2012-07-31
453040,119410,-62.799999,5925,118,18:39:11,2012-07-31
453035,119425,-62.75,5925,118,18:39:09,2012-07-31
453035,119440,-63.799999,5925,118,18:39:08,2012-07-31
453030,119455,-61.333332,5925,118,18:39:06,2012-07-31
453025,119460,-58.200001,5925,118,18:39:05,2012-07-31
453025,119470,-56.0,5925,118,18:39:04,2012-07-31
453025,119475,-54.400002,5925,118,18:39:02,2012-07-31
453025,119480,-54.0,5925,118,18:39:01,2012-07-31
453030,119480,-54.0,5925,118,18:39:00,2012-07-31
453030,119485,-54.666668,5925,118,18:38:59,2012-07-31
453035,119485,-55.0,5925,118,18:38:58,2012-07-31
453045,119490,-55.666668,5925,118,18:38:57,2012-07-31
453050,119500,-56.0,5925,118,18:38:56,2012-07-31
453055,119505,-56.799999,5925,118,18:38:55,2012-07-31
453060,119510,-56.200001,5925,118,18:38:54,2012-07-31
453065,119515,-56.0,5925,118,18:38:53,2012-07-31
453070,119520,-53.75,5925,118,18:38:52,2012-07-31
453075,119525,-53.0,5925,118,18:38:52,2012-07-31
453080,119535,-53.75,5925,118,18:38:51,2012-07-31
453085,119535,-54.0,5925,118,18:38:50,2012-07-31
453090,119540,-53.25,5925,118,18:38:49,2012-07-31
453095,119550,-53.0,5925,118,18:38:49,2012-07-31
453100,119555,-50.0,5925,118,18:38:48,2012-07-31
453105,119560,-49.0,5925,118,18:38:47,2012-07-31
453110,119570,-46.75,5925,118,18:38:47,2012-07-31
453125,119590,-45.333332,5925,118,18:38:45,2012-07-31
453135,119600,-41.666668,5925,118,18:38:44,2012-07-31
453145,119610,-39.5,5925,118,18:38:42,2012-07-31
453150,119620,-39.0,5925,118,18:38:42,2012-07-31
453160,119630,-39.0,5925,118,18:38:40,2012-07-31
453170,119640,-39.599998,5925,118,18:38:40,2012-07-31
453180,119650,-40.0,5925,118,18:38:39,2012-07-31
453190,119660,-40.799999,5925,118,18:38:38,2012-07-31
453195,119670,-41.666668,5925,118,18:38:37,2012-07-31
453205,119685,-42.666668,5925,118,18:38:35,2012-07-31
453225,119705,-43.0,5925,118,18:38:34,2012-07-31
453235,119715,-43.0,5925,118,18:38:33,2012-07-31
453245,119725,-42.5,5925,118,18:38:31,2012-07-31
453255,119745,-42.0,5925,118,18:38:30,2012-07-31
453265,119755,-41.200001,5925,118,18:38:29,2012-07-31
453275,119765,-40.25,5925,118,18:38:28,2012-07-31
453285,119780,-39.400002,5925,118,18:38:27,2012-07-31
453295,119795,-39.0,5925,118,18:38:26,2012-07-31
453300,119810,-39.799999,5925,118,18:38:25,2012-07-31
453310,119820,-41.5,5925,118,18:38:24,2012-07-31
453315,119835,-42.75,5925,118,18:38:23,2012-07-31
453325,119850,-44.0,5925,118,18:38:21,2012-07-31
453335,119870,-46.200001,5925,118,18:38:20,2012-07-31
453345,119885,-46.5,5925,118,18:38:18,2012-07-31
453350,119890,-46.0,5925,118,18:38:18,2012-07-31
453355,119900,-44.666668,5925,118,18:38:17,2012-07-31
453360,119910,-44.0,5925,118,18:38:16,2012-07-31
453360,119915,-43.25,5925,118,18:38:16,2012-07-31
453365,119925,-43.0,5925,118,18:38:15,2012-07-31
453370,119935,-42.25,5925,118,18:38:14,2012-07-31
453380,119945,-42.0,5925,118,18:38:13,2012-07-31
453390,119960,-40.666668,5925,118,18:38:13,2012-07-31
453395,119970,-40.75,5925,118,18:38:11,2012-07-31
453400,119980,-41.0,5925,118,18:38:11,2012-07-31
453405,119990,-41.666668,5925,118,18:38:10,2012-07-31
453415,120005,-42.0,5925,118,18:38:09,2012-07-31
453420,120010,-42.0,5925,118,18:38:09,2012-07-31
453425,120020,-42.0,5925,118,18:38:08,2012-07-31
453425,120025,-42.0,5925,118,18:38:07,2012-07-31
453430,120030,-42.0,5925,118,18:38:07,2012-07-31
453440,120040,-42.0,5925,118,18:38:06,2012-07-31
453445,120050,-42.75,5925,118,18:38:06,2012-07-31
453455,120070,-43.75,5925,118,18:38:04,2012-07-31
453460,120075,-44.0,5925,118,18:38:04,2012-07-31
453465,120085,-44.75,5925,118,18:38:03,2012-07-31
453470,120095,-45.0,5925,118,18:38:02,2012-07-31
453475,120105,-45.75,5925,118,18:38:01,2012-07-31
453475,120110,-46.0,5925,118,18:38:01,2012-07-31
453480,120115,-46.0,5925,118,18:38:00,2012-07-31
453490,120130,-46.0,5925,118,18:37:59,2012-07-31
453495,120140,-46.0,5925,118,18:37:58,2012-07-31
453495,120150,-46.75,5925,118,18:37:57,2012-07-31
453500,120160,-47.0,5925,118,18:37:56,2012-07-31
453505,120165,-47.0,5925,118,18:37:56,2012-07-31
453510,120170,-47.0,5925,118,18:37:55,2012-07-31
453510,120180,-47.0,5925,118,18:37:54,2012-07-31
453515,120185,-47.0,5925,118,18:37:54,2012-07-31
453520,120190,-46.333332,5925,118,18:37:53,2012-07-31
453525,120205,-47.5,5925,118,18:37:52,2012-07-31
453530,120215,-47.25,5925,118,18:37:50,2012-07-31
453535,120230,-47.599998,5925,118,18:37:49,2012-07-31
453540,120240,-49.5,5925,118,18:37:47,2012-07-31
453545,120245,-51.599998,5925,118,18:37:46,2012-07-31
453545,120255,-52.0,5925,118,18:37:45,2012-07-31
453550,120265,-52.799999,5925,118,18:37:44,2012-07-31
453555,120275,-55.400002,5925,118,18:37:43,2012-07-31
453560,120285,-58.333332,5925,118,18:37:42,2012-07-31
453560,120290,-59.5,5925,118,18:37:40,2012-07-31
453565,120300,-60.0,5925,118,18:37:39,2012-07-31
453565,120305,-61.777779,5925,118,18:37:39,2012-07-31
453570,120315,-62.0,5925,118,18:37:37,2012-07-31
453575,120325,-61.25,5925,118,18:37:36,2012-07-31
453580,120335,-60.400002,5925,118,18:37:35,2012-07-31
453580,120345,-60.0,5925,118,18:37:34,2012-07-31
453585,120355,-57.599998,5925,118,18:37:32,2012-07-31
453590,120365,-57.75,5925,118,18:37:32,2012-07-31
453595,120375,-58.0,5925,118,18:37:30,2012-07-31
453595,120380,-60.0,5925,118,18:37:29,2012-07-31
453600,120390,-62.5,5925,118,18:37:28,2012-07-31
453605,120400,-63.0,5925,118,18:37:27,2012-07-31
453610,120410,-63.799999,5925,118,18:37:26,2012-07-31
453615,120425,-64.0,5925,118,18:37:24,2012-07-31
453620,120435,-64.800003,5925,118,18:37:23,2012-07-31
453625,120445,-65.75,5925,118,18:37:22,2012-07-31
453625,120450,-66.0,5925,118,18:37:21,2012-07-31
453630,120460,-66.75,5925,118,18:37:20,2012-07-31
453635,120470,-67.0,5925,118,18:37:20,2012-07-31
453635,120480,-69.0,5925,118,18:37:19,2012-07-31
453640,120490,-70.0,5925,118,18:37:18,2012-07-31
453645,120500,-70.666664,5925,118,18:37:18,2012-07-31
453645,120505,-71.0,5925,118,18:37:17,2012-07-31
453650,120510,-71.0,5925,118,18:37:17,2012-07-31
453650,120515,-73.25,5925,118,18:37:16,2012-07-31
453655,120525,-74.0,5925,118,18:37:16,2012-07-31
453660,120535,-72.666664,5925,118,18:37:15,2012-07-31
453670,120555,-72.666664,5925,118,18:37:13,2012-07-31
453670,120560,-73.0,5925,118,18:37:13,2012-07-31
453670,120565,-73.0,5925,118,18:37:13,2012-07-31
453675,120570,-73.0,5925,118,18:37:12,2012-07-31
453675,120575,-73.0,5925,118,18:37:12,2012-07-31
453680,120585,-73.0,5925,118,18:37:11,2012-07-31
453680,120590,-73.0,5925,118,18:37:11,2012-07-31
453685,120595,-73.0,5925,118,18:37:10,2012-07-31
453685,120600,-73.0,5925,118,18:37:10,2012-07-31
453685,120605,-73.0,5925,118,18:37:09,2012-07-31
453690,120610,-72.199997,5925,118,18:37:09,2012-07-31
453690,120615,-72.0,5925,118,18:37:09,2012-07-31
453690,120620,-72.0,5925,118,18:37:09,2012-07-31
453695,120620,-72.0,5925,118,18:37:08,2012-07-31
453695,120625,-72.0,5925,118,18:37:08,2012-07-31
453695,120630,-72.0,5925,118,18:37:08,2012-07-31
453695,120635,-72.0,5925,118,18:37:08,2012-07-31
453700,120640,-72.0,5925,118,18:37:07,2012-07-31
453700,120645,-72.0,5925,118,18:37:07,2012-07-31
453700,120655,-72.75,5925,118,18:37:06,2012-07-31
453705,120670,-73.0,5925,118,18:37:05,2012-07-31
453715,120680,-73.0,5925,118,18:37:04,2012-07-31
453720,120695,-73.75,5925,118,18:37:04,2012-07-31
453725,120710,-74.0,5925,118,18:37:03,2012-07-31
453730,120725,-75.599998,5925,118,18:37:02,2012-07-31
453740,120740,-76.0,5925,118,18:37:01,2012-07-31
453745,120755,-77.199997,5925,118,18:36:59,2012-07-31
453745,120760,-78.0,5925,118,18:36:59,2012-07-31
453755,120790,-79.5,5925,118,18:36:58,2012-07-31
453755,120795,-81.333336,5925,118,18:36:57,2012-07-31
453760,120810,-82.666664,5925,118,18:36:55,2012-07-31
453760,120845,-83.800003,5925,118,18:36:54,2012-07-31
453760,120850,-83.25,5925,118,18:36:52,2012-07-31
453755,120865,-83.0,5925,118,18:36:52,2012-07-31
453755,120880,-82.25,5925,118,18:36:50,2012-07-31
453750,120895,-79.75,5925,118,18:36:49,2012-07-31
453750,120910,-78.400002,5925,118,18:36:48,2012-07-31
453745,120920,-78.0,5925,118,18:36:47,2012-07-31
453740,120945,-75.0,5925,118,18:36:47,2012-07-31
453740,120955,-74.666664,5925,118,18:36:45,2012-07-31
453730,120980,-74.400002,5925,118,18:36:44,2012-07-31
453725,121005,-73.333336,5925,118,18:36:42,2012-07-31
453720,121020,-70.75,5925,118,18:36:41,2012-07-31
453715,121035,-70.0,5925,118,18:36:40,2012-07-31
453715,121050,-70.0,5925,118,18:36:39,2012-07-31
453710,121055,-70.0,5925,118,18:36:38,2012-07-31
453705,121075,-70.0,5925,118,18:36:37,2012-07-31
453705,121090,-71.199997,5925,118,18:36:35,2012-07-31
453700,121125,-73.800003,5925,118,18:36:34,2012-07-31
453700,121140,-77.571426,5925,118,18:36:33,2012-07-31
453700,121150,-78.0,5925,118,18:36:31,2012-07-31
453700,121155,-78.0,5925,118,18:36:30,2012-07-31
453700,121160,-81.0,5925,118,18:36:30,2012-07-31
453695,121175,-82.0,5925,118,18:36:29,2012-07-31
453695,121185,-82.0,5925,118,18:36:28,2012-07-31
453690,121205,-82.0,5925,118,18:36:27,2012-07-31
453690,121210,-82.0,5925,118,18:36:26,2012-07-31
453690,121215,-82.0,5925,118,18:36:26,2012-07-31
453690,121220,-82.0,5925,118,18:36:25,2012-07-31
453685,121240,-82.0,5925,118,18:36:24,2012-07-31
