442540,126445,-86.0,5920,671,16:27:08,2012-07-27
442510,126465,-75.0,5920,671,16:27:05,2012-07-27
442505,126470,-71.0,5920,671,16:27:04,2012-07-27
442495,126475,-70.0,5920,671,16:27:02,2012-07-27
442490,126480,-70.0,5920,671,16:27:02,2012-07-27
442480,126485,-69.0,5920,671,16:27:00,2012-07-27
442465,126490,-69.714287,5920,671,16:26:54,2012-07-27
442470,126490,-69.46154,5920,671,16:26:51,2012-07-27
442475,126490,-69.0,5920,671,16:26:58,2012-07-27
442470,126495,-70.0,5920,671,16:26:57,2012-07-27
442540,126445,-86.0,5920,671,16:27:08,2012-07-27
442510,126465,-75.0,5920,671,16:27:05,2012-07-27
442505,126470,-71.0,5920,671,16:27:04,2012-07-27
442495,126475,-70.0,5920,671,16:27:02,2012-07-27
442490,126480,-70.0,5920,671,16:27:02,2012-07-27
442480,126485,-69.0,5920,671,16:27:00,2012-07-27
442465,126490,-69.714287,5920,671,16:26:54,2012-07-27
442470,126490,-69.46154,5920,671,16:26:51,2012-07-27
442475,126490,-69.0,5920,671,16:26:58,2012-07-27
442470,126495,-70.0,5920,671,16:26:57,2012-07-27
