445445,112625,-91.0,395,112,12:38:06,2012-07-26
445450,112625,-91.0,395,112,12:38:06,2012-07-26
445465,112635,-91.75,395,112,12:38:05,2012-07-26
445470,112635,-92.0,395,112,12:38:04,2012-07-26
445475,112640,-92.75,395,112,12:38:03,2012-07-26
445480,112645,-93.0,395,112,12:38:03,2012-07-26
445485,112650,-93.75,395,112,12:38:02,2012-07-26
445485,112655,-94.0,395,112,12:38:01,2012-07-26
445425,112660,-89.0,395,112,12:37:11,2012-07-26
445430,112660,-88.75,395,112,12:37:12,2012-07-26
445415,112665,-89.800003,395,112,12:37:10,2012-07-26
445490,112665,-94.75,395,112,12:38:00,2012-07-26
445390,112670,-92.833336,395,112,12:37:07,2012-07-26
445395,112670,-92.0,395,112,12:37:08,2012-07-26
445400,112670,-92.0,395,112,12:37:08,2012-07-26
445405,112670,-91.5,395,112,12:37:09,2012-07-26
445445,112670,-87.666664,395,112,12:37:13,2012-07-26
445490,112670,-95.0,395,112,12:38:00,2012-07-26
445380,112675,-93.0,395,112,12:37:06,2012-07-26
445385,112675,-93.0,395,112,12:37:06,2012-07-26
445455,112680,-86.666664,395,112,12:37:15,2012-07-26
445495,112680,-95.0,395,112,12:37:59,2012-07-26
445360,112685,-93.0,395,112,12:37:05,2012-07-26
445460,112685,-86.0,395,112,12:37:15,2012-07-26
445350,112690,-94.0,395,112,12:37:03,2012-07-26
445355,112690,-93.599998,395,112,12:37:03,2012-07-26
445470,112695,-86.0,395,112,12:37:16,2012-07-26
445495,112695,-96.0,395,112,12:37:58,2012-07-26
445475,112700,-86.0,395,112,12:37:17,2012-07-26
445335,112705,-94.75,395,112,12:37:02,2012-07-26
445475,112705,-86.0,395,112,12:37:17,2012-07-26
445495,112705,-96.0,395,112,12:37:57,2012-07-26
445325,112710,-95.599998,395,112,12:37:00,2012-07-26
445495,112710,-96.0,395,112,12:37:56,2012-07-26
445305,112715,-96.0,395,112,12:36:59,2012-07-26
445485,112715,-86.0,395,112,12:37:18,2012-07-26
445490,112725,-85.333336,395,112,12:37:19,2012-07-26
445500,112725,-95.0,395,112,12:37:55,2012-07-26
445500,112735,-95.0,395,112,12:37:54,2012-07-26
445495,112740,-85.0,395,112,12:37:21,2012-07-26
445505,112740,-93.666664,395,112,12:37:53,2012-07-26
445235,112745,-96.0,395,112,12:36:50,2012-07-26
445220,112750,-96.0,395,112,12:36:49,2012-07-26
445500,112750,-85.0,395,112,12:37:21,2012-07-26
445505,112750,-93.75,395,112,12:37:52,2012-07-26
445205,112755,-96.0,395,112,12:36:48,2012-07-26
445505,112755,-94.0,395,112,12:37:52,2012-07-26
445510,112755,-94.0,395,112,12:37:51,2012-07-26
445165,112760,-96.0,395,112,12:36:43,2012-07-26
445170,112760,-95.666664,395,112,12:36:45,2012-07-26
445180,112760,-95.0,395,112,12:36:45,2012-07-26
445185,112760,-95.0,395,112,12:36:46,2012-07-26
445195,112760,-95.25,395,112,12:36:48,2012-07-26
445510,112760,-94.0,395,112,12:37:51,2012-07-26
444675,112765,-91.0,395,112,12:35:48,2012-07-26
444680,112765,-91.0,395,112,12:35:49,2012-07-26
444685,112765,-91.0,395,112,12:35:49,2012-07-26
444690,112765,-91.0,395,112,12:35:50,2012-07-26
444695,112765,-91.0,395,112,12:35:50,2012-07-26
444705,112765,-92.0,395,112,12:35:51,2012-07-26
444710,112765,-93.0,395,112,12:35:52,2012-07-26
444715,112765,-93.333336,395,112,12:35:52,2012-07-26
444720,112765,-94.0,395,112,12:35:53,2012-07-26
445505,112765,-85.0,395,112,12:37:22,2012-07-26
444660,112770,-91.666664,395,112,12:35:47,2012-07-26
444720,112770,-94.0,395,112,12:35:53,2012-07-26
444725,112770,-94.0,395,112,12:35:54,2012-07-26
445505,112770,-85.0,395,112,12:37:24,2012-07-26
445510,112770,-94.0,395,112,12:37:50,2012-07-26
444650,112775,-92.0,395,112,12:35:46,2012-07-26
444730,112775,-94.0,395,112,12:35:55,2012-07-26
445150,112775,-96.800003,395,112,12:36:42,2012-07-26
445515,112775,-93.25,395,112,12:37:49,2012-07-26
444645,112780,-92.666664,395,112,12:35:45,2012-07-26
444730,112780,-94.0,395,112,12:35:55,2012-07-26
444960,112780,-95.0,395,112,12:36:20,2012-07-26
444970,112780,-95.0,395,112,12:36:20,2012-07-26
444980,112780,-95.0,395,112,12:36:21,2012-07-26
445150,112780,-97.0,395,112,12:36:41,2012-07-26
445515,112780,-93.0,395,112,12:37:48,2012-07-26
444735,112785,-94.0,395,112,12:35:57,2012-07-26
444940,112785,-95.0,395,112,12:36:18,2012-07-26
444950,112785,-95.0,395,112,12:36:19,2012-07-26
444995,112785,-95.0,395,112,12:36:22,2012-07-26
445000,112785,-95.0,395,112,12:36:23,2012-07-26
445515,112785,-89.625,395,112,12:37:24,2012-07-26
444740,112790,-94.0,395,112,12:35:58,2012-07-26
444920,112790,-95.333336,395,112,12:36:15,2012-07-26
444930,112790,-95.75,395,112,12:36:17,2012-07-26
445010,112790,-95.25,395,112,12:36:24,2012-07-26
445015,112790,-96.0,395,112,12:36:24,2012-07-26
444900,112795,-95.0,395,112,12:36:14,2012-07-26
444910,112795,-95.0,395,112,12:36:14,2012-07-26
445025,112795,-96.0,395,112,12:36:25,2012-07-26
445070,112795,-98.0,395,112,12:36:31,2012-07-26
445075,112795,-98.0,395,112,12:36:31,2012-07-26
445085,112795,-98.0,395,112,12:36:32,2012-07-26
445100,112795,-98.0,395,112,12:36:34,2012-07-26
445140,112795,-98.0,395,112,12:36:38,2012-07-26
445520,112795,-92.0,395,112,12:37:47,2012-07-26
444745,112800,-94.0,395,112,12:35:59,2012-07-26
444895,112800,-95.0,395,112,12:36:13,2012-07-26
445030,112800,-96.0,395,112,12:36:26,2012-07-26
445035,112800,-96.0,395,112,12:36:26,2012-07-26
445045,112800,-96.25,395,112,12:36:28,2012-07-26
445050,112800,-97.0,395,112,12:36:29,2012-07-26
445055,112800,-97.25,395,112,12:36:29,2012-07-26
445060,112800,-98.0,395,112,12:36:30,2012-07-26
445135,112800,-98.0,395,112,12:36:37,2012-07-26
445520,112800,-92.0,395,112,12:37:46,2012-07-26
445525,112800,-89.666664,395,112,12:37:26,2012-07-26
444755,112805,-94.25,395,112,12:36:00,2012-07-26
445530,112805,-85.0,395,112,12:37:27,2012-07-26
444765,112810,-94.800003,395,112,12:36:01,2012-07-26
444885,112810,-95.0,395,112,12:36:12,2012-07-26
444775,112815,-94.0,395,112,12:36:02,2012-07-26
444785,112815,-94.0,395,112,12:36:03,2012-07-26
444795,112815,-94.0,395,112,12:36:04,2012-07-26
444800,112815,-94.0,395,112,12:36:05,2012-07-26
444825,112815,-94.0,395,112,12:36:06,2012-07-26
444870,112815,-93.400002,395,112,12:36:10,2012-07-26
445535,112815,-89.599998,395,112,12:37:45,2012-07-26
445545,112815,-85.0,395,112,12:37:28,2012-07-26
444835,112820,-94.0,395,112,12:36:06,2012-07-26
444840,112820,-94.0,395,112,12:36:07,2012-07-26
444855,112820,-93.5,395,112,12:36:08,2012-07-26
444865,112820,-93.0,395,112,12:36:10,2012-07-26
445540,112820,-89.599998,395,112,12:37:43,2012-07-26
445545,112820,-90.0,395,112,12:37:43,2012-07-26
445555,112820,-85.0,395,112,12:37:29,2012-07-26
445555,112825,-90.0,395,112,12:37:42,2012-07-26
445565,112825,-86.666664,395,112,12:37:29,2012-07-26
445570,112825,-92.199997,395,112,12:37:39,2012-07-26
445580,112825,-92.199997,395,112,12:37:31,2012-07-26
445585,112825,-91.0,395,112,12:37:32,2012-07-26
445590,112825,-93.0,395,112,12:37:36,2012-07-26
445565,112830,-90.75,395,112,12:37:41,2012-07-26
443685,113070,-88.36364,395,112,12:32:45,2012-07-26
443680,113075,-89.0,395,112,12:32:45,2012-07-26
443675,113080,-89.0,395,112,12:32:44,2012-07-26
443670,113085,-90.0,395,112,12:32:43,2012-07-26
443675,113085,-89.599998,395,112,12:32:44,2012-07-26
443670,113090,-90.0,395,112,12:32:42,2012-07-26
443670,113095,-90.0,395,112,12:32:42,2012-07-26
443805,113095,-97.0,395,112,12:33:56,2012-07-26
443665,113100,-90.0,395,112,12:32:42,2012-07-26
443670,113100,-90.0,395,112,12:32:42,2012-07-26
443665,113105,-90.0,395,112,12:32:41,2012-07-26
443805,113105,-97.0,395,112,12:33:57,2012-07-26
443665,113110,-90.0,395,112,12:32:40,2012-07-26
443665,113115,-90.0,395,112,12:32:40,2012-07-26
443810,113120,-97.25,395,112,12:33:59,2012-07-26
443810,113150,-98.333336,395,112,12:34:02,2012-07-26
443810,113160,-99.0,395,112,12:34:02,2012-07-26
443655,113165,-92.0,395,112,12:32:35,2012-07-26
443810,113165,-99.666664,395,112,12:34:03,2012-07-26
443650,113170,-92.0,395,112,12:32:35,2012-07-26
443650,113175,-92.0,395,112,12:32:35,2012-07-26
443640,113180,-92.0,395,112,12:32:34,2012-07-26
443810,113185,-101.66666,395,112,12:34:04,2012-07-26
443810,113195,-103.33334,395,112,12:34:06,2012-07-26
443635,113205,-92.0,395,112,12:32:32,2012-07-26
443815,113205,-104.33334,395,112,12:34:07,2012-07-26
443635,113210,-92.0,395,112,12:32:31,2012-07-26
443635,113215,-92.0,395,112,12:32:31,2012-07-26
443820,113215,-105.0,395,112,12:34:08,2012-07-26
443635,113220,-92.0,395,112,12:32:30,2012-07-26
443825,113220,-105.0,395,112,12:34:09,2012-07-26
443630,113225,-94.25,395,112,12:32:30,2012-07-26
443630,113235,-95.0,395,112,12:32:29,2012-07-26
443630,113245,-95.0,395,112,12:32:28,2012-07-26
443635,113255,-95.0,395,112,12:32:28,2012-07-26
443635,113260,-95.0,395,112,12:32:27,2012-07-26
443635,113265,-95.0,395,112,12:32:26,2012-07-26
443635,113270,-95.0,395,112,12:32:26,2012-07-26
443635,113275,-95.0,395,112,12:32:25,2012-07-26
443635,113280,-95.0,395,112,12:32:25,2012-07-26
443635,113285,-95.0,395,112,12:32:24,2012-07-26
442810,113335,-86.0,395,112,12:30:10,2012-07-26
442810,113340,-86.0,395,112,12:30:09,2012-07-26
442810,113345,-86.0,395,112,12:30:09,2012-07-26
442810,113350,-86.0,395,112,12:30:09,2012-07-26
442810,113355,-86.0,395,112,12:30:08,2012-07-26
442810,113375,-85.25,395,112,12:30:06,2012-07-26
442810,113380,-85.0,395,112,12:30:06,2012-07-26
442805,113385,-86.5,395,112,12:30:05,2012-07-26
442805,113395,-87.0,395,112,12:30:04,2012-07-26
442805,113400,-86.25,395,112,12:30:04,2012-07-26
442805,113405,-86.0,395,112,12:30:03,2012-07-26
442800,113410,-86.0,395,112,12:30:03,2012-07-26
442800,113415,-86.666664,395,112,12:30:02,2012-07-26
442795,113425,-87.0,395,112,12:30:01,2012-07-26
442795,113430,-87.75,395,112,12:30:01,2012-07-26
442790,113435,-88.0,395,112,12:30:00,2012-07-26
442790,113445,-88.0,395,112,12:29:59,2012-07-26
442790,113450,-88.0,395,112,12:29:59,2012-07-26
442790,113460,-87.25,395,112,12:29:58,2012-07-26
442795,113465,-87.0,395,112,12:29:57,2012-07-26
442795,113470,-87.0,395,112,12:29:57,2012-07-26
442795,113475,-86.199997,395,112,12:29:56,2012-07-26
442795,113480,-86.0,395,112,12:29:56,2012-07-26
442800,113485,-86.0,395,112,12:29:56,2012-07-26
442800,113490,-86.0,395,112,12:29:55,2012-07-26
442800,113495,-83.599998,395,112,12:29:55,2012-07-26
442810,113515,-83.0,395,112,12:29:54,2012-07-26
442815,113525,-83.0,395,112,12:29:53,2012-07-26
442820,113535,-83.0,395,112,12:29:52,2012-07-26
442820,113540,-83.75,395,112,12:29:51,2012-07-26
442815,113555,-84.0,395,112,12:29:50,2012-07-26
442815,113560,-84.0,395,112,12:29:49,2012-07-26
442815,113565,-84.0,395,112,12:29:49,2012-07-26
442815,113570,-84.0,395,112,12:29:48,2012-07-26
442810,113575,-86.400002,395,112,12:29:48,2012-07-26
442810,113580,-87.0,395,112,12:29:48,2012-07-26
442810,113585,-87.0,395,112,12:29:47,2012-07-26
442810,113590,-88.5,395,112,12:29:47,2012-07-26
442810,113595,-89.0,395,112,12:29:46,2012-07-26
442810,113600,-89.75,395,112,12:29:45,2012-07-26
442810,113605,-90.0,395,112,12:29:44,2012-07-26
442810,113615,-91.5,395,112,12:29:44,2012-07-26
442810,113620,-92.0,395,112,12:29:43,2012-07-26
442810,113630,-92.666664,395,112,12:29:42,2012-07-26
442810,113635,-93.0,395,112,12:29:42,2012-07-26
442810,113645,-92.25,395,112,12:29:41,2012-07-26
442805,113655,-92.0,395,112,12:29:40,2012-07-26
442805,113660,-91.25,395,112,12:29:40,2012-07-26
442810,113665,-91.0,395,112,12:29:39,2012-07-26
442810,113675,-91.75,395,112,12:29:38,2012-07-26
442810,113680,-92.0,395,112,12:29:37,2012-07-26
442815,113690,-90.800003,395,112,12:29:37,2012-07-26
442815,113700,-90.0,395,112,12:29:36,2012-07-26
442820,113705,-90.0,395,112,12:29:35,2012-07-26
442830,113730,-88.800003,395,112,12:29:34,2012-07-26
442835,113745,-88.599998,395,112,12:29:32,2012-07-26
442835,113750,-89.0,395,112,12:29:32,2012-07-26
442840,113760,-88.333336,395,112,12:29:31,2012-07-26
442840,113775,-88.75,395,112,12:29:30,2012-07-26
442835,113785,-89.0,395,112,12:29:29,2012-07-26
442835,113795,-87.400002,395,112,12:29:28,2012-07-26
442835,113800,-88.333336,395,112,12:29:27,2012-07-26
442835,113815,-87.666664,395,112,12:29:25,2012-07-26
442840,113830,-87.0,395,112,12:29:24,2012-07-26
442840,113840,-86.400002,395,112,12:29:23,2012-07-26
442835,113850,-86.0,395,112,12:29:22,2012-07-26
442830,113865,-88.5,395,112,12:29:21,2012-07-26
442825,113875,-92.199997,395,112,12:29:19,2012-07-26
442820,113885,-93.0,395,112,12:29:19,2012-07-26
442810,113895,-93.0,395,112,12:29:18,2012-07-26
442805,113905,-93.75,395,112,12:29:17,2012-07-26
442795,113915,-94.0,395,112,12:29:16,2012-07-26
441760,113925,-97.0,395,112,12:26:31,2012-07-26
441765,113925,-97.0,395,112,12:26:31,2012-07-26
442790,113925,-94.0,395,112,12:29:15,2012-07-26
441750,113930,-97.0,395,112,12:26:29,2012-07-26
441755,113930,-97.0,395,112,12:26:30,2012-07-26
441745,113935,-97.0,395,112,12:26:29,2012-07-26
442785,113935,-92.5,395,112,12:29:14,2012-07-26
441735,113940,-97.0,395,112,12:26:27,2012-07-26
441740,113940,-97.0,395,112,12:26:28,2012-07-26
441730,113945,-97.0,395,112,12:26:26,2012-07-26
442775,113945,-90.800003,395,112,12:29:13,2012-07-26
441720,113950,-97.0,395,112,12:26:26,2012-07-26
441725,113950,-97.0,395,112,12:26:26,2012-07-26
441705,113955,-97.0,395,112,12:26:24,2012-07-26
441710,113955,-97.0,395,112,12:26:24,2012-07-26
441715,113955,-97.0,395,112,12:26:25,2012-07-26
442770,113955,-90.0,395,112,12:29:11,2012-07-26
441695,113960,-96.0,395,112,12:26:23,2012-07-26
441700,113960,-96.333336,395,112,12:26:23,2012-07-26
441685,113965,-96.0,395,112,12:26:22,2012-07-26
441690,113965,-96.0,395,112,12:26:22,2012-07-26
442760,113965,-90.0,395,112,12:29:11,2012-07-26
441680,113970,-96.0,395,112,12:26:21,2012-07-26
441685,113970,-96.0,395,112,12:26:21,2012-07-26
442750,113970,-90.75,395,112,12:29:10,2012-07-26
441675,113975,-96.0,395,112,12:26:20,2012-07-26
442745,113980,-90.400002,395,112,12:29:09,2012-07-26
442735,113985,-90.0,395,112,12:29:08,2012-07-26
442735,113990,-90.0,395,112,12:29:07,2012-07-26
442730,113995,-90.0,395,112,12:29:07,2012-07-26
442725,114000,-90.0,395,112,12:29:06,2012-07-26
441965,114005,-97.0,395,112,12:26:59,2012-07-26
442725,114005,-90.0,395,112,12:29:05,2012-07-26
442720,114010,-92.25,395,112,12:29:04,2012-07-26
441965,114020,-97.0,395,112,12:27:00,2012-07-26
442715,114020,-93.0,395,112,12:29:04,2012-07-26
442715,114025,-90.75,395,112,12:29:03,2012-07-26
442710,114035,-90.75,395,112,12:29:01,2012-07-26
441965,114045,-97.5,395,112,12:27:03,2012-07-26
442705,114045,-91.0,395,112,12:29:01,2012-07-26
441970,114050,-99.0,395,112,12:27:04,2012-07-26
441970,114055,-99.0,395,112,12:27:04,2012-07-26
442700,114055,-91.75,395,112,12:29:00,2012-07-26
442695,114070,-92.75,395,112,12:28:59,2012-07-26
442695,114080,-93.0,395,112,12:28:58,2012-07-26
442085,114090,-94.830185,395,112,12:27:37,2012-07-26
442690,114090,-92.25,395,112,12:28:57,2012-07-26
442085,114095,-97.333336,395,112,12:27:33,2012-07-26
442090,114095,-95.75,395,112,12:27:46,2012-07-26
442100,114095,-95.0,395,112,12:27:48,2012-07-26
442690,114095,-92.0,395,112,12:28:57,2012-07-26
442085,114100,-96.333336,395,112,12:27:30,2012-07-26
442110,114100,-95.0,395,112,12:27:49,2012-07-26
442115,114100,-95.571426,395,112,12:27:49,2012-07-26
442085,114105,-96.0,395,112,12:27:25,2012-07-26
442120,114105,-96.0,395,112,12:27:51,2012-07-26
442690,114105,-93.5,395,112,12:28:56,2012-07-26
442125,114110,-96.0,395,112,12:27:52,2012-07-26
442135,114110,-96.0,395,112,12:27:53,2012-07-26
442140,114115,-96.400002,395,112,12:27:54,2012-07-26
442685,114115,-94.0,395,112,12:28:55,2012-07-26
442145,114120,-97.0,395,112,12:27:54,2012-07-26
442150,114125,-97.666664,395,112,12:27:55,2012-07-26
442685,114125,-94.0,395,112,12:28:54,2012-07-26
442160,114130,-99.0,395,112,12:27:57,2012-07-26
442685,114130,-94.0,395,112,12:28:54,2012-07-26
442170,114140,-101.0,395,112,12:27:58,2012-07-26
442680,114140,-93.25,395,112,12:28:53,2012-07-26
442175,114145,-101.0,395,112,12:27:58,2012-07-26
442675,114145,-93.0,395,112,12:28:52,2012-07-26
442180,114150,-100.75,395,112,12:27:59,2012-07-26
442185,114150,-100.0,395,112,12:28:00,2012-07-26
442675,114150,-91.5,395,112,12:28:52,2012-07-26
442190,114155,-99.75,395,112,12:28:01,2012-07-26
442320,114155,-98.0,395,112,12:28:13,2012-07-26
442325,114155,-97.75,395,112,12:28:13,2012-07-26
442330,114155,-97.0,395,112,12:28:14,2012-07-26
442200,114160,-99.0,395,112,12:28:01,2012-07-26
442205,114160,-99.0,395,112,12:28:02,2012-07-26
442290,114160,-96.0,395,112,12:28:11,2012-07-26
442300,114160,-96.0,395,112,12:28:11,2012-07-26
442310,114160,-96.800003,395,112,12:28:12,2012-07-26
442340,114160,-97.333336,395,112,12:28:15,2012-07-26
442350,114160,-98.0,395,112,12:28:16,2012-07-26
442360,114160,-98.0,395,112,12:28:16,2012-07-26
442370,114160,-98.0,395,112,12:28:18,2012-07-26
442220,114165,-97.800003,395,112,12:28:04,2012-07-26
442225,114165,-96.0,395,112,12:28:04,2012-07-26
442230,114165,-96.0,395,112,12:28:05,2012-07-26
442245,114165,-96.0,395,112,12:28:06,2012-07-26
442275,114165,-96.0,395,112,12:28:09,2012-07-26
442385,114165,-97.833336,395,112,12:28:19,2012-07-26
442395,114165,-97.0,395,112,12:28:20,2012-07-26
442655,114165,-89.0,395,112,12:28:49,2012-07-26
442660,114165,-89.0,395,112,12:28:49,2012-07-26
442665,114165,-89.5,395,112,12:28:50,2012-07-26
442255,114170,-96.0,395,112,12:28:07,2012-07-26
442260,114170,-96.0,395,112,12:28:08,2012-07-26
442265,114170,-96.0,395,112,12:28:09,2012-07-26
442270,114170,-96.0,395,112,12:28:09,2012-07-26
442405,114170,-97.0,395,112,12:28:21,2012-07-26
442640,114170,-85.666664,395,112,12:28:47,2012-07-26
442645,114170,-87.0,395,112,12:28:48,2012-07-26
442650,114170,-87.333336,395,112,12:28:49,2012-07-26
442655,114170,-89.0,395,112,12:28:49,2012-07-26
442420,114175,-96.75,395,112,12:28:22,2012-07-26
442425,114175,-96.0,395,112,12:28:23,2012-07-26
442615,114175,-86.0,395,112,12:28:45,2012-07-26
442625,114175,-85.75,395,112,12:28:46,2012-07-26
442435,114180,-96.0,395,112,12:28:23,2012-07-26
442440,114180,-96.25,395,112,12:28:25,2012-07-26
442605,114180,-89.0,395,112,12:28:44,2012-07-26
442610,114180,-88.25,395,112,12:28:45,2012-07-26
442450,114185,-97.0,395,112,12:28:25,2012-07-26
442600,114185,-90.5,395,112,12:28:43,2012-07-26
442455,114190,-97.0,395,112,12:28:27,2012-07-26
442600,114190,-91.0,395,112,12:28:42,2012-07-26
442465,114195,-97.333336,395,112,12:28:28,2012-07-26
442595,114195,-93.0,395,112,12:28:42,2012-07-26
442475,114200,-98.199997,395,112,12:28:28,2012-07-26
442480,114205,-99.199997,395,112,12:28:30,2012-07-26
442495,114210,-100.0,395,112,12:28:31,2012-07-26
442500,114215,-100.25,395,112,12:28:32,2012-07-26
442510,114215,-100.8,395,112,12:28:33,2012-07-26
442530,114215,-100.0,395,112,12:28:34,2012-07-26
442535,114215,-100.4,395,112,12:28:35,2012-07-26
442545,114215,-100.5,395,112,12:28:36,2012-07-26
442580,114215,-97.333336,395,112,12:28:39,2012-07-26
442560,114220,-99.666664,395,112,12:28:37,2012-07-26
442565,114220,-99.0,395,112,12:28:38,2012-07-26
452635,122355,-69.0,395,112,18:43:03,2012-07-27
452645,122375,-65.333336,395,112,18:43:02,2012-07-27
452655,122400,-64.285713,395,112,18:43:01,2012-07-27
452660,122415,-63.400002,395,112,18:43:00,2012-07-27
452665,122430,-61.5,395,112,18:42:58,2012-07-27
452675,122450,-58.599998,395,112,18:42:57,2012-07-27
452685,122480,-55.5,395,112,18:42:56,2012-07-27
452700,122535,-51.599998,395,112,18:42:54,2012-07-27
452710,122555,-49.400002,395,112,18:42:52,2012-07-27
452715,122565,-49.0,395,112,18:42:51,2012-07-27
452720,122585,-49.0,395,112,18:42:51,2012-07-27
452720,122590,-49.0,395,112,18:42:51,2012-07-27
452725,122600,-49.0,395,112,18:42:50,2012-07-27
452730,122620,-49.0,395,112,18:42:49,2012-07-27
452735,122630,-49.0,395,112,18:42:49,2012-07-27
452740,122645,-49.0,395,112,18:42:48,2012-07-27
452745,122660,-49.0,395,112,18:42:47,2012-07-27
452755,122680,-49.0,395,112,18:42:46,2012-07-27
452760,122695,-49.0,395,112,18:42:46,2012-07-27
452760,122700,-49.0,395,112,18:42:45,2012-07-27
452765,122705,-49.0,395,112,18:42:45,2012-07-27
452765,122715,-49.0,395,112,18:42:45,2012-07-27
452770,122720,-48.25,395,112,18:42:44,2012-07-27
452770,122730,-48.0,395,112,18:42:44,2012-07-27
452775,122730,-48.0,395,112,18:42:44,2012-07-27
452780,122745,-47.25,395,112,18:42:43,2012-07-27
452790,122785,-46.25,395,112,18:42:42,2012-07-27
452795,122795,-46.0,395,112,18:42:41,2012-07-27
452800,122810,-46.0,395,112,18:42:40,2012-07-27
452805,122825,-46.0,395,112,18:42:39,2012-07-27
452810,122840,-45.25,395,112,18:42:39,2012-07-27
452815,122855,-45.0,395,112,18:42:38,2012-07-27
452825,122875,-43.5,395,112,18:42:37,2012-07-27
452830,122900,-42.25,395,112,18:42:36,2012-07-27
452835,122910,-42.0,395,112,18:42:35,2012-07-27
452840,122925,-41.25,395,112,18:42:35,2012-07-27
452845,122940,-41.0,395,112,18:42:34,2012-07-27
452845,122945,-41.0,395,112,18:42:34,2012-07-27
452850,122955,-41.0,395,112,18:42:33,2012-07-27
452850,122960,-41.0,395,112,18:42:33,2012-07-27
452855,122960,-40.25,395,112,18:42:33,2012-07-27
452855,122965,-40.0,395,112,18:42:33,2012-07-27
452855,122970,-40.0,395,112,18:42:33,2012-07-27
452860,122975,-40.0,395,112,18:42:32,2012-07-27
452860,122980,-40.0,395,112,18:42:32,2012-07-27
452860,122985,-40.0,395,112,18:42:32,2012-07-27
452860,122990,-40.0,395,112,18:42:32,2012-07-27
452865,122990,-55.0,395,112,18:42:32,2012-07-27
452865,123000,-60.0,395,112,18:42:31,2012-07-27
452870,123000,-60.0,395,112,18:42:31,2012-07-27
452875,123015,-60.0,395,112,18:42:30,2012-07-27
452880,123035,-60.0,395,112,18:42:30,2012-07-27
452880,123040,-60.0,395,112,18:42:29,2012-07-27
452885,123045,-60.0,395,112,18:42:29,2012-07-27
452885,123050,-60.0,395,112,18:42:29,2012-07-27
452145,123055,-52.0,395,112,18:14:59,2012-07-31
452890,123060,-60.0,395,112,18:42:28,2012-07-27
452150,123065,-52.0,395,112,18:15:00,2012-07-31
452155,123075,-52.0,395,112,18:15:02,2012-07-31
452895,123075,-60.0,395,112,18:42:27,2012-07-27
452155,123080,-52.0,395,112,18:15:02,2012-07-31
452895,123080,-60.0,395,112,18:42:27,2012-07-27
452155,123085,-52.0,395,112,18:15:03,2012-07-31
452160,123090,-52.0,395,112,18:15:03,2012-07-31
452900,123090,-60.0,395,112,18:42:27,2012-07-27
452165,123095,-52.0,395,112,18:15:04,2012-07-31
452165,123100,-53.75,395,112,18:15:05,2012-07-31
452175,123110,-58.666668,395,112,18:15:06,2012-07-31
452905,123110,-60.0,395,112,18:42:26,2012-07-27
452175,123115,-58.0,395,112,18:15:07,2012-07-31
452180,123120,-57.5,395,112,18:15:07,2012-07-31
452180,123125,-57.0,395,112,18:15:08,2012-07-31
452185,123130,-56.25,395,112,18:15:09,2012-07-31
452185,123135,-54.0,395,112,18:15:09,2012-07-31
452190,123135,-54.0,395,112,18:15:10,2012-07-31
452190,123140,-54.0,395,112,18:15:10,2012-07-31
452195,123140,-54.0,395,112,18:15:10,2012-07-31
452200,123155,-54.166668,395,112,18:15:12,2012-07-31
452200,123160,-55.0,395,112,18:15:12,2012-07-31
452205,123165,-55.0,395,112,18:15:12,2012-07-31
452205,123170,-55.5,395,112,18:15:13,2012-07-31
452215,123180,-57.599998,395,112,18:15:14,2012-07-31
452220,123190,-60.75,395,112,18:15:16,2012-07-31
452230,123205,-63.0,395,112,18:15:17,2012-07-31
452235,123215,-63.799999,395,112,18:15:17,2012-07-31
452240,123220,-65.0,395,112,18:15:18,2012-07-31
452245,123230,-65.0,395,112,18:15:19,2012-07-31
452255,123240,-65.444443,395,112,18:15:20,2012-07-31
451685,123440,-73.599998,395,112,18:08:27,2012-07-31
451680,123445,-72.0,395,112,18:08:26,2012-07-31
451680,123450,-69.0,395,112,18:08:25,2012-07-31
451675,123460,-66.0,395,112,18:08:24,2012-07-31
451675,123465,-65.0,395,112,18:08:24,2012-07-31
451670,123470,-64.199997,395,112,18:08:22,2012-07-31
451670,123480,-64.0,395,112,18:08:22,2012-07-31
451665,123485,-64.0,395,112,18:08:21,2012-07-31
451665,123490,-64.0,395,112,18:08:20,2012-07-31
451660,123495,-64.0,395,112,18:08:19,2012-07-31
451660,123505,-64.666664,395,112,18:08:17,2012-07-31
451655,123510,-64.5,395,112,18:08:16,2012-07-31
451650,123515,-64.0,395,112,18:08:15,2012-07-31
451650,123520,-63.333332,395,112,18:08:14,2012-07-31
451645,123525,-63.0,395,112,18:08:14,2012-07-31
451640,123530,-63.799999,395,112,18:08:13,2012-07-31
451635,123540,-62.5,395,112,18:08:12,2012-07-31
451630,123550,-62.0,395,112,18:08:11,2012-07-31
451625,123555,-60.0,395,112,18:08:10,2012-07-31
451615,123565,-56.75,395,112,18:08:09,2012-07-31
451605,123575,-55.0,395,112,18:08:07,2012-07-31
451600,123580,-50.75,395,112,18:08:06,2012-07-31
451590,123585,-50.0,395,112,18:08:05,2012-07-31
451580,123590,-49.333332,395,112,18:08:05,2012-07-31
451575,123595,-50.333332,395,112,18:08:03,2012-07-31
451560,123605,-51.666668,395,112,18:08:02,2012-07-31
451560,123610,-55.333332,395,112,18:08:00,2012-07-31
451555,123620,-57.5,395,112,18:07:59,2012-07-31
451550,123625,-58.0,395,112,18:07:59,2012-07-31
451550,123630,-58.0,395,112,18:07:58,2012-07-31
451550,123635,-59.200001,395,112,18:07:58,2012-07-31
451550,123640,-60.0,395,112,18:07:57,2012-07-31
451550,123650,-62.0,395,112,18:07:56,2012-07-31
451545,123660,-63.666668,395,112,18:07:55,2012-07-31
451540,123670,-64.0,395,112,18:07:54,2012-07-31
451540,123675,-61.75,395,112,18:07:53,2012-07-31
451535,123685,-61.0,395,112,18:07:53,2012-07-31
451530,123690,-59.5,395,112,18:07:52,2012-07-31
451515,123695,-59.666668,395,112,18:07:50,2012-07-31
451500,123700,-59.333332,395,112,18:07:49,2012-07-31
451485,123710,-60.5,395,112,18:07:48,2012-07-31
451475,123715,-63.25,395,112,18:07:46,2012-07-31
451470,123720,-64.0,395,112,18:07:46,2012-07-31
451455,123725,-68.166664,395,112,18:07:45,2012-07-31
451450,123730,-66.14286,395,112,18:07:43,2012-07-31
451445,123735,-64.0,395,112,18:07:43,2012-07-31
451435,123745,-64.0,395,112,18:07:41,2012-07-31
451425,123755,-64.0,395,112,18:07:40,2012-07-31
451420,123760,-64.0,395,112,18:07:39,2012-07-31
451415,123765,-64.0,395,112,18:07:38,2012-07-31
451405,123770,-64.0,395,112,18:07:38,2012-07-31
451310,123885,-72.0,395,112,18:07:14,2012-07-31
451300,123895,-72.0,395,112,18:07:13,2012-07-31
451300,123900,-73.333336,395,112,18:07:12,2012-07-31
451290,123910,-74.0,395,112,18:07:11,2012-07-31
451285,123920,-74.0,395,112,18:07:10,2012-07-31
451280,123925,-74.0,395,112,18:07:09,2012-07-31
451280,123930,-74.0,395,112,18:07:08,2012-07-31
451280,123935,-74.0,395,112,18:07:08,2012-07-31
451275,123940,-74.0,395,112,18:07:07,2012-07-31
451280,123940,-74.0,395,112,18:07:08,2012-07-31
451275,123945,-74.0,395,112,18:07:07,2012-07-31
451275,123950,-74.0,395,112,18:07:07,2012-07-31
452785,129455,-80.0,395,112,14:04:32,2012-07-31
452760,129460,-80.0,395,112,14:04:35,2012-07-31
452775,129460,-80.0,395,112,14:04:34,2012-07-31
452735,129470,-80.0,395,112,14:04:36,2012-07-31
452710,129475,-80.0,395,112,14:04:38,2012-07-31
452720,129475,-80.0,395,112,14:04:37,2012-07-31
452325,129735,-87.0,395,112,14:08:52,2012-07-31
452325,129745,-86.222221,395,112,14:08:50,2012-07-31
452320,129760,-85.400002,395,112,14:08:49,2012-07-31
452315,129765,-83.666664,395,112,14:08:48,2012-07-31
452310,129775,-83.0,395,112,14:08:47,2012-07-31
452310,129785,-82.333336,395,112,14:08:46,2012-07-31
452300,129805,-81.5,395,112,14:08:45,2012-07-31
452290,129830,-81.0,395,112,14:08:42,2012-07-31
452290,129845,-81.0,395,112,14:08:41,2012-07-31
452285,129855,-81.75,395,112,14:08:41,2012-07-31
452280,129865,-82.0,395,112,14:08:39,2012-07-31
452275,129875,-82.0,395,112,14:08:39,2012-07-31
452270,129900,-82.0,395,112,14:08:36,2012-07-31
452265,129910,-84.0,395,112,14:08:36,2012-07-31
452260,129925,-84.0,395,112,14:08:35,2012-07-31
452255,129940,-84.0,395,112,14:08:34,2012-07-31
452250,129950,-84.0,395,112,14:08:33,2012-07-31
452245,129970,-84.0,395,112,14:08:32,2012-07-31
452240,129980,-84.75,395,112,14:08:31,2012-07-31
452240,129990,-84.0,395,112,14:08:29,2012-07-31
454260,129995,-76.0,395,112,13:43:11,2012-07-31
452235,130000,-84.0,395,112,14:08:29,2012-07-31
454260,130000,-76.0,395,112,13:43:10,2012-07-31
452230,130015,-84.0,395,112,14:08:28,2012-07-31
454265,130020,-78.0,395,112,13:43:09,2012-07-31
452230,130025,-84.0,395,112,14:08:27,2012-07-31
452225,130035,-84.0,395,112,14:08:25,2012-07-31
452225,130040,-84.0,395,112,14:08:25,2012-07-31
454265,130040,-78.666664,395,112,13:43:07,2012-07-31
452225,130045,-84.0,395,112,14:08:25,2012-07-31
454265,130050,-78.25,395,112,13:43:06,2012-07-31
452225,130055,-84.0,395,112,14:08:24,2012-07-31
454270,130055,-78.0,395,112,13:43:05,2012-07-31
454270,130060,-78.0,395,112,13:43:04,2012-07-31
454330,130060,-70.0,395,112,13:42:50,2012-07-31
454345,130060,-70.0,395,112,13:42:49,2012-07-31
452220,130065,-85.0,395,112,14:08:23,2012-07-31
454270,130065,-78.0,395,112,13:43:03,2012-07-31
454305,130065,-70.0,395,112,13:42:52,2012-07-31
454315,130065,-70.0,395,112,13:42:51,2012-07-31
454275,130070,-78.0,395,112,13:43:02,2012-07-31
454295,130070,-78.25,395,112,13:42:54,2012-07-31
454305,130070,-70.0,395,112,13:42:53,2012-07-31
452220,130075,-85.0,395,112,14:08:22,2012-07-31
454290,130075,-82.0,395,112,13:42:56,2012-07-31
452220,130090,-85.666664,395,112,14:08:21,2012-07-31
452215,130105,-86.0,395,112,14:08:19,2012-07-31
452215,130115,-86.0,395,112,14:08:19,2012-07-31
452215,130120,-86.0,395,112,14:08:18,2012-07-31
452210,130140,-86.0,395,112,14:08:17,2012-07-31
452210,130150,-86.75,395,112,14:08:15,2012-07-31
452210,130165,-87.0,395,112,14:08:15,2012-07-31
452205,130170,-85.666664,395,112,14:08:14,2012-07-31
452200,130190,-85.0,395,112,14:08:12,2012-07-31
452200,130195,-85.0,395,112,14:08:12,2012-07-31
452195,130210,-85.0,395,112,14:08:11,2012-07-31
452195,130220,-85.0,395,112,14:08:10,2012-07-31
452460,130225,-85.0,395,112,13:21:13,2012-07-31
452460,130230,-86.5,395,112,13:21:12,2012-07-31
452455,130235,-88.0,395,112,13:21:12,2012-07-31
452455,130240,-88.0,395,112,13:21:12,2012-07-31
452190,130245,-85.0,395,112,14:08:09,2012-07-31
452455,130245,-88.0,395,112,13:21:11,2012-07-31
452860,130245,-72.0,395,112,13:36:53,2012-07-31
452185,130250,-85.0,395,112,14:08:08,2012-07-31
452455,130255,-88.75,395,112,13:21:10,2012-07-31
452455,130260,-89.0,395,112,13:21:10,2012-07-31
452865,130260,-72.85714,395,112,13:36:53,2012-07-31
452185,130265,-85.0,395,112,14:08:07,2012-07-31
452875,130270,-73.0,395,112,13:36:51,2012-07-31
452455,130275,-89.0,395,112,13:21:08,2012-07-31
452180,130280,-85.0,395,112,14:08:07,2012-07-31
452880,130285,-74.199997,395,112,13:36:50,2012-07-31
452450,130295,-89.666664,395,112,13:21:07,2012-07-31
452880,130300,-75.0,395,112,13:36:49,2012-07-31
452445,130305,-90.0,395,112,13:21:06,2012-07-31
452440,130310,-90.0,395,112,13:21:06,2012-07-31
452880,130315,-74.199997,395,112,13:36:48,2012-07-31
452430,130320,-90.0,395,112,13:21:05,2012-07-31
452425,130325,-89.25,395,112,13:21:04,2012-07-31
452880,130330,-74.0,395,112,13:36:47,2012-07-31
452410,130335,-87.666664,395,112,13:21:03,2012-07-31
452880,130345,-74.0,395,112,13:36:46,2012-07-31
452395,130350,-87.0,395,112,13:21:02,2012-07-31
452400,130350,-87.0,395,112,13:21:02,2012-07-31
452390,130355,-87.0,395,112,13:21:01,2012-07-31
452880,130360,-74.0,395,112,13:36:45,2012-07-31
452380,130365,-87.0,395,112,13:21:00,2012-07-31
452380,130370,-87.0,395,112,13:21:00,2012-07-31
452880,130375,-74.0,395,112,13:36:44,2012-07-31
452365,130390,-87.0,395,112,13:20:58,2012-07-31
452880,130390,-72.5,395,112,13:36:43,2012-07-31
452360,130395,-87.0,395,112,13:20:58,2012-07-31
452345,130405,-87.0,395,112,13:20:57,2012-07-31
452880,130405,-71.0,395,112,13:36:41,2012-07-31
452335,130410,-87.0,395,112,13:20:56,2012-07-31
452330,130415,-87.0,395,112,13:20:56,2012-07-31
452880,130415,-71.0,395,112,13:36:41,2012-07-31
452880,130425,-70.25,395,112,13:36:40,2012-07-31
452880,130435,-70.0,395,112,13:36:39,2012-07-31
452880,130445,-70.0,395,112,13:36:39,2012-07-31
452880,130450,-68.0,395,112,13:36:39,2012-07-31
452875,130465,-68.0,395,112,13:36:38,2012-07-31
452875,130470,-68.0,395,112,13:36:37,2012-07-31
452875,130475,-68.0,395,112,13:36:37,2012-07-31
452875,130485,-68.0,395,112,13:36:37,2012-07-31
452875,130490,-72.0,395,112,13:31:05,2012-07-31
452875,130495,-68.0,395,112,13:36:36,2012-07-31
452875,130500,-68.199997,395,112,13:36:36,2012-07-31
452875,130515,-67.0,395,112,13:36:35,2012-07-31
452875,130520,-72.0,395,112,13:31:06,2012-07-31
452875,130525,-67.400002,395,112,13:36:34,2012-07-31
452870,130535,-66.0,395,112,13:36:34,2012-07-31
452870,130540,-72.0,395,112,13:31:07,2012-07-31
452870,130545,-66.0,395,112,13:36:33,2012-07-31
452870,130550,-72.0,395,112,13:31:08,2012-07-31
452870,130555,-66.0,395,112,13:36:32,2012-07-31
452870,130560,-72.0,395,112,13:31:09,2012-07-31
452870,130565,-66.0,395,112,13:36:32,2012-07-31
452870,130570,-67.666664,395,112,13:36:31,2012-07-31
452870,130580,-67.0,395,112,13:36:31,2012-07-31
452870,130585,-71.25,395,112,13:31:10,2012-07-31
452870,130595,-66.800003,395,112,13:36:30,2012-07-31
452870,130605,-69.333336,395,112,13:31:12,2012-07-31
452875,130605,-66.0,395,112,13:36:29,2012-07-31
452870,130610,-66.75,395,112,13:36:29,2012-07-31
452870,130615,-70.0,395,112,13:31:12,2012-07-31
452870,130620,-70.25,395,112,13:31:13,2012-07-31
452870,130625,-67.0,395,112,13:36:28,2012-07-31
452870,130630,-67.666664,395,112,13:36:27,2012-07-31
452865,130635,-67.0,395,112,13:36:26,2012-07-31
452865,130640,-67.0,395,112,13:36:26,2012-07-31
452870,130640,-71.25,395,112,13:31:14,2012-07-31
452865,130645,-67.666664,395,112,13:36:26,2012-07-31
452860,130650,-68.0,395,112,13:36:26,2012-07-31
452865,130650,-70.0,395,112,13:36:26,2012-07-31
452860,130655,-68.0,395,112,13:36:25,2012-07-31
452860,130660,-70.0,395,112,13:36:25,2012-07-31
452855,130665,-68.75,395,112,13:36:24,2012-07-31
452860,130665,-70.0,395,112,13:31:17,2012-07-31
452450,130670,-67.0,395,112,13:21:56,2012-07-31
452860,130670,-70.0,395,112,13:31:17,2012-07-31
452855,130675,-69.0,395,112,13:36:24,2012-07-31
452855,130680,-70.0,395,112,13:31:17,2012-07-31
452850,130685,-69.75,395,112,13:36:23,2012-07-31
452855,130685,-70.0,395,112,13:31:18,2012-07-31
452450,130690,-67.0,395,112,13:21:57,2012-07-31
452850,130690,-70.0,395,112,13:36:22,2012-07-31
452850,130695,-70.0,395,112,13:31:19,2012-07-31
452450,130700,-67.0,395,112,13:21:57,2012-07-31
452850,130700,-67.599998,395,112,13:36:21,2012-07-31
452850,130705,-69.444443,395,112,13:36:20,2012-07-31
452450,130710,-67.0,395,112,13:21:58,2012-07-31
452850,130710,-67.0,395,112,13:36:19,2012-07-31
452850,130715,-67.0,395,112,13:36:17,2012-07-31
452450,130720,-67.0,395,112,13:21:58,2012-07-31
452845,130720,-67.0,395,112,13:36:17,2012-07-31
452850,130720,-72.0,395,112,13:31:21,2012-07-31
452450,130725,-67.0,395,112,13:21:58,2012-07-31
452845,130730,-67.0,395,112,13:36:16,2012-07-31
452850,130730,-72.0,395,112,13:31:22,2012-07-31
452450,130740,-67.0,395,112,13:22:00,2012-07-31
452845,130740,-71.428574,395,112,13:31:23,2012-07-31
452840,130760,-71.0,395,112,13:31:24,2012-07-31
452455,130775,-67.800003,395,112,13:22:02,2012-07-31
452835,130775,-71.666664,395,112,13:31:27,2012-07-31
452460,130800,-69.5,395,112,13:22:03,2012-07-31
452820,130810,-72.599998,395,112,13:31:29,2012-07-31
452815,130820,-72.0,395,112,13:31:30,2012-07-31
452460,130825,-70.0,395,112,13:22:04,2012-07-31
452805,130835,-72.25,395,112,13:31:31,2012-07-31
452800,130845,-74.0,395,112,13:31:33,2012-07-31
452795,130860,-75.75,395,112,13:31:34,2012-07-31
452790,130865,-75.599998,395,112,13:31:35,2012-07-31
452790,130875,-78.599998,395,112,13:31:36,2012-07-31
452705,131165,-78.0,395,112,13:35:04,2012-07-31
452705,131175,-78.0,395,112,13:35:03,2012-07-31
452705,131180,-78.75,395,112,13:35:03,2012-07-31
452710,131200,-81.0,395,112,13:35:00,2012-07-31
452710,131225,-79.0,395,112,13:34:58,2012-07-31
452715,131235,-79.0,395,112,13:34:58,2012-07-31
452715,131245,-79.0,395,112,13:34:57,2012-07-31
452720,131255,-78.0,395,112,13:34:56,2012-07-31
452720,131260,-78.0,395,112,13:34:56,2012-07-31
452720,131265,-78.0,395,112,13:34:55,2012-07-31
452720,131270,-78.0,395,112,13:34:55,2012-07-31
452725,131275,-78.0,395,112,13:34:54,2012-07-31
452725,131280,-76.666664,395,112,13:34:54,2012-07-31
452725,131285,-76.0,395,112,13:34:53,2012-07-31
452725,131295,-76.75,395,112,13:34:53,2012-07-31
452690,131300,-74.599998,395,112,13:34:38,2012-07-31
452695,131300,-74.25,395,112,13:34:40,2012-07-31
452685,131305,-75.0,395,112,13:34:38,2012-07-31
452705,131305,-75.599998,395,112,13:34:41,2012-07-31
452725,131305,-77.0,395,112,13:34:52,2012-07-31
452680,131310,-75.800003,395,112,13:34:37,2012-07-31
452710,131310,-76.5,395,112,13:34:43,2012-07-31
452730,131310,-79.0,395,112,13:34:50,2012-07-31
452680,131315,-76.0,395,112,13:34:36,2012-07-31
452710,131315,-78.5,395,112,13:34:44,2012-07-31
452730,131315,-79.400002,395,112,13:34:50,2012-07-31
452680,131320,-76.0,395,112,13:34:34,2012-07-31
452685,131325,-76.0,395,112,13:34:34,2012-07-31
452720,131325,-80.666664,395,112,13:34:46,2012-07-31
452725,131325,-80.75,395,112,13:34:48,2012-07-31
452700,131330,-76.0,395,112,13:33:00,2012-07-31
452705,131330,-76.599998,395,112,13:32:59,2012-07-31
452730,131330,-78.0,395,112,13:32:46,2012-07-31
452685,131335,-76.75,395,112,13:34:33,2012-07-31
452685,131340,-76.5,395,112,13:34:31,2012-07-31
452695,131340,-76.0,395,112,13:33:03,2012-07-31
452685,131345,-76.0,395,112,13:34:31,2012-07-31
452715,131345,-77.800003,395,112,13:32:57,2012-07-31
452720,131345,-78.0,395,112,13:32:56,2012-07-31
452730,131345,-78.0,395,112,13:32:48,2012-07-31
452695,131350,-76.0,395,112,13:33:05,2012-07-31
452720,131350,-80.0,395,112,13:32:55,2012-07-31
452730,131350,-78.0,395,112,13:32:48,2012-07-31
452685,131355,-77.5,395,112,13:34:30,2012-07-31
452695,131355,-76.400002,395,112,13:33:06,2012-07-31
452725,131355,-81.0,395,112,13:32:52,2012-07-31
452730,131355,-78.0,395,112,13:32:49,2012-07-31
452680,131365,-78.0,395,112,13:34:29,2012-07-31
452695,131365,-77.5,395,112,13:33:07,2012-07-31
452670,131375,-78.0,395,112,13:34:27,2012-07-31
452695,131375,-78.85714,395,112,13:33:08,2012-07-31
452655,131380,-78.0,395,112,13:34:25,2012-07-31
452660,131380,-78.0,395,112,13:34:26,2012-07-31
452695,131380,-80.0,395,112,13:33:10,2012-07-31
452645,131385,-78.0,395,112,13:34:24,2012-07-31
452635,131390,-78.0,395,112,13:34:23,2012-07-31
452775,131915,-75.0,395,112,13:25:04,2012-07-31
452790,131920,-75.0,395,112,13:25:05,2012-07-31
452795,131925,-75.0,395,112,13:25:06,2012-07-31
452800,131925,-75.0,395,112,13:25:06,2012-07-31
452805,131930,-75.0,395,112,13:25:07,2012-07-31
452815,131935,-75.0,395,112,13:25:08,2012-07-31
452820,131940,-75.375,395,112,13:25:08,2012-07-31
452825,131945,-78.0,395,112,13:25:09,2012-07-31
452830,131950,-77.428574,395,112,13:25:10,2012-07-31
445445,112625,-91.0,395,112,12:38:06,2012-07-26
445450,112625,-91.0,395,112,12:38:06,2012-07-26
445465,112635,-91.75,395,112,12:38:05,2012-07-26
445470,112635,-92.0,395,112,12:38:04,2012-07-26
445475,112640,-92.75,395,112,12:38:03,2012-07-26
445480,112645,-93.0,395,112,12:38:03,2012-07-26
445485,112650,-93.75,395,112,12:38:02,2012-07-26
445485,112655,-94.0,395,112,12:38:01,2012-07-26
445425,112660,-89.0,395,112,12:37:11,2012-07-26
445430,112660,-88.75,395,112,12:37:12,2012-07-26
445415,112665,-89.800003,395,112,12:37:10,2012-07-26
445490,112665,-94.75,395,112,12:38:00,2012-07-26
445390,112670,-92.833336,395,112,12:37:07,2012-07-26
445395,112670,-92.0,395,112,12:37:08,2012-07-26
445400,112670,-92.0,395,112,12:37:08,2012-07-26
445405,112670,-91.5,395,112,12:37:09,2012-07-26
445445,112670,-87.666664,395,112,12:37:13,2012-07-26
445490,112670,-95.0,395,112,12:38:00,2012-07-26
445380,112675,-93.0,395,112,12:37:06,2012-07-26
445385,112675,-93.0,395,112,12:37:06,2012-07-26
445455,112680,-86.666664,395,112,12:37:15,2012-07-26
445495,112680,-95.0,395,112,12:37:59,2012-07-26
445360,112685,-93.0,395,112,12:37:05,2012-07-26
445460,112685,-86.0,395,112,12:37:15,2012-07-26
445350,112690,-94.0,395,112,12:37:03,2012-07-26
445355,112690,-93.599998,395,112,12:37:03,2012-07-26
445470,112695,-86.0,395,112,12:37:16,2012-07-26
445495,112695,-96.0,395,112,12:37:58,2012-07-26
445475,112700,-86.0,395,112,12:37:17,2012-07-26
445335,112705,-94.75,395,112,12:37:02,2012-07-26
445475,112705,-86.0,395,112,12:37:17,2012-07-26
445495,112705,-96.0,395,112,12:37:57,2012-07-26
445325,112710,-95.599998,395,112,12:37:00,2012-07-26
445495,112710,-96.0,395,112,12:37:56,2012-07-26
445305,112715,-96.0,395,112,12:36:59,2012-07-26
445485,112715,-86.0,395,112,12:37:18,2012-07-26
445490,112725,-85.333336,395,112,12:37:19,2012-07-26
445500,112725,-95.0,395,112,12:37:55,2012-07-26
445500,112735,-95.0,395,112,12:37:54,2012-07-26
445495,112740,-85.0,395,112,12:37:21,2012-07-26
445505,112740,-93.666664,395,112,12:37:53,2012-07-26
445235,112745,-96.0,395,112,12:36:50,2012-07-26
445220,112750,-96.0,395,112,12:36:49,2012-07-26
445500,112750,-85.0,395,112,12:37:21,2012-07-26
445505,112750,-93.75,395,112,12:37:52,2012-07-26
445205,112755,-96.0,395,112,12:36:48,2012-07-26
445505,112755,-94.0,395,112,12:37:52,2012-07-26
445510,112755,-94.0,395,112,12:37:51,2012-07-26
445165,112760,-96.0,395,112,12:36:43,2012-07-26
445170,112760,-95.666664,395,112,12:36:45,2012-07-26
445180,112760,-95.0,395,112,12:36:45,2012-07-26
445185,112760,-95.0,395,112,12:36:46,2012-07-26
445195,112760,-95.25,395,112,12:36:48,2012-07-26
445510,112760,-94.0,395,112,12:37:51,2012-07-26
444675,112765,-91.0,395,112,12:35:48,2012-07-26
444680,112765,-91.0,395,112,12:35:49,2012-07-26
444685,112765,-91.0,395,112,12:35:49,2012-07-26
444690,112765,-91.0,395,112,12:35:50,2012-07-26
444695,112765,-91.0,395,112,12:35:50,2012-07-26
444705,112765,-92.0,395,112,12:35:51,2012-07-26
444710,112765,-93.0,395,112,12:35:52,2012-07-26
444715,112765,-93.333336,395,112,12:35:52,2012-07-26
444720,112765,-94.0,395,112,12:35:53,2012-07-26
445505,112765,-85.0,395,112,12:37:22,2012-07-26
444660,112770,-91.666664,395,112,12:35:47,2012-07-26
444720,112770,-94.0,395,112,12:35:53,2012-07-26
444725,112770,-94.0,395,112,12:35:54,2012-07-26
445505,112770,-85.0,395,112,12:37:24,2012-07-26
445510,112770,-94.0,395,112,12:37:50,2012-07-26
444650,112775,-92.0,395,112,12:35:46,2012-07-26
444730,112775,-94.0,395,112,12:35:55,2012-07-26
445150,112775,-96.800003,395,112,12:36:42,2012-07-26
445515,112775,-93.25,395,112,12:37:49,2012-07-26
444645,112780,-92.666664,395,112,12:35:45,2012-07-26
444730,112780,-94.0,395,112,12:35:55,2012-07-26
444960,112780,-95.0,395,112,12:36:20,2012-07-26
444970,112780,-95.0,395,112,12:36:20,2012-07-26
444980,112780,-95.0,395,112,12:36:21,2012-07-26
445150,112780,-97.0,395,112,12:36:41,2012-07-26
445515,112780,-93.0,395,112,12:37:48,2012-07-26
444735,112785,-94.0,395,112,12:35:57,2012-07-26
444940,112785,-95.0,395,112,12:36:18,2012-07-26
444950,112785,-95.0,395,112,12:36:19,2012-07-26
444995,112785,-95.0,395,112,12:36:22,2012-07-26
445000,112785,-95.0,395,112,12:36:23,2012-07-26
445515,112785,-89.625,395,112,12:37:24,2012-07-26
444740,112790,-94.0,395,112,12:35:58,2012-07-26
444920,112790,-95.333336,395,112,12:36:15,2012-07-26
444930,112790,-95.75,395,112,12:36:17,2012-07-26
445010,112790,-95.25,395,112,12:36:24,2012-07-26
445015,112790,-96.0,395,112,12:36:24,2012-07-26
444900,112795,-95.0,395,112,12:36:14,2012-07-26
444910,112795,-95.0,395,112,12:36:14,2012-07-26
445025,112795,-96.0,395,112,12:36:25,2012-07-26
445070,112795,-98.0,395,112,12:36:31,2012-07-26
445075,112795,-98.0,395,112,12:36:31,2012-07-26
445085,112795,-98.0,395,112,12:36:32,2012-07-26
445100,112795,-98.0,395,112,12:36:34,2012-07-26
445140,112795,-98.0,395,112,12:36:38,2012-07-26
445520,112795,-92.0,395,112,12:37:47,2012-07-26
444745,112800,-94.0,395,112,12:35:59,2012-07-26
444895,112800,-95.0,395,112,12:36:13,2012-07-26
445030,112800,-96.0,395,112,12:36:26,2012-07-26
445035,112800,-96.0,395,112,12:36:26,2012-07-26
445045,112800,-96.25,395,112,12:36:28,2012-07-26
445050,112800,-97.0,395,112,12:36:29,2012-07-26
445055,112800,-97.25,395,112,12:36:29,2012-07-26
445060,112800,-98.0,395,112,12:36:30,2012-07-26
445135,112800,-98.0,395,112,12:36:37,2012-07-26
445520,112800,-92.0,395,112,12:37:46,2012-07-26
445525,112800,-89.666664,395,112,12:37:26,2012-07-26
444755,112805,-94.25,395,112,12:36:00,2012-07-26
445530,112805,-85.0,395,112,12:37:27,2012-07-26
444765,112810,-94.800003,395,112,12:36:01,2012-07-26
444885,112810,-95.0,395,112,12:36:12,2012-07-26
444775,112815,-94.0,395,112,12:36:02,2012-07-26
444785,112815,-94.0,395,112,12:36:03,2012-07-26
444795,112815,-94.0,395,112,12:36:04,2012-07-26
444800,112815,-94.0,395,112,12:36:05,2012-07-26
444825,112815,-94.0,395,112,12:36:06,2012-07-26
444870,112815,-93.400002,395,112,12:36:10,2012-07-26
445535,112815,-89.599998,395,112,12:37:45,2012-07-26
445545,112815,-85.0,395,112,12:37:28,2012-07-26
444835,112820,-94.0,395,112,12:36:06,2012-07-26
444840,112820,-94.0,395,112,12:36:07,2012-07-26
444855,112820,-93.5,395,112,12:36:08,2012-07-26
444865,112820,-93.0,395,112,12:36:10,2012-07-26
445540,112820,-89.599998,395,112,12:37:43,2012-07-26
445545,112820,-90.0,395,112,12:37:43,2012-07-26
445555,112820,-85.0,395,112,12:37:29,2012-07-26
445555,112825,-90.0,395,112,12:37:42,2012-07-26
445565,112825,-86.666664,395,112,12:37:29,2012-07-26
445570,112825,-92.199997,395,112,12:37:39,2012-07-26
445580,112825,-92.199997,395,112,12:37:31,2012-07-26
445585,112825,-91.0,395,112,12:37:32,2012-07-26
445590,112825,-93.0,395,112,12:37:36,2012-07-26
445565,112830,-90.75,395,112,12:37:41,2012-07-26
443685,113070,-88.36364,395,112,12:32:45,2012-07-26
443680,113075,-89.0,395,112,12:32:45,2012-07-26
443675,113080,-89.0,395,112,12:32:44,2012-07-26
443670,113085,-90.0,395,112,12:32:43,2012-07-26
443675,113085,-89.599998,395,112,12:32:44,2012-07-26
443670,113090,-90.0,395,112,12:32:42,2012-07-26
443670,113095,-90.0,395,112,12:32:42,2012-07-26
443805,113095,-97.0,395,112,12:33:56,2012-07-26
443665,113100,-90.0,395,112,12:32:42,2012-07-26
443670,113100,-90.0,395,112,12:32:42,2012-07-26
443665,113105,-90.0,395,112,12:32:41,2012-07-26
443805,113105,-97.0,395,112,12:33:57,2012-07-26
443665,113110,-90.0,395,112,12:32:40,2012-07-26
443665,113115,-90.0,395,112,12:32:40,2012-07-26
443810,113120,-97.25,395,112,12:33:59,2012-07-26
443810,113150,-98.333336,395,112,12:34:02,2012-07-26
443810,113160,-99.0,395,112,12:34:02,2012-07-26
443655,113165,-92.0,395,112,12:32:35,2012-07-26
443810,113165,-99.666664,395,112,12:34:03,2012-07-26
443650,113170,-92.0,395,112,12:32:35,2012-07-26
443650,113175,-92.0,395,112,12:32:35,2012-07-26
443640,113180,-92.0,395,112,12:32:34,2012-07-26
443810,113185,-101.66666,395,112,12:34:04,2012-07-26
443810,113195,-103.33334,395,112,12:34:06,2012-07-26
443635,113205,-92.0,395,112,12:32:32,2012-07-26
443815,113205,-104.33334,395,112,12:34:07,2012-07-26
443635,113210,-92.0,395,112,12:32:31,2012-07-26
443635,113215,-92.0,395,112,12:32:31,2012-07-26
443820,113215,-105.0,395,112,12:34:08,2012-07-26
443635,113220,-92.0,395,112,12:32:30,2012-07-26
443825,113220,-105.0,395,112,12:34:09,2012-07-26
443630,113225,-94.25,395,112,12:32:30,2012-07-26
443630,113235,-95.0,395,112,12:32:29,2012-07-26
443630,113245,-95.0,395,112,12:32:28,2012-07-26
443635,113255,-95.0,395,112,12:32:28,2012-07-26
443635,113260,-95.0,395,112,12:32:27,2012-07-26
443635,113265,-95.0,395,112,12:32:26,2012-07-26
443635,113270,-95.0,395,112,12:32:26,2012-07-26
443635,113275,-95.0,395,112,12:32:25,2012-07-26
443635,113280,-95.0,395,112,12:32:25,2012-07-26
443635,113285,-95.0,395,112,12:32:24,2012-07-26
442810,113335,-86.0,395,112,12:30:10,2012-07-26
442810,113340,-86.0,395,112,12:30:09,2012-07-26
442810,113345,-86.0,395,112,12:30:09,2012-07-26
442810,113350,-86.0,395,112,12:30:09,2012-07-26
442810,113355,-86.0,395,112,12:30:08,2012-07-26
442810,113375,-85.25,395,112,12:30:06,2012-07-26
442810,113380,-85.0,395,112,12:30:06,2012-07-26
442805,113385,-86.5,395,112,12:30:05,2012-07-26
442805,113395,-87.0,395,112,12:30:04,2012-07-26
442805,113400,-86.25,395,112,12:30:04,2012-07-26
442805,113405,-86.0,395,112,12:30:03,2012-07-26
442800,113410,-86.0,395,112,12:30:03,2012-07-26
442800,113415,-86.666664,395,112,12:30:02,2012-07-26
442795,113425,-87.0,395,112,12:30:01,2012-07-26
442795,113430,-87.75,395,112,12:30:01,2012-07-26
442790,113435,-88.0,395,112,12:30:00,2012-07-26
442790,113445,-88.0,395,112,12:29:59,2012-07-26
442790,113450,-88.0,395,112,12:29:59,2012-07-26
442790,113460,-87.25,395,112,12:29:58,2012-07-26
442795,113465,-87.0,395,112,12:29:57,2012-07-26
442795,113470,-87.0,395,112,12:29:57,2012-07-26
442795,113475,-86.199997,395,112,12:29:56,2012-07-26
442795,113480,-86.0,395,112,12:29:56,2012-07-26
442800,113485,-86.0,395,112,12:29:56,2012-07-26
442800,113490,-86.0,395,112,12:29:55,2012-07-26
442800,113495,-83.599998,395,112,12:29:55,2012-07-26
442810,113515,-83.0,395,112,12:29:54,2012-07-26
442815,113525,-83.0,395,112,12:29:53,2012-07-26
442820,113535,-83.0,395,112,12:29:52,2012-07-26
442820,113540,-83.75,395,112,12:29:51,2012-07-26
442815,113555,-84.0,395,112,12:29:50,2012-07-26
442815,113560,-84.0,395,112,12:29:49,2012-07-26
442815,113565,-84.0,395,112,12:29:49,2012-07-26
442815,113570,-84.0,395,112,12:29:48,2012-07-26
442810,113575,-86.400002,395,112,12:29:48,2012-07-26
442810,113580,-87.0,395,112,12:29:48,2012-07-26
442810,113585,-87.0,395,112,12:29:47,2012-07-26
442810,113590,-88.5,395,112,12:29:47,2012-07-26
442810,113595,-89.0,395,112,12:29:46,2012-07-26
442810,113600,-89.75,395,112,12:29:45,2012-07-26
442810,113605,-90.0,395,112,12:29:44,2012-07-26
442810,113615,-91.5,395,112,12:29:44,2012-07-26
442810,113620,-92.0,395,112,12:29:43,2012-07-26
442810,113630,-92.666664,395,112,12:29:42,2012-07-26
442810,113635,-93.0,395,112,12:29:42,2012-07-26
442810,113645,-92.25,395,112,12:29:41,2012-07-26
442805,113655,-92.0,395,112,12:29:40,2012-07-26
442805,113660,-91.25,395,112,12:29:40,2012-07-26
442810,113665,-91.0,395,112,12:29:39,2012-07-26
442810,113675,-91.75,395,112,12:29:38,2012-07-26
442810,113680,-92.0,395,112,12:29:37,2012-07-26
442815,113690,-90.800003,395,112,12:29:37,2012-07-26
442815,113700,-90.0,395,112,12:29:36,2012-07-26
442820,113705,-90.0,395,112,12:29:35,2012-07-26
442830,113730,-88.800003,395,112,12:29:34,2012-07-26
442835,113745,-88.599998,395,112,12:29:32,2012-07-26
442835,113750,-89.0,395,112,12:29:32,2012-07-26
442840,113760,-88.333336,395,112,12:29:31,2012-07-26
442840,113775,-88.75,395,112,12:29:30,2012-07-26
442835,113785,-89.0,395,112,12:29:29,2012-07-26
442835,113795,-87.400002,395,112,12:29:28,2012-07-26
442835,113800,-88.333336,395,112,12:29:27,2012-07-26
442835,113815,-87.666664,395,112,12:29:25,2012-07-26
442840,113830,-87.0,395,112,12:29:24,2012-07-26
442840,113840,-86.400002,395,112,12:29:23,2012-07-26
442835,113850,-86.0,395,112,12:29:22,2012-07-26
442830,113865,-88.5,395,112,12:29:21,2012-07-26
442825,113875,-92.199997,395,112,12:29:19,2012-07-26
442820,113885,-93.0,395,112,12:29:19,2012-07-26
442810,113895,-93.0,395,112,12:29:18,2012-07-26
442805,113905,-93.75,395,112,12:29:17,2012-07-26
442795,113915,-94.0,395,112,12:29:16,2012-07-26
441760,113925,-97.0,395,112,12:26:31,2012-07-26
441765,113925,-97.0,395,112,12:26:31,2012-07-26
442790,113925,-94.0,395,112,12:29:15,2012-07-26
441750,113930,-97.0,395,112,12:26:29,2012-07-26
441755,113930,-97.0,395,112,12:26:30,2012-07-26
441745,113935,-97.0,395,112,12:26:29,2012-07-26
442785,113935,-92.5,395,112,12:29:14,2012-07-26
441735,113940,-97.0,395,112,12:26:27,2012-07-26
441740,113940,-97.0,395,112,12:26:28,2012-07-26
441730,113945,-97.0,395,112,12:26:26,2012-07-26
442775,113945,-90.800003,395,112,12:29:13,2012-07-26
441720,113950,-97.0,395,112,12:26:26,2012-07-26
441725,113950,-97.0,395,112,12:26:26,2012-07-26
441705,113955,-97.0,395,112,12:26:24,2012-07-26
441710,113955,-97.0,395,112,12:26:24,2012-07-26
441715,113955,-97.0,395,112,12:26:25,2012-07-26
442770,113955,-90.0,395,112,12:29:11,2012-07-26
441695,113960,-96.0,395,112,12:26:23,2012-07-26
441700,113960,-96.333336,395,112,12:26:23,2012-07-26
441685,113965,-96.0,395,112,12:26:22,2012-07-26
441690,113965,-96.0,395,112,12:26:22,2012-07-26
442760,113965,-90.0,395,112,12:29:11,2012-07-26
441680,113970,-96.0,395,112,12:26:21,2012-07-26
441685,113970,-96.0,395,112,12:26:21,2012-07-26
442750,113970,-90.75,395,112,12:29:10,2012-07-26
441675,113975,-96.0,395,112,12:26:20,2012-07-26
442745,113980,-90.400002,395,112,12:29:09,2012-07-26
442735,113985,-90.0,395,112,12:29:08,2012-07-26
442735,113990,-90.0,395,112,12:29:07,2012-07-26
442730,113995,-90.0,395,112,12:29:07,2012-07-26
442725,114000,-90.0,395,112,12:29:06,2012-07-26
441965,114005,-97.0,395,112,12:26:59,2012-07-26
442725,114005,-90.0,395,112,12:29:05,2012-07-26
442720,114010,-92.25,395,112,12:29:04,2012-07-26
441965,114020,-97.0,395,112,12:27:00,2012-07-26
442715,114020,-93.0,395,112,12:29:04,2012-07-26
442715,114025,-90.75,395,112,12:29:03,2012-07-26
442710,114035,-90.75,395,112,12:29:01,2012-07-26
441965,114045,-97.5,395,112,12:27:03,2012-07-26
442705,114045,-91.0,395,112,12:29:01,2012-07-26
441970,114050,-99.0,395,112,12:27:04,2012-07-26
441970,114055,-99.0,395,112,12:27:04,2012-07-26
442700,114055,-91.75,395,112,12:29:00,2012-07-26
442695,114070,-92.75,395,112,12:28:59,2012-07-26
442695,114080,-93.0,395,112,12:28:58,2012-07-26
442085,114090,-94.830185,395,112,12:27:37,2012-07-26
442690,114090,-92.25,395,112,12:28:57,2012-07-26
442085,114095,-97.333336,395,112,12:27:33,2012-07-26
442090,114095,-95.75,395,112,12:27:46,2012-07-26
442100,114095,-95.0,395,112,12:27:48,2012-07-26
442690,114095,-92.0,395,112,12:28:57,2012-07-26
442085,114100,-96.333336,395,112,12:27:30,2012-07-26
442110,114100,-95.0,395,112,12:27:49,2012-07-26
442115,114100,-95.571426,395,112,12:27:49,2012-07-26
442085,114105,-96.0,395,112,12:27:25,2012-07-26
442120,114105,-96.0,395,112,12:27:51,2012-07-26
442690,114105,-93.5,395,112,12:28:56,2012-07-26
442125,114110,-96.0,395,112,12:27:52,2012-07-26
442135,114110,-96.0,395,112,12:27:53,2012-07-26
442140,114115,-96.400002,395,112,12:27:54,2012-07-26
442685,114115,-94.0,395,112,12:28:55,2012-07-26
442145,114120,-97.0,395,112,12:27:54,2012-07-26
442150,114125,-97.666664,395,112,12:27:55,2012-07-26
442685,114125,-94.0,395,112,12:28:54,2012-07-26
442160,114130,-99.0,395,112,12:27:57,2012-07-26
442685,114130,-94.0,395,112,12:28:54,2012-07-26
442170,114140,-101.0,395,112,12:27:58,2012-07-26
442680,114140,-93.25,395,112,12:28:53,2012-07-26
442175,114145,-101.0,395,112,12:27:58,2012-07-26
442675,114145,-93.0,395,112,12:28:52,2012-07-26
442180,114150,-100.75,395,112,12:27:59,2012-07-26
442185,114150,-100.0,395,112,12:28:00,2012-07-26
442675,114150,-91.5,395,112,12:28:52,2012-07-26
442190,114155,-99.75,395,112,12:28:01,2012-07-26
442320,114155,-98.0,395,112,12:28:13,2012-07-26
442325,114155,-97.75,395,112,12:28:13,2012-07-26
442330,114155,-97.0,395,112,12:28:14,2012-07-26
442200,114160,-99.0,395,112,12:28:01,2012-07-26
442205,114160,-99.0,395,112,12:28:02,2012-07-26
442290,114160,-96.0,395,112,12:28:11,2012-07-26
442300,114160,-96.0,395,112,12:28:11,2012-07-26
442310,114160,-96.800003,395,112,12:28:12,2012-07-26
442340,114160,-97.333336,395,112,12:28:15,2012-07-26
442350,114160,-98.0,395,112,12:28:16,2012-07-26
442360,114160,-98.0,395,112,12:28:16,2012-07-26
442370,114160,-98.0,395,112,12:28:18,2012-07-26
442220,114165,-97.800003,395,112,12:28:04,2012-07-26
442225,114165,-96.0,395,112,12:28:04,2012-07-26
442230,114165,-96.0,395,112,12:28:05,2012-07-26
442245,114165,-96.0,395,112,12:28:06,2012-07-26
442275,114165,-96.0,395,112,12:28:09,2012-07-26
442385,114165,-97.833336,395,112,12:28:19,2012-07-26
442395,114165,-97.0,395,112,12:28:20,2012-07-26
442655,114165,-89.0,395,112,12:28:49,2012-07-26
442660,114165,-89.0,395,112,12:28:49,2012-07-26
442665,114165,-89.5,395,112,12:28:50,2012-07-26
442255,114170,-96.0,395,112,12:28:07,2012-07-26
442260,114170,-96.0,395,112,12:28:08,2012-07-26
442265,114170,-96.0,395,112,12:28:09,2012-07-26
442270,114170,-96.0,395,112,12:28:09,2012-07-26
442405,114170,-97.0,395,112,12:28:21,2012-07-26
442640,114170,-85.666664,395,112,12:28:47,2012-07-26
442645,114170,-87.0,395,112,12:28:48,2012-07-26
442650,114170,-87.333336,395,112,12:28:49,2012-07-26
442655,114170,-89.0,395,112,12:28:49,2012-07-26
442420,114175,-96.75,395,112,12:28:22,2012-07-26
442425,114175,-96.0,395,112,12:28:23,2012-07-26
442615,114175,-86.0,395,112,12:28:45,2012-07-26
442625,114175,-85.75,395,112,12:28:46,2012-07-26
442435,114180,-96.0,395,112,12:28:23,2012-07-26
442440,114180,-96.25,395,112,12:28:25,2012-07-26
442605,114180,-89.0,395,112,12:28:44,2012-07-26
442610,114180,-88.25,395,112,12:28:45,2012-07-26
442450,114185,-97.0,395,112,12:28:25,2012-07-26
442600,114185,-90.5,395,112,12:28:43,2012-07-26
442455,114190,-97.0,395,112,12:28:27,2012-07-26
442600,114190,-91.0,395,112,12:28:42,2012-07-26
442465,114195,-97.333336,395,112,12:28:28,2012-07-26
442595,114195,-93.0,395,112,12:28:42,2012-07-26
442475,114200,-98.199997,395,112,12:28:28,2012-07-26
442480,114205,-99.199997,395,112,12:28:30,2012-07-26
442495,114210,-100.0,395,112,12:28:31,2012-07-26
442500,114215,-100.25,395,112,12:28:32,2012-07-26
442510,114215,-100.8,395,112,12:28:33,2012-07-26
442530,114215,-100.0,395,112,12:28:34,2012-07-26
442535,114215,-100.4,395,112,12:28:35,2012-07-26
442545,114215,-100.5,395,112,12:28:36,2012-07-26
442580,114215,-97.333336,395,112,12:28:39,2012-07-26
442560,114220,-99.666664,395,112,12:28:37,2012-07-26
442565,114220,-99.0,395,112,12:28:38,2012-07-26
452635,122355,-69.0,395,112,18:43:03,2012-07-27
452645,122375,-65.333336,395,112,18:43:02,2012-07-27
452655,122400,-64.285713,395,112,18:43:01,2012-07-27
452660,122415,-63.400002,395,112,18:43:00,2012-07-27
452665,122430,-61.5,395,112,18:42:58,2012-07-27
452675,122450,-58.599998,395,112,18:42:57,2012-07-27
452685,122480,-55.5,395,112,18:42:56,2012-07-27
452700,122535,-51.599998,395,112,18:42:54,2012-07-27
452710,122555,-49.400002,395,112,18:42:52,2012-07-27
452715,122565,-49.0,395,112,18:42:51,2012-07-27
452720,122585,-49.0,395,112,18:42:51,2012-07-27
452720,122590,-49.0,395,112,18:42:51,2012-07-27
452725,122600,-49.0,395,112,18:42:50,2012-07-27
452730,122620,-49.0,395,112,18:42:49,2012-07-27
452735,122630,-49.0,395,112,18:42:49,2012-07-27
452740,122645,-49.0,395,112,18:42:48,2012-07-27
452745,122660,-49.0,395,112,18:42:47,2012-07-27
452755,122680,-49.0,395,112,18:42:46,2012-07-27
452760,122695,-49.0,395,112,18:42:46,2012-07-27
452760,122700,-49.0,395,112,18:42:45,2012-07-27
452765,122705,-49.0,395,112,18:42:45,2012-07-27
452765,122715,-49.0,395,112,18:42:45,2012-07-27
452770,122720,-48.25,395,112,18:42:44,2012-07-27
452770,122730,-48.0,395,112,18:42:44,2012-07-27
452775,122730,-48.0,395,112,18:42:44,2012-07-27
452780,122745,-47.25,395,112,18:42:43,2012-07-27
452790,122785,-46.25,395,112,18:42:42,2012-07-27
452795,122795,-46.0,395,112,18:42:41,2012-07-27
452800,122810,-46.0,395,112,18:42:40,2012-07-27
452805,122825,-46.0,395,112,18:42:39,2012-07-27
452810,122840,-45.25,395,112,18:42:39,2012-07-27
452815,122855,-45.0,395,112,18:42:38,2012-07-27
452825,122875,-43.5,395,112,18:42:37,2012-07-27
452830,122900,-42.25,395,112,18:42:36,2012-07-27
452835,122910,-42.0,395,112,18:42:35,2012-07-27
452840,122925,-41.25,395,112,18:42:35,2012-07-27
452845,122940,-41.0,395,112,18:42:34,2012-07-27
452845,122945,-41.0,395,112,18:42:34,2012-07-27
452850,122955,-41.0,395,112,18:42:33,2012-07-27
452850,122960,-41.0,395,112,18:42:33,2012-07-27
452855,122960,-40.25,395,112,18:42:33,2012-07-27
452855,122965,-40.0,395,112,18:42:33,2012-07-27
452855,122970,-40.0,395,112,18:42:33,2012-07-27
452860,122975,-40.0,395,112,18:42:32,2012-07-27
452860,122980,-40.0,395,112,18:42:32,2012-07-27
452860,122985,-40.0,395,112,18:42:32,2012-07-27
452860,122990,-40.0,395,112,18:42:32,2012-07-27
452865,122990,-55.0,395,112,18:42:32,2012-07-27
452865,123000,-60.0,395,112,18:42:31,2012-07-27
452870,123000,-60.0,395,112,18:42:31,2012-07-27
452875,123015,-60.0,395,112,18:42:30,2012-07-27
452880,123035,-60.0,395,112,18:42:30,2012-07-27
452880,123040,-60.0,395,112,18:42:29,2012-07-27
452885,123045,-60.0,395,112,18:42:29,2012-07-27
452885,123050,-60.0,395,112,18:42:29,2012-07-27
452145,123055,-52.0,395,112,18:14:59,2012-07-31
452890,123060,-60.0,395,112,18:42:28,2012-07-27
452150,123065,-52.0,395,112,18:15:00,2012-07-31
452155,123075,-52.0,395,112,18:15:02,2012-07-31
452895,123075,-60.0,395,112,18:42:27,2012-07-27
452155,123080,-52.0,395,112,18:15:02,2012-07-31
452895,123080,-60.0,395,112,18:42:27,2012-07-27
452155,123085,-52.0,395,112,18:15:03,2012-07-31
452160,123090,-52.0,395,112,18:15:03,2012-07-31
452900,123090,-60.0,395,112,18:42:27,2012-07-27
452165,123095,-52.0,395,112,18:15:04,2012-07-31
452165,123100,-53.75,395,112,18:15:05,2012-07-31
452175,123110,-58.666668,395,112,18:15:06,2012-07-31
452905,123110,-60.0,395,112,18:42:26,2012-07-27
452175,123115,-58.0,395,112,18:15:07,2012-07-31
452180,123120,-57.5,395,112,18:15:07,2012-07-31
452180,123125,-57.0,395,112,18:15:08,2012-07-31
452185,123130,-56.25,395,112,18:15:09,2012-07-31
452185,123135,-54.0,395,112,18:15:09,2012-07-31
452190,123135,-54.0,395,112,18:15:10,2012-07-31
452190,123140,-54.0,395,112,18:15:10,2012-07-31
452195,123140,-54.0,395,112,18:15:10,2012-07-31
452200,123155,-54.166668,395,112,18:15:12,2012-07-31
452200,123160,-55.0,395,112,18:15:12,2012-07-31
452205,123165,-55.0,395,112,18:15:12,2012-07-31
452205,123170,-55.5,395,112,18:15:13,2012-07-31
452215,123180,-57.599998,395,112,18:15:14,2012-07-31
452220,123190,-60.75,395,112,18:15:16,2012-07-31
452230,123205,-63.0,395,112,18:15:17,2012-07-31
452235,123215,-63.799999,395,112,18:15:17,2012-07-31
452240,123220,-65.0,395,112,18:15:18,2012-07-31
452245,123230,-65.0,395,112,18:15:19,2012-07-31
452255,123240,-65.444443,395,112,18:15:20,2012-07-31
451685,123440,-73.599998,395,112,18:08:27,2012-07-31
451680,123445,-72.0,395,112,18:08:26,2012-07-31
451680,123450,-69.0,395,112,18:08:25,2012-07-31
451675,123460,-66.0,395,112,18:08:24,2012-07-31
451675,123465,-65.0,395,112,18:08:24,2012-07-31
451670,123470,-64.199997,395,112,18:08:22,2012-07-31
451670,123480,-64.0,395,112,18:08:22,2012-07-31
451665,123485,-64.0,395,112,18:08:21,2012-07-31
451665,123490,-64.0,395,112,18:08:20,2012-07-31
451660,123495,-64.0,395,112,18:08:19,2012-07-31
451660,123505,-64.666664,395,112,18:08:17,2012-07-31
451655,123510,-64.5,395,112,18:08:16,2012-07-31
451650,123515,-64.0,395,112,18:08:15,2012-07-31
451650,123520,-63.333332,395,112,18:08:14,2012-07-31
451645,123525,-63.0,395,112,18:08:14,2012-07-31
451640,123530,-63.799999,395,112,18:08:13,2012-07-31
451635,123540,-62.5,395,112,18:08:12,2012-07-31
451630,123550,-62.0,395,112,18:08:11,2012-07-31
451625,123555,-60.0,395,112,18:08:10,2012-07-31
451615,123565,-56.75,395,112,18:08:09,2012-07-31
451605,123575,-55.0,395,112,18:08:07,2012-07-31
451600,123580,-50.75,395,112,18:08:06,2012-07-31
451590,123585,-50.0,395,112,18:08:05,2012-07-31
451580,123590,-49.333332,395,112,18:08:05,2012-07-31
451575,123595,-50.333332,395,112,18:08:03,2012-07-31
451560,123605,-51.666668,395,112,18:08:02,2012-07-31
451560,123610,-55.333332,395,112,18:08:00,2012-07-31
451555,123620,-57.5,395,112,18:07:59,2012-07-31
451550,123625,-58.0,395,112,18:07:59,2012-07-31
451550,123630,-58.0,395,112,18:07:58,2012-07-31
451550,123635,-59.200001,395,112,18:07:58,2012-07-31
451550,123640,-60.0,395,112,18:07:57,2012-07-31
451550,123650,-62.0,395,112,18:07:56,2012-07-31
451545,123660,-63.666668,395,112,18:07:55,2012-07-31
451540,123670,-64.0,395,112,18:07:54,2012-07-31
451540,123675,-61.75,395,112,18:07:53,2012-07-31
451535,123685,-61.0,395,112,18:07:53,2012-07-31
451530,123690,-59.5,395,112,18:07:52,2012-07-31
451515,123695,-59.666668,395,112,18:07:50,2012-07-31
451500,123700,-59.333332,395,112,18:07:49,2012-07-31
451485,123710,-60.5,395,112,18:07:48,2012-07-31
451475,123715,-63.25,395,112,18:07:46,2012-07-31
451470,123720,-64.0,395,112,18:07:46,2012-07-31
451455,123725,-68.166664,395,112,18:07:45,2012-07-31
451450,123730,-66.14286,395,112,18:07:43,2012-07-31
451445,123735,-64.0,395,112,18:07:43,2012-07-31
451435,123745,-64.0,395,112,18:07:41,2012-07-31
451425,123755,-64.0,395,112,18:07:40,2012-07-31
451420,123760,-64.0,395,112,18:07:39,2012-07-31
451415,123765,-64.0,395,112,18:07:38,2012-07-31
451405,123770,-64.0,395,112,18:07:38,2012-07-31
451310,123885,-72.0,395,112,18:07:14,2012-07-31
451300,123895,-72.0,395,112,18:07:13,2012-07-31
451300,123900,-73.333336,395,112,18:07:12,2012-07-31
451290,123910,-74.0,395,112,18:07:11,2012-07-31
451285,123920,-74.0,395,112,18:07:10,2012-07-31
451280,123925,-74.0,395,112,18:07:09,2012-07-31
451280,123930,-74.0,395,112,18:07:08,2012-07-31
451280,123935,-74.0,395,112,18:07:08,2012-07-31
451275,123940,-74.0,395,112,18:07:07,2012-07-31
451280,123940,-74.0,395,112,18:07:08,2012-07-31
451275,123945,-74.0,395,112,18:07:07,2012-07-31
451275,123950,-74.0,395,112,18:07:07,2012-07-31
452785,129455,-80.0,395,112,14:04:32,2012-07-31
452760,129460,-80.0,395,112,14:04:35,2012-07-31
452775,129460,-80.0,395,112,14:04:34,2012-07-31
452735,129470,-80.0,395,112,14:04:36,2012-07-31
452710,129475,-80.0,395,112,14:04:38,2012-07-31
452720,129475,-80.0,395,112,14:04:37,2012-07-31
452325,129735,-87.0,395,112,14:08:52,2012-07-31
452325,129745,-86.222221,395,112,14:08:50,2012-07-31
452320,129760,-85.400002,395,112,14:08:49,2012-07-31
452315,129765,-83.666664,395,112,14:08:48,2012-07-31
452310,129775,-83.0,395,112,14:08:47,2012-07-31
452310,129785,-82.333336,395,112,14:08:46,2012-07-31
452300,129805,-81.5,395,112,14:08:45,2012-07-31
452290,129830,-81.0,395,112,14:08:42,2012-07-31
452290,129845,-81.0,395,112,14:08:41,2012-07-31
452285,129855,-81.75,395,112,14:08:41,2012-07-31
452280,129865,-82.0,395,112,14:08:39,2012-07-31
452275,129875,-82.0,395,112,14:08:39,2012-07-31
452270,129900,-82.0,395,112,14:08:36,2012-07-31
452265,129910,-84.0,395,112,14:08:36,2012-07-31
452260,129925,-84.0,395,112,14:08:35,2012-07-31
452255,129940,-84.0,395,112,14:08:34,2012-07-31
452250,129950,-84.0,395,112,14:08:33,2012-07-31
452245,129970,-84.0,395,112,14:08:32,2012-07-31
452240,129980,-84.75,395,112,14:08:31,2012-07-31
452240,129990,-84.0,395,112,14:08:29,2012-07-31
454260,129995,-76.0,395,112,13:43:11,2012-07-31
452235,130000,-84.0,395,112,14:08:29,2012-07-31
454260,130000,-76.0,395,112,13:43:10,2012-07-31
452230,130015,-84.0,395,112,14:08:28,2012-07-31
454265,130020,-78.0,395,112,13:43:09,2012-07-31
452230,130025,-84.0,395,112,14:08:27,2012-07-31
452225,130035,-84.0,395,112,14:08:25,2012-07-31
452225,130040,-84.0,395,112,14:08:25,2012-07-31
454265,130040,-78.666664,395,112,13:43:07,2012-07-31
452225,130045,-84.0,395,112,14:08:25,2012-07-31
454265,130050,-78.25,395,112,13:43:06,2012-07-31
452225,130055,-84.0,395,112,14:08:24,2012-07-31
454270,130055,-78.0,395,112,13:43:05,2012-07-31
454270,130060,-78.0,395,112,13:43:04,2012-07-31
454330,130060,-70.0,395,112,13:42:50,2012-07-31
454345,130060,-70.0,395,112,13:42:49,2012-07-31
452220,130065,-85.0,395,112,14:08:23,2012-07-31
454270,130065,-78.0,395,112,13:43:03,2012-07-31
454305,130065,-70.0,395,112,13:42:52,2012-07-31
454315,130065,-70.0,395,112,13:42:51,2012-07-31
454275,130070,-78.0,395,112,13:43:02,2012-07-31
454295,130070,-78.25,395,112,13:42:54,2012-07-31
454305,130070,-70.0,395,112,13:42:53,2012-07-31
452220,130075,-85.0,395,112,14:08:22,2012-07-31
454290,130075,-82.0,395,112,13:42:56,2012-07-31
452220,130090,-85.666664,395,112,14:08:21,2012-07-31
452215,130105,-86.0,395,112,14:08:19,2012-07-31
452215,130115,-86.0,395,112,14:08:19,2012-07-31
452215,130120,-86.0,395,112,14:08:18,2012-07-31
452210,130140,-86.0,395,112,14:08:17,2012-07-31
452210,130150,-86.75,395,112,14:08:15,2012-07-31
452210,130165,-87.0,395,112,14:08:15,2012-07-31
452205,130170,-85.666664,395,112,14:08:14,2012-07-31
452200,130190,-85.0,395,112,14:08:12,2012-07-31
452200,130195,-85.0,395,112,14:08:12,2012-07-31
452195,130210,-85.0,395,112,14:08:11,2012-07-31
452195,130220,-85.0,395,112,14:08:10,2012-07-31
452460,130225,-85.0,395,112,13:21:13,2012-07-31
452460,130230,-86.5,395,112,13:21:12,2012-07-31
452455,130235,-88.0,395,112,13:21:12,2012-07-31
452455,130240,-88.0,395,112,13:21:12,2012-07-31
452190,130245,-85.0,395,112,14:08:09,2012-07-31
452455,130245,-88.0,395,112,13:21:11,2012-07-31
452860,130245,-72.0,395,112,13:36:53,2012-07-31
452185,130250,-85.0,395,112,14:08:08,2012-07-31
452455,130255,-88.75,395,112,13:21:10,2012-07-31
452455,130260,-89.0,395,112,13:21:10,2012-07-31
452865,130260,-72.85714,395,112,13:36:53,2012-07-31
452185,130265,-85.0,395,112,14:08:07,2012-07-31
452875,130270,-73.0,395,112,13:36:51,2012-07-31
452455,130275,-89.0,395,112,13:21:08,2012-07-31
452180,130280,-85.0,395,112,14:08:07,2012-07-31
452880,130285,-74.199997,395,112,13:36:50,2012-07-31
452450,130295,-89.666664,395,112,13:21:07,2012-07-31
452880,130300,-75.0,395,112,13:36:49,2012-07-31
452445,130305,-90.0,395,112,13:21:06,2012-07-31
452440,130310,-90.0,395,112,13:21:06,2012-07-31
452880,130315,-74.199997,395,112,13:36:48,2012-07-31
452430,130320,-90.0,395,112,13:21:05,2012-07-31
452425,130325,-89.25,395,112,13:21:04,2012-07-31
452880,130330,-74.0,395,112,13:36:47,2012-07-31
452410,130335,-87.666664,395,112,13:21:03,2012-07-31
452880,130345,-74.0,395,112,13:36:46,2012-07-31
452395,130350,-87.0,395,112,13:21:02,2012-07-31
452400,130350,-87.0,395,112,13:21:02,2012-07-31
452390,130355,-87.0,395,112,13:21:01,2012-07-31
452880,130360,-74.0,395,112,13:36:45,2012-07-31
452380,130365,-87.0,395,112,13:21:00,2012-07-31
452380,130370,-87.0,395,112,13:21:00,2012-07-31
452880,130375,-74.0,395,112,13:36:44,2012-07-31
452365,130390,-87.0,395,112,13:20:58,2012-07-31
452880,130390,-72.5,395,112,13:36:43,2012-07-31
452360,130395,-87.0,395,112,13:20:58,2012-07-31
452345,130405,-87.0,395,112,13:20:57,2012-07-31
452880,130405,-71.0,395,112,13:36:41,2012-07-31
452335,130410,-87.0,395,112,13:20:56,2012-07-31
452330,130415,-87.0,395,112,13:20:56,2012-07-31
452880,130415,-71.0,395,112,13:36:41,2012-07-31
452880,130425,-70.25,395,112,13:36:40,2012-07-31
452880,130435,-70.0,395,112,13:36:39,2012-07-31
452880,130445,-70.0,395,112,13:36:39,2012-07-31
452880,130450,-68.0,395,112,13:36:39,2012-07-31
452875,130465,-68.0,395,112,13:36:38,2012-07-31
452875,130470,-68.0,395,112,13:36:37,2012-07-31
452875,130475,-68.0,395,112,13:36:37,2012-07-31
452875,130485,-68.0,395,112,13:36:37,2012-07-31
452875,130490,-72.0,395,112,13:31:05,2012-07-31
452875,130495,-68.0,395,112,13:36:36,2012-07-31
452875,130500,-68.199997,395,112,13:36:36,2012-07-31
452875,130515,-67.0,395,112,13:36:35,2012-07-31
452875,130520,-72.0,395,112,13:31:06,2012-07-31
452875,130525,-67.400002,395,112,13:36:34,2012-07-31
452870,130535,-66.0,395,112,13:36:34,2012-07-31
452870,130540,-72.0,395,112,13:31:07,2012-07-31
452870,130545,-66.0,395,112,13:36:33,2012-07-31
452870,130550,-72.0,395,112,13:31:08,2012-07-31
452870,130555,-66.0,395,112,13:36:32,2012-07-31
452870,130560,-72.0,395,112,13:31:09,2012-07-31
452870,130565,-66.0,395,112,13:36:32,2012-07-31
452870,130570,-67.666664,395,112,13:36:31,2012-07-31
452870,130580,-67.0,395,112,13:36:31,2012-07-31
452870,130585,-71.25,395,112,13:31:10,2012-07-31
452870,130595,-66.800003,395,112,13:36:30,2012-07-31
452870,130605,-69.333336,395,112,13:31:12,2012-07-31
452875,130605,-66.0,395,112,13:36:29,2012-07-31
452870,130610,-66.75,395,112,13:36:29,2012-07-31
452870,130615,-70.0,395,112,13:31:12,2012-07-31
452870,130620,-70.25,395,112,13:31:13,2012-07-31
452870,130625,-67.0,395,112,13:36:28,2012-07-31
452870,130630,-67.666664,395,112,13:36:27,2012-07-31
452865,130635,-67.0,395,112,13:36:26,2012-07-31
452865,130640,-67.0,395,112,13:36:26,2012-07-31
452870,130640,-71.25,395,112,13:31:14,2012-07-31
452865,130645,-67.666664,395,112,13:36:26,2012-07-31
452860,130650,-68.0,395,112,13:36:26,2012-07-31
452865,130650,-70.0,395,112,13:36:26,2012-07-31
452860,130655,-68.0,395,112,13:36:25,2012-07-31
452860,130660,-70.0,395,112,13:36:25,2012-07-31
452855,130665,-68.75,395,112,13:36:24,2012-07-31
452860,130665,-70.0,395,112,13:31:17,2012-07-31
452450,130670,-67.0,395,112,13:21:56,2012-07-31
452860,130670,-70.0,395,112,13:31:17,2012-07-31
452855,130675,-69.0,395,112,13:36:24,2012-07-31
452855,130680,-70.0,395,112,13:31:17,2012-07-31
452850,130685,-69.75,395,112,13:36:23,2012-07-31
452855,130685,-70.0,395,112,13:31:18,2012-07-31
452450,130690,-67.0,395,112,13:21:57,2012-07-31
452850,130690,-70.0,395,112,13:36:22,2012-07-31
452850,130695,-70.0,395,112,13:31:19,2012-07-31
452450,130700,-67.0,395,112,13:21:57,2012-07-31
452850,130700,-67.599998,395,112,13:36:21,2012-07-31
452850,130705,-69.444443,395,112,13:36:20,2012-07-31
452450,130710,-67.0,395,112,13:21:58,2012-07-31
452850,130710,-67.0,395,112,13:36:19,2012-07-31
452850,130715,-67.0,395,112,13:36:17,2012-07-31
452450,130720,-67.0,395,112,13:21:58,2012-07-31
452845,130720,-67.0,395,112,13:36:17,2012-07-31
452850,130720,-72.0,395,112,13:31:21,2012-07-31
452450,130725,-67.0,395,112,13:21:58,2012-07-31
452845,130730,-67.0,395,112,13:36:16,2012-07-31
452850,130730,-72.0,395,112,13:31:22,2012-07-31
452450,130740,-67.0,395,112,13:22:00,2012-07-31
452845,130740,-71.428574,395,112,13:31:23,2012-07-31
452840,130760,-71.0,395,112,13:31:24,2012-07-31
452455,130775,-67.800003,395,112,13:22:02,2012-07-31
452835,130775,-71.666664,395,112,13:31:27,2012-07-31
452460,130800,-69.5,395,112,13:22:03,2012-07-31
452820,130810,-72.599998,395,112,13:31:29,2012-07-31
452815,130820,-72.0,395,112,13:31:30,2012-07-31
452460,130825,-70.0,395,112,13:22:04,2012-07-31
452805,130835,-72.25,395,112,13:31:31,2012-07-31
452800,130845,-74.0,395,112,13:31:33,2012-07-31
452795,130860,-75.75,395,112,13:31:34,2012-07-31
452790,130865,-75.599998,395,112,13:31:35,2012-07-31
452790,130875,-78.599998,395,112,13:31:36,2012-07-31
452705,131165,-78.0,395,112,13:35:04,2012-07-31
452705,131175,-78.0,395,112,13:35:03,2012-07-31
452705,131180,-78.75,395,112,13:35:03,2012-07-31
452710,131200,-81.0,395,112,13:35:00,2012-07-31
452710,131225,-79.0,395,112,13:34:58,2012-07-31
452715,131235,-79.0,395,112,13:34:58,2012-07-31
452715,131245,-79.0,395,112,13:34:57,2012-07-31
452720,131255,-78.0,395,112,13:34:56,2012-07-31
452720,131260,-78.0,395,112,13:34:56,2012-07-31
452720,131265,-78.0,395,112,13:34:55,2012-07-31
452720,131270,-78.0,395,112,13:34:55,2012-07-31
452725,131275,-78.0,395,112,13:34:54,2012-07-31
452725,131280,-76.666664,395,112,13:34:54,2012-07-31
452725,131285,-76.0,395,112,13:34:53,2012-07-31
452725,131295,-76.75,395,112,13:34:53,2012-07-31
452690,131300,-74.599998,395,112,13:34:38,2012-07-31
452695,131300,-74.25,395,112,13:34:40,2012-07-31
452685,131305,-75.0,395,112,13:34:38,2012-07-31
452705,131305,-75.599998,395,112,13:34:41,2012-07-31
452725,131305,-77.0,395,112,13:34:52,2012-07-31
452680,131310,-75.800003,395,112,13:34:37,2012-07-31
452710,131310,-76.5,395,112,13:34:43,2012-07-31
452730,131310,-79.0,395,112,13:34:50,2012-07-31
452680,131315,-76.0,395,112,13:34:36,2012-07-31
452710,131315,-78.5,395,112,13:34:44,2012-07-31
452730,131315,-79.400002,395,112,13:34:50,2012-07-31
452680,131320,-76.0,395,112,13:34:34,2012-07-31
452685,131325,-76.0,395,112,13:34:34,2012-07-31
452720,131325,-80.666664,395,112,13:34:46,2012-07-31
452725,131325,-80.75,395,112,13:34:48,2012-07-31
452700,131330,-76.0,395,112,13:33:00,2012-07-31
452705,131330,-76.599998,395,112,13:32:59,2012-07-31
452730,131330,-78.0,395,112,13:32:46,2012-07-31
452685,131335,-76.75,395,112,13:34:33,2012-07-31
452685,131340,-76.5,395,112,13:34:31,2012-07-31
452695,131340,-76.0,395,112,13:33:03,2012-07-31
452685,131345,-76.0,395,112,13:34:31,2012-07-31
452715,131345,-77.800003,395,112,13:32:57,2012-07-31
452720,131345,-78.0,395,112,13:32:56,2012-07-31
452730,131345,-78.0,395,112,13:32:48,2012-07-31
452695,131350,-76.0,395,112,13:33:05,2012-07-31
452720,131350,-80.0,395,112,13:32:55,2012-07-31
452730,131350,-78.0,395,112,13:32:48,2012-07-31
452685,131355,-77.5,395,112,13:34:30,2012-07-31
452695,131355,-76.400002,395,112,13:33:06,2012-07-31
452725,131355,-81.0,395,112,13:32:52,2012-07-31
452730,131355,-78.0,395,112,13:32:49,2012-07-31
452680,131365,-78.0,395,112,13:34:29,2012-07-31
452695,131365,-77.5,395,112,13:33:07,2012-07-31
452670,131375,-78.0,395,112,13:34:27,2012-07-31
452695,131375,-78.85714,395,112,13:33:08,2012-07-31
452655,131380,-78.0,395,112,13:34:25,2012-07-31
452660,131380,-78.0,395,112,13:34:26,2012-07-31
452695,131380,-80.0,395,112,13:33:10,2012-07-31
452645,131385,-78.0,395,112,13:34:24,2012-07-31
452635,131390,-78.0,395,112,13:34:23,2012-07-31
452775,131915,-75.0,395,112,13:25:04,2012-07-31
452790,131920,-75.0,395,112,13:25:05,2012-07-31
452795,131925,-75.0,395,112,13:25:06,2012-07-31
452800,131925,-75.0,395,112,13:25:06,2012-07-31
452805,131930,-75.0,395,112,13:25:07,2012-07-31
452815,131935,-75.0,395,112,13:25:08,2012-07-31
452820,131940,-75.375,395,112,13:25:08,2012-07-31
452825,131945,-78.0,395,112,13:25:09,2012-07-31
452830,131950,-77.428574,395,112,13:25:10,2012-07-31
