452105,121475,-73.0,1288,667,18:48:01,2012-07-27
452110,121485,-73.0,1288,667,18:48:00,2012-07-27
452120,121500,-73.666664,1288,667,18:47:59,2012-07-27
452125,121505,-71.5,1288,667,18:47:58,2012-07-27
452145,121530,-68.25,1288,667,18:47:56,2012-07-27
452145,121540,-66.5,1288,667,18:47:55,2012-07-27
452155,121550,-66.0,1288,667,18:47:54,2012-07-27
452160,121560,-66.833336,1288,667,18:47:53,2012-07-27
452165,121570,-65.199997,1288,667,18:47:52,2012-07-27
452170,121580,-64.0,1288,667,18:47:52,2012-07-27
452175,121585,-66.400002,1288,667,18:47:50,2012-07-27
452180,121595,-67.599998,1288,667,18:47:49,2012-07-27
452180,121600,-68.0,1288,667,18:47:49,2012-07-27
452180,121605,-70.25,1288,667,18:47:48,2012-07-27
452175,121610,-71.0,1288,667,18:47:47,2012-07-27
452170,121615,-63.302326,1288,667,18:47:10,2012-07-27
452190,121615,-69.199997,1288,667,18:44:45,2012-07-27
452170,121620,-69.199997,1288,667,18:44:49,2012-07-27
452175,121620,-69.666664,1288,667,18:44:47,2012-07-27
452195,121620,-67.800003,1288,667,18:44:44,2012-07-27
452160,121625,-70.0,1288,667,18:44:49,2012-07-27
452200,121625,-68.428574,1288,667,18:44:40,2012-07-27
452150,121630,-70.0,1288,667,18:44:50,2012-07-27
452200,121630,-67.25,1288,667,18:44:39,2012-07-27
452205,121630,-69.173912,1288,667,18:44:33,2012-07-27
452220,121650,-72.0,1288,667,18:44:12,2012-07-27
452225,121660,-72.0,1288,667,18:44:11,2012-07-27
452230,121665,-72.0,1288,667,18:44:11,2012-07-27
452245,121680,-71.0,1288,667,18:44:09,2012-07-27
452250,121685,-71.0,1288,667,18:44:08,2012-07-27
452260,121700,-71.0,1288,667,18:44:08,2012-07-27
452285,121740,-72.0,1288,667,18:44:04,2012-07-27
452290,121750,-72.0,1288,667,18:44:03,2012-07-27
451820,121775,-64.0,1288,667,17:10:52,2012-07-31
451820,121780,-64.0,1288,667,17:10:52,2012-07-31
452330,121810,-69.0,1288,667,18:43:59,2012-07-27
452340,121825,-69.0,1288,667,18:43:58,2012-07-27
452350,121835,-69.0,1288,667,18:43:57,2012-07-27
452355,121845,-69.0,1288,667,18:43:56,2012-07-27
452390,121895,-63.0,1288,667,18:43:52,2012-07-27
452400,121910,-63.0,1288,667,18:43:51,2012-07-27
452405,121925,-61.200001,1288,667,18:43:51,2012-07-27
452415,121935,-57.0,1288,667,18:43:49,2012-07-27
452425,121950,-55.0,1288,667,18:43:48,2012-07-27
452435,121960,-55.0,1288,667,18:43:48,2012-07-27
452435,121965,-56.333332,1288,667,18:43:47,2012-07-27
452455,121995,-57.75,1288,667,18:43:45,2012-07-27
451950,122000,-65.0,1288,667,17:05:45,2012-07-31
451955,122005,-64.5,1288,667,17:05:46,2012-07-31
452465,122005,-58.599998,1288,667,18:43:44,2012-07-27
451960,122015,-63.0,1288,667,17:05:47,2012-07-31
451960,122020,-63.0,1288,667,17:05:47,2012-07-31
451965,122025,-63.0,1288,667,17:05:47,2012-07-31
452475,122025,-60.0,1288,667,18:43:42,2012-07-27
451970,122030,-63.0,1288,667,17:05:48,2012-07-31
451970,122040,-62.75,1288,667,17:05:49,2012-07-31
452495,122050,-60.200001,1288,667,18:43:40,2012-07-27
451980,122055,-62.25,1288,667,17:05:50,2012-07-31
451985,122060,-63.0,1288,667,17:05:51,2012-07-31
452500,122060,-57.0,1288,667,18:43:39,2012-07-27
452500,122065,-60.0,1288,667,18:43:39,2012-07-27
451990,122070,-63.0,1288,667,17:05:52,2012-07-31
452505,122070,-57.0,1288,667,18:43:38,2012-07-27
451995,122075,-63.0,1288,667,17:05:52,2012-07-31
452505,122075,-54.75,1288,667,18:43:38,2012-07-27
452510,122080,-54.0,1288,667,18:43:38,2012-07-27
452000,122085,-63.333332,1288,667,17:05:53,2012-07-31
452510,122085,-54.0,1288,667,18:43:37,2012-07-27
452515,122090,-54.0,1288,667,18:43:37,2012-07-27
452005,122095,-64.5,1288,667,17:05:54,2012-07-31
452010,122100,-66.0,1288,667,17:05:55,2012-07-31
452520,122100,-54.0,1288,667,18:43:36,2012-07-27
452520,122105,-54.0,1288,667,18:43:35,2012-07-27
452525,122105,-53.25,1288,667,18:43:35,2012-07-27
452015,122110,-64.0,1288,667,17:05:57,2012-07-31
452525,122115,-53.0,1288,667,18:43:35,2012-07-27
452530,122120,-51.666668,1288,667,18:43:34,2012-07-27
452530,122125,-51.0,1288,667,18:43:33,2012-07-27
452530,122130,-51.0,1288,667,18:43:32,2012-07-27
452530,122135,-51.0,1288,667,18:43:32,2012-07-27
452530,122140,-51.333332,1288,667,18:43:31,2012-07-27
452525,122145,-52.0,1288,667,18:43:30,2012-07-27
452525,122150,-49.75,1288,667,18:43:30,2012-07-27
452015,122155,-70.666664,1288,667,17:34:05,2012-07-31
452025,122155,-71.0,1288,667,17:34:04,2012-07-31
452525,122155,-49.0,1288,667,18:43:29,2012-07-27
451990,122160,-70.0,1288,667,17:07:25,2012-07-31
452000,122160,-70.0,1288,667,17:34:06,2012-07-31
452530,122160,-47.5,1288,667,18:43:28,2012-07-27
451985,122165,-70.0,1288,667,17:07:26,2012-07-31
451990,122165,-70.0,1288,667,17:34:07,2012-07-31
452040,122165,-67.736526,1288,667,17:32:27,2012-07-31
452530,122165,-48.5,1288,667,18:43:27,2012-07-27
452040,122170,-68.278481,1288,667,17:33:21,2012-07-31
452045,122170,-67.0,1288,667,17:32:20,2012-07-31
452535,122170,-47.799999,1288,667,18:43:25,2012-07-27
452045,122175,-67.0,1288,667,17:32:20,2012-07-31
452540,122175,-47.0,1288,667,18:43:25,2012-07-27
452545,122175,-47.0,1288,667,18:43:24,2012-07-27
452050,122180,-67.75,1288,667,17:32:19,2012-07-31
452545,122180,-47.799999,1288,667,18:43:22,2012-07-27
452055,122185,-68.0,1288,667,17:32:18,2012-07-31
452545,122185,-47.0,1288,667,18:43:20,2012-07-27
452055,122190,-67.25,1288,667,17:32:18,2012-07-31
452550,122200,-45.0,1288,667,18:43:19,2012-07-27
452065,122205,-68.333336,1288,667,17:32:16,2012-07-31
452555,122205,-45.0,1288,667,18:43:17,2012-07-27
452560,122215,-44.25,1288,667,18:43:17,2012-07-27
452075,122220,-69.0,1288,667,17:32:15,2012-07-31
452565,122230,-42.666668,1288,667,18:43:16,2012-07-27
452085,122235,-69.0,1288,667,17:32:13,2012-07-31
452570,122240,-42.666668,1288,667,18:43:14,2012-07-27
452095,122245,-69.666664,1288,667,17:32:12,2012-07-31
452095,122250,-70.0,1288,667,17:32:12,2012-07-31
452575,122250,-44.5,1288,667,18:43:13,2012-07-27
452105,122260,-70.0,1288,667,17:32:10,2012-07-31
452585,122265,-45.75,1288,667,18:43:11,2012-07-27
452110,122270,-70.0,1288,667,17:32:09,2012-07-31
452115,122275,-70.0,1288,667,17:32:08,2012-07-31
452590,122275,-46.0,1288,667,18:43:10,2012-07-27
452115,122280,-70.0,1288,667,17:32:08,2012-07-31
452120,122280,-68.800003,1288,667,17:32:08,2012-07-31
452120,122285,-68.0,1288,667,17:32:07,2012-07-31
452600,122285,-46.0,1288,667,18:43:10,2012-07-27
452125,122295,-67.333336,1288,667,17:32:06,2012-07-31
452135,122305,-66.333336,1288,667,17:32:05,2012-07-31
452140,122315,-64.0,1288,667,17:32:03,2012-07-31
452150,122335,-63.0,1288,667,17:32:02,2012-07-31
452160,122345,-65.25,1288,667,17:32:01,2012-07-31
452165,122355,-66.0,1288,667,17:32:00,2012-07-31
452635,122355,-57.0,1288,667,18:43:03,2012-07-27
452170,122365,-68.0,1288,667,17:31:59,2012-07-31
452450,122370,-55.0,1288,667,17:31:07,2012-07-31
452175,122375,-68.333336,1288,667,17:31:58,2012-07-31
452440,122375,-55.0,1288,667,17:31:05,2012-07-31
452445,122375,-55.0,1288,667,17:31:06,2012-07-31
452455,122375,-55.0,1288,667,17:31:08,2012-07-31
452645,122375,-56.083332,1288,667,18:43:02,2012-07-27
452180,122380,-68.0,1288,667,17:31:56,2012-07-31
452440,122380,-55.0,1288,667,17:31:04,2012-07-31
452460,122380,-55.0,1288,667,17:31:09,2012-07-31
452435,122385,-55.0,1288,667,17:31:03,2012-07-31
452460,122385,-53.0,1288,667,17:31:10,2012-07-31
452190,122390,-68.0,1288,667,17:31:56,2012-07-31
452430,122390,-55.0,1288,667,17:31:02,2012-07-31
452435,122390,-55.0,1288,667,17:31:03,2012-07-31
452455,122390,-50.0,1288,667,17:31:11,2012-07-31
452430,122395,-53.5,1288,667,17:31:02,2012-07-31
452455,122395,-50.0,1288,667,17:31:12,2012-07-31
452195,122400,-68.0,1288,667,17:31:55,2012-07-31
452425,122400,-53.0,1288,667,17:31:02,2012-07-31
452445,122400,-50.0,1288,667,17:31:14,2012-07-31
452655,122400,-55.285713,1288,667,18:43:01,2012-07-27
452430,122405,-50.0,1288,667,17:31:15,2012-07-31
452200,122410,-67.0,1288,667,17:31:54,2012-07-31
452415,122410,-52.0,1288,667,17:31:01,2012-07-31
452425,122410,-50.400002,1288,667,17:31:16,2012-07-31
452415,122415,-50.5,1288,667,17:31:17,2012-07-31
452660,122415,-55.0,1288,667,18:43:00,2012-07-27
452205,122420,-66.0,1288,667,17:31:53,2012-07-31
452405,122420,-48.599998,1288,667,17:30:59,2012-07-31
452210,122425,-64.666664,1288,667,17:31:52,2012-07-31
452410,122425,-48.75,1288,667,17:31:19,2012-07-31
452395,122430,-48.0,1288,667,17:30:58,2012-07-31
452400,122430,-48.0,1288,667,17:31:19,2012-07-31
452665,122430,-52.75,1288,667,18:42:58,2012-07-27
452385,122435,-51.0,1288,667,17:30:56,2012-07-31
452390,122440,-48.0,1288,667,17:31:20,2012-07-31
452225,122445,-65.599998,1288,667,17:31:50,2012-07-31
452385,122445,-48.0,1288,667,17:31:21,2012-07-31
452375,122450,-48.0,1288,667,17:31:22,2012-07-31
452675,122450,-54.400002,1288,667,18:42:57,2012-07-27
452230,122455,-66.0,1288,667,17:31:49,2012-07-31
452365,122455,-57.75,1288,667,17:30:54,2012-07-31
452370,122455,-49.0,1288,667,17:31:23,2012-07-31
452360,122460,-59.0,1288,667,17:30:54,2012-07-31
452365,122460,-52.0,1288,667,17:31:23,2012-07-31
452355,122465,-53.5,1288,667,17:31:24,2012-07-31
452350,122470,-58.0,1288,667,17:31:25,2012-07-31
452355,122470,-58.0,1288,667,17:31:25,2012-07-31
452345,122475,-59.0,1288,667,17:31:26,2012-07-31
452350,122475,-58.0,1288,667,17:31:25,2012-07-31
452340,122480,-62.0,1288,667,17:31:26,2012-07-31
452345,122480,-62.0,1288,667,17:31:26,2012-07-31
452685,122480,-57.0,1288,667,18:42:56,2012-07-27
452340,122485,-62.0,1288,667,17:31:27,2012-07-31
452325,122495,-62.0,1288,667,17:31:28,2012-07-31
452320,122500,-62.0,1288,667,17:31:29,2012-07-31
452305,122505,-63.0,1288,667,17:30:46,2012-07-31
452315,122505,-62.0,1288,667,17:31:30,2012-07-31
452295,122510,-63.0,1288,667,17:30:45,2012-07-31
452305,122510,-62.0,1288,667,17:31:31,2012-07-31
452310,122510,-62.0,1288,667,17:31:31,2012-07-31
452280,122520,-64.0,1288,667,17:30:43,2012-07-31
452285,122520,-63.666668,1288,667,17:30:44,2012-07-31
452295,122520,-62.0,1288,667,17:31:33,2012-07-31
452300,122520,-62.0,1288,667,17:31:32,2012-07-31
452275,122525,-64.75,1288,667,17:30:42,2012-07-31
452295,122525,-62.0,1288,667,17:31:33,2012-07-31
452290,122530,-64.0,1288,667,17:31:34,2012-07-31
452260,122535,-66.333336,1288,667,17:30:41,2012-07-31
452285,122535,-65.0,1288,667,17:31:35,2012-07-31
452700,122535,-59.599998,1288,667,18:42:54,2012-07-27
452250,122540,-68.0,1288,667,17:30:38,2012-07-31
452255,122540,-67.400002,1288,667,17:30:40,2012-07-31
452235,122545,-69.0,1288,667,17:30:37,2012-07-31
452240,122545,-68.714287,1288,667,17:30:38,2012-07-31
452710,122555,-62.400002,1288,667,18:42:52,2012-07-27
452715,122565,-65.25,1288,667,18:42:51,2012-07-27
452720,122585,-66.0,1288,667,18:42:51,2012-07-27
452720,122590,-66.0,1288,667,18:42:51,2012-07-27
452725,122600,-66.0,1288,667,18:42:50,2012-07-27
452095,122615,-67.0,1288,667,17:30:17,2012-07-31
452095,122620,-67.0,1288,667,17:36:02,2012-07-31
452730,122620,-66.0,1288,667,18:42:49,2012-07-27
452085,122625,-67.0,1288,667,17:36:01,2012-07-31
452735,122630,-68.25,1288,667,18:42:49,2012-07-27
452740,122645,-69.0,1288,667,18:42:48,2012-07-27
452745,122660,-71.25,1288,667,18:42:47,2012-07-27
452755,122680,-72.0,1288,667,18:42:46,2012-07-27
452760,122695,-73.333336,1288,667,18:42:46,2012-07-27
452760,122700,-74.0,1288,667,18:42:45,2012-07-27
452105,121475,-73.0,1288,667,18:48:01,2012-07-27
452110,121485,-73.0,1288,667,18:48:00,2012-07-27
452120,121500,-73.666664,1288,667,18:47:59,2012-07-27
452125,121505,-71.5,1288,667,18:47:58,2012-07-27
452145,121530,-68.25,1288,667,18:47:56,2012-07-27
452145,121540,-66.5,1288,667,18:47:55,2012-07-27
452155,121550,-66.0,1288,667,18:47:54,2012-07-27
452160,121560,-66.833336,1288,667,18:47:53,2012-07-27
452165,121570,-65.199997,1288,667,18:47:52,2012-07-27
452170,121580,-64.0,1288,667,18:47:52,2012-07-27
452175,121585,-66.400002,1288,667,18:47:50,2012-07-27
452180,121595,-67.599998,1288,667,18:47:49,2012-07-27
452180,121600,-68.0,1288,667,18:47:49,2012-07-27
452180,121605,-70.25,1288,667,18:47:48,2012-07-27
452175,121610,-71.0,1288,667,18:47:47,2012-07-27
452170,121615,-63.302326,1288,667,18:47:10,2012-07-27
452190,121615,-69.199997,1288,667,18:44:45,2012-07-27
452170,121620,-69.199997,1288,667,18:44:49,2012-07-27
452175,121620,-69.666664,1288,667,18:44:47,2012-07-27
452195,121620,-67.800003,1288,667,18:44:44,2012-07-27
452160,121625,-70.0,1288,667,18:44:49,2012-07-27
452200,121625,-68.428574,1288,667,18:44:40,2012-07-27
452150,121630,-70.0,1288,667,18:44:50,2012-07-27
452200,121630,-67.25,1288,667,18:44:39,2012-07-27
452205,121630,-69.173912,1288,667,18:44:33,2012-07-27
452220,121650,-72.0,1288,667,18:44:12,2012-07-27
452225,121660,-72.0,1288,667,18:44:11,2012-07-27
452230,121665,-72.0,1288,667,18:44:11,2012-07-27
452245,121680,-71.0,1288,667,18:44:09,2012-07-27
452250,121685,-71.0,1288,667,18:44:08,2012-07-27
452260,121700,-71.0,1288,667,18:44:08,2012-07-27
452285,121740,-72.0,1288,667,18:44:04,2012-07-27
452290,121750,-72.0,1288,667,18:44:03,2012-07-27
451820,121775,-64.0,1288,667,17:10:52,2012-07-31
451820,121780,-64.0,1288,667,17:10:52,2012-07-31
452330,121810,-69.0,1288,667,18:43:59,2012-07-27
452340,121825,-69.0,1288,667,18:43:58,2012-07-27
452350,121835,-69.0,1288,667,18:43:57,2012-07-27
452355,121845,-69.0,1288,667,18:43:56,2012-07-27
452390,121895,-63.0,1288,667,18:43:52,2012-07-27
452400,121910,-63.0,1288,667,18:43:51,2012-07-27
452405,121925,-61.200001,1288,667,18:43:51,2012-07-27
452415,121935,-57.0,1288,667,18:43:49,2012-07-27
452425,121950,-55.0,1288,667,18:43:48,2012-07-27
452435,121960,-55.0,1288,667,18:43:48,2012-07-27
452435,121965,-56.333332,1288,667,18:43:47,2012-07-27
452455,121995,-57.75,1288,667,18:43:45,2012-07-27
451950,122000,-65.0,1288,667,17:05:45,2012-07-31
451955,122005,-64.5,1288,667,17:05:46,2012-07-31
452465,122005,-58.599998,1288,667,18:43:44,2012-07-27
451960,122015,-63.0,1288,667,17:05:47,2012-07-31
451960,122020,-63.0,1288,667,17:05:47,2012-07-31
451965,122025,-63.0,1288,667,17:05:47,2012-07-31
452475,122025,-60.0,1288,667,18:43:42,2012-07-27
451970,122030,-63.0,1288,667,17:05:48,2012-07-31
451970,122040,-62.75,1288,667,17:05:49,2012-07-31
452495,122050,-60.200001,1288,667,18:43:40,2012-07-27
451980,122055,-62.25,1288,667,17:05:50,2012-07-31
451985,122060,-63.0,1288,667,17:05:51,2012-07-31
452500,122060,-57.0,1288,667,18:43:39,2012-07-27
452500,122065,-60.0,1288,667,18:43:39,2012-07-27
451990,122070,-63.0,1288,667,17:05:52,2012-07-31
452505,122070,-57.0,1288,667,18:43:38,2012-07-27
451995,122075,-63.0,1288,667,17:05:52,2012-07-31
452505,122075,-54.75,1288,667,18:43:38,2012-07-27
452510,122080,-54.0,1288,667,18:43:38,2012-07-27
452000,122085,-63.333332,1288,667,17:05:53,2012-07-31
452510,122085,-54.0,1288,667,18:43:37,2012-07-27
452515,122090,-54.0,1288,667,18:43:37,2012-07-27
452005,122095,-64.5,1288,667,17:05:54,2012-07-31
452010,122100,-66.0,1288,667,17:05:55,2012-07-31
452520,122100,-54.0,1288,667,18:43:36,2012-07-27
452520,122105,-54.0,1288,667,18:43:35,2012-07-27
452525,122105,-53.25,1288,667,18:43:35,2012-07-27
452015,122110,-64.0,1288,667,17:05:57,2012-07-31
452525,122115,-53.0,1288,667,18:43:35,2012-07-27
452530,122120,-51.666668,1288,667,18:43:34,2012-07-27
452530,122125,-51.0,1288,667,18:43:33,2012-07-27
452530,122130,-51.0,1288,667,18:43:32,2012-07-27
452530,122135,-51.0,1288,667,18:43:32,2012-07-27
452530,122140,-51.333332,1288,667,18:43:31,2012-07-27
452525,122145,-52.0,1288,667,18:43:30,2012-07-27
452525,122150,-49.75,1288,667,18:43:30,2012-07-27
452015,122155,-70.666664,1288,667,17:34:05,2012-07-31
452025,122155,-71.0,1288,667,17:34:04,2012-07-31
452525,122155,-49.0,1288,667,18:43:29,2012-07-27
451990,122160,-70.0,1288,667,17:07:25,2012-07-31
452000,122160,-70.0,1288,667,17:34:06,2012-07-31
452530,122160,-47.5,1288,667,18:43:28,2012-07-27
451985,122165,-70.0,1288,667,17:07:26,2012-07-31
451990,122165,-70.0,1288,667,17:34:07,2012-07-31
452040,122165,-67.736526,1288,667,17:32:27,2012-07-31
452530,122165,-48.5,1288,667,18:43:27,2012-07-27
452040,122170,-68.278481,1288,667,17:33:21,2012-07-31
452045,122170,-67.0,1288,667,17:32:20,2012-07-31
452535,122170,-47.799999,1288,667,18:43:25,2012-07-27
452045,122175,-67.0,1288,667,17:32:20,2012-07-31
452540,122175,-47.0,1288,667,18:43:25,2012-07-27
452545,122175,-47.0,1288,667,18:43:24,2012-07-27
452050,122180,-67.75,1288,667,17:32:19,2012-07-31
452545,122180,-47.799999,1288,667,18:43:22,2012-07-27
452055,122185,-68.0,1288,667,17:32:18,2012-07-31
452545,122185,-47.0,1288,667,18:43:20,2012-07-27
452055,122190,-67.25,1288,667,17:32:18,2012-07-31
452550,122200,-45.0,1288,667,18:43:19,2012-07-27
452065,122205,-68.333336,1288,667,17:32:16,2012-07-31
452555,122205,-45.0,1288,667,18:43:17,2012-07-27
452560,122215,-44.25,1288,667,18:43:17,2012-07-27
452075,122220,-69.0,1288,667,17:32:15,2012-07-31
452565,122230,-42.666668,1288,667,18:43:16,2012-07-27
452085,122235,-69.0,1288,667,17:32:13,2012-07-31
452570,122240,-42.666668,1288,667,18:43:14,2012-07-27
452095,122245,-69.666664,1288,667,17:32:12,2012-07-31
452095,122250,-70.0,1288,667,17:32:12,2012-07-31
452575,122250,-44.5,1288,667,18:43:13,2012-07-27
452105,122260,-70.0,1288,667,17:32:10,2012-07-31
452585,122265,-45.75,1288,667,18:43:11,2012-07-27
452110,122270,-70.0,1288,667,17:32:09,2012-07-31
452115,122275,-70.0,1288,667,17:32:08,2012-07-31
452590,122275,-46.0,1288,667,18:43:10,2012-07-27
452115,122280,-70.0,1288,667,17:32:08,2012-07-31
452120,122280,-68.800003,1288,667,17:32:08,2012-07-31
452120,122285,-68.0,1288,667,17:32:07,2012-07-31
452600,122285,-46.0,1288,667,18:43:10,2012-07-27
452125,122295,-67.333336,1288,667,17:32:06,2012-07-31
452135,122305,-66.333336,1288,667,17:32:05,2012-07-31
452140,122315,-64.0,1288,667,17:32:03,2012-07-31
452150,122335,-63.0,1288,667,17:32:02,2012-07-31
452160,122345,-65.25,1288,667,17:32:01,2012-07-31
452165,122355,-66.0,1288,667,17:32:00,2012-07-31
452635,122355,-57.0,1288,667,18:43:03,2012-07-27
452170,122365,-68.0,1288,667,17:31:59,2012-07-31
452450,122370,-55.0,1288,667,17:31:07,2012-07-31
452175,122375,-68.333336,1288,667,17:31:58,2012-07-31
452440,122375,-55.0,1288,667,17:31:05,2012-07-31
452445,122375,-55.0,1288,667,17:31:06,2012-07-31
452455,122375,-55.0,1288,667,17:31:08,2012-07-31
452645,122375,-56.083332,1288,667,18:43:02,2012-07-27
452180,122380,-68.0,1288,667,17:31:56,2012-07-31
452440,122380,-55.0,1288,667,17:31:04,2012-07-31
452460,122380,-55.0,1288,667,17:31:09,2012-07-31
452435,122385,-55.0,1288,667,17:31:03,2012-07-31
452460,122385,-53.0,1288,667,17:31:10,2012-07-31
452190,122390,-68.0,1288,667,17:31:56,2012-07-31
452430,122390,-55.0,1288,667,17:31:02,2012-07-31
452435,122390,-55.0,1288,667,17:31:03,2012-07-31
452455,122390,-50.0,1288,667,17:31:11,2012-07-31
452430,122395,-53.5,1288,667,17:31:02,2012-07-31
452455,122395,-50.0,1288,667,17:31:12,2012-07-31
452195,122400,-68.0,1288,667,17:31:55,2012-07-31
452425,122400,-53.0,1288,667,17:31:02,2012-07-31
452445,122400,-50.0,1288,667,17:31:14,2012-07-31
452655,122400,-55.285713,1288,667,18:43:01,2012-07-27
452430,122405,-50.0,1288,667,17:31:15,2012-07-31
452200,122410,-67.0,1288,667,17:31:54,2012-07-31
452415,122410,-52.0,1288,667,17:31:01,2012-07-31
452425,122410,-50.400002,1288,667,17:31:16,2012-07-31
452415,122415,-50.5,1288,667,17:31:17,2012-07-31
452660,122415,-55.0,1288,667,18:43:00,2012-07-27
452205,122420,-66.0,1288,667,17:31:53,2012-07-31
452405,122420,-48.599998,1288,667,17:30:59,2012-07-31
452210,122425,-64.666664,1288,667,17:31:52,2012-07-31
452410,122425,-48.75,1288,667,17:31:19,2012-07-31
452395,122430,-48.0,1288,667,17:30:58,2012-07-31
452400,122430,-48.0,1288,667,17:31:19,2012-07-31
452665,122430,-52.75,1288,667,18:42:58,2012-07-27
452385,122435,-51.0,1288,667,17:30:56,2012-07-31
452390,122440,-48.0,1288,667,17:31:20,2012-07-31
452225,122445,-65.599998,1288,667,17:31:50,2012-07-31
452385,122445,-48.0,1288,667,17:31:21,2012-07-31
452375,122450,-48.0,1288,667,17:31:22,2012-07-31
452675,122450,-54.400002,1288,667,18:42:57,2012-07-27
452230,122455,-66.0,1288,667,17:31:49,2012-07-31
452365,122455,-57.75,1288,667,17:30:54,2012-07-31
452370,122455,-49.0,1288,667,17:31:23,2012-07-31
452360,122460,-59.0,1288,667,17:30:54,2012-07-31
452365,122460,-52.0,1288,667,17:31:23,2012-07-31
452355,122465,-53.5,1288,667,17:31:24,2012-07-31
452350,122470,-58.0,1288,667,17:31:25,2012-07-31
452355,122470,-58.0,1288,667,17:31:25,2012-07-31
452345,122475,-59.0,1288,667,17:31:26,2012-07-31
452350,122475,-58.0,1288,667,17:31:25,2012-07-31
452340,122480,-62.0,1288,667,17:31:26,2012-07-31
452345,122480,-62.0,1288,667,17:31:26,2012-07-31
452685,122480,-57.0,1288,667,18:42:56,2012-07-27
452340,122485,-62.0,1288,667,17:31:27,2012-07-31
452325,122495,-62.0,1288,667,17:31:28,2012-07-31
452320,122500,-62.0,1288,667,17:31:29,2012-07-31
452305,122505,-63.0,1288,667,17:30:46,2012-07-31
452315,122505,-62.0,1288,667,17:31:30,2012-07-31
452295,122510,-63.0,1288,667,17:30:45,2012-07-31
452305,122510,-62.0,1288,667,17:31:31,2012-07-31
452310,122510,-62.0,1288,667,17:31:31,2012-07-31
452280,122520,-64.0,1288,667,17:30:43,2012-07-31
452285,122520,-63.666668,1288,667,17:30:44,2012-07-31
452295,122520,-62.0,1288,667,17:31:33,2012-07-31
452300,122520,-62.0,1288,667,17:31:32,2012-07-31
452275,122525,-64.75,1288,667,17:30:42,2012-07-31
452295,122525,-62.0,1288,667,17:31:33,2012-07-31
452290,122530,-64.0,1288,667,17:31:34,2012-07-31
452260,122535,-66.333336,1288,667,17:30:41,2012-07-31
452285,122535,-65.0,1288,667,17:31:35,2012-07-31
452700,122535,-59.599998,1288,667,18:42:54,2012-07-27
452250,122540,-68.0,1288,667,17:30:38,2012-07-31
452255,122540,-67.400002,1288,667,17:30:40,2012-07-31
452235,122545,-69.0,1288,667,17:30:37,2012-07-31
452240,122545,-68.714287,1288,667,17:30:38,2012-07-31
452710,122555,-62.400002,1288,667,18:42:52,2012-07-27
452715,122565,-65.25,1288,667,18:42:51,2012-07-27
452720,122585,-66.0,1288,667,18:42:51,2012-07-27
452720,122590,-66.0,1288,667,18:42:51,2012-07-27
452725,122600,-66.0,1288,667,18:42:50,2012-07-27
452095,122615,-67.0,1288,667,17:30:17,2012-07-31
452095,122620,-67.0,1288,667,17:36:02,2012-07-31
452730,122620,-66.0,1288,667,18:42:49,2012-07-27
452085,122625,-67.0,1288,667,17:36:01,2012-07-31
452735,122630,-68.25,1288,667,18:42:49,2012-07-27
452740,122645,-69.0,1288,667,18:42:48,2012-07-27
452745,122660,-71.25,1288,667,18:42:47,2012-07-27
452755,122680,-72.0,1288,667,18:42:46,2012-07-27
452760,122695,-73.333336,1288,667,18:42:46,2012-07-27
452760,122700,-74.0,1288,667,18:42:45,2012-07-27
