451860,121850,-43.0,916,118,17:05:32,2012-07-31
451870,121865,-43.0,916,118,17:05:33,2012-07-31
449845,121870,-63.5,916,118,12:57:11,2012-07-30
449850,121870,-61.799999,916,118,12:57:12,2012-07-30
451875,121875,-43.0,916,118,17:05:35,2012-07-31
449855,121880,-60.666668,916,118,12:57:14,2012-07-30
449860,121880,-60.0,916,118,12:57:14,2012-07-30
451880,121885,-43.0,916,118,17:05:35,2012-07-31
449845,121890,-64.0,916,118,12:57:09,2012-07-30
449860,121890,-59.333332,916,118,12:57:15,2012-07-30
449865,121890,-58.0,916,118,12:57:15,2012-07-30
449865,121895,-58.0,916,118,12:57:16,2012-07-30
451890,121895,-43.0,916,118,17:05:36,2012-07-31
451900,121915,-42.75,916,118,17:05:37,2012-07-31
449870,121920,-61.25,916,118,12:57:05,2012-07-30
451900,121920,-42.0,916,118,17:05:38,2012-07-31
451910,121930,-42.0,916,118,17:05:39,2012-07-31
449875,121935,-61.0,916,118,12:57:04,2012-07-30
449880,121945,-61.0,916,118,12:57:03,2012-07-30
451915,121945,-42.0,916,118,17:05:40,2012-07-31
449880,121950,-61.0,916,118,12:57:02,2012-07-30
451920,121950,-42.0,916,118,17:05:41,2012-07-31
449880,121955,-61.0,916,118,12:57:02,2012-07-30
449880,121960,-61.0,916,118,12:57:02,2012-07-30
451925,121960,-42.666668,916,118,17:05:42,2012-07-31
449880,121965,-61.0,916,118,12:57:02,2012-07-30
449885,121970,-61.0,916,118,12:57:01,2012-07-30
451935,121975,-44.0,916,118,17:05:43,2012-07-31
449885,121980,-61.75,916,118,12:57:01,2012-07-30
451945,121990,-44.0,916,118,17:05:45,2012-07-31
451950,121995,-44.0,916,118,17:05:45,2012-07-31
451950,122000,-44.0,916,118,17:05:45,2012-07-31
451955,122005,-44.0,916,118,17:05:46,2012-07-31
449890,122010,-61.625,916,118,12:56:59,2012-07-30
451960,122015,-44.0,916,118,17:05:47,2012-07-31
449885,122020,-61.0,916,118,12:56:59,2012-07-30
451960,122020,-44.0,916,118,17:05:47,2012-07-31
449885,122025,-61.0,916,118,12:56:58,2012-07-30
451965,122025,-44.25,916,118,17:05:47,2012-07-31
451970,122030,-45.0,916,118,17:05:48,2012-07-31
449875,122035,-61.0,916,118,12:56:57,2012-07-30
451970,122040,-44.25,916,118,17:05:49,2012-07-31
449870,122045,-61.0,916,118,12:56:55,2012-07-30
449865,122050,-61.0,916,118,12:56:55,2012-07-30
451980,122055,-42.5,916,118,17:05:50,2012-07-31
451985,122060,-44.0,916,118,17:05:51,2012-07-31
451990,122070,-44.0,916,118,17:05:52,2012-07-31
449855,122075,-61.0,916,118,12:56:54,2012-07-30
451995,122075,-44.0,916,118,17:05:52,2012-07-31
452000,122085,-45.666668,916,118,17:05:53,2012-07-31
452005,122095,-49.25,916,118,17:05:54,2012-07-31
452010,122100,-50.200001,916,118,17:05:55,2012-07-31
452015,122110,-49.799999,916,118,17:05:57,2012-07-31
452020,122120,-46.0,916,118,17:07:10,2012-07-31
452020,122125,-46.0,916,118,17:07:11,2012-07-31
452025,122130,-45.75,916,118,17:07:14,2012-07-31
452025,122135,-45.75,916,118,17:07:17,2012-07-31
452025,122140,-45.0,916,118,17:07:19,2012-07-31
452010,122150,-46.333332,916,118,17:07:23,2012-07-31
452015,122150,-45.333332,916,118,17:07:21,2012-07-31
452000,122155,-48.333332,916,118,17:07:24,2012-07-31
452015,122155,-48.333332,916,118,17:34:05,2012-07-31
452025,122155,-48.75,916,118,17:34:04,2012-07-31
452030,122155,-47.5,916,118,17:34:02,2012-07-31
451990,122160,-51.5,916,118,17:07:25,2012-07-31
452000,122160,-50.0,916,118,17:34:06,2012-07-31
452035,122160,-47.666668,916,118,17:34:01,2012-07-31
451980,122165,-54.0,916,118,17:34:08,2012-07-31
451985,122165,-52.5,916,118,17:07:26,2012-07-31
451990,122165,-52.0,916,118,17:34:07,2012-07-31
452040,122165,-49.441341,916,118,17:32:27,2012-07-31
451975,122170,-54.142857,916,118,17:07:27,2012-07-31
451980,122170,-54.0,916,118,17:34:09,2012-07-31
452040,122170,-48.551998,916,118,17:33:21,2012-07-31
452045,122170,-51.0,916,118,17:32:20,2012-07-31
451965,122175,-57.666668,916,118,17:07:28,2012-07-31
451970,122175,-55.0,916,118,17:34:10,2012-07-31
452045,122175,-51.0,916,118,17:32:20,2012-07-31
451955,122180,-61.0,916,118,17:07:29,2012-07-31
451960,122180,-55.25,916,118,17:34:11,2012-07-31
452050,122180,-53.25,916,118,17:32:19,2012-07-31
451945,122185,-61.0,916,118,17:07:30,2012-07-31
451950,122185,-57.0,916,118,17:34:12,2012-07-31
452055,122185,-54.0,916,118,17:32:18,2012-07-31
451940,122190,-61.0,916,118,17:07:31,2012-07-31
451945,122190,-58.0,916,118,17:34:13,2012-07-31
452055,122190,-54.75,916,118,17:32:18,2012-07-31
451935,122195,-59.18182,916,118,17:34:13,2012-07-31
451930,122200,-61.0,916,118,17:07:33,2012-07-31
451935,122200,-58.0,916,118,17:34:14,2012-07-31
451920,122205,-59.0,916,118,17:34:15,2012-07-31
451925,122205,-61.0,916,118,17:07:34,2012-07-31
452065,122205,-55.666668,916,118,17:32:16,2012-07-31
451915,122210,-60.25,916,118,17:07:35,2012-07-31
451905,122215,-57.75,916,118,17:07:37,2012-07-31
451910,122215,-58.0,916,118,17:07:36,2012-07-31
451915,122215,-59.5,916,118,17:34:16,2012-07-31
451665,122220,-64.698112,916,118,17:20:34,2012-07-31
451670,122220,-64.0,916,118,17:20:30,2012-07-31
451900,122220,-57.0,916,118,17:07:38,2012-07-31
451905,122220,-57.0,916,118,17:07:37,2012-07-31
452075,122220,-54.666668,916,118,17:32:15,2012-07-31
451650,122225,-64.0,916,118,17:20:25,2012-07-31
451895,122225,-57.0,916,118,17:07:38,2012-07-31
451900,122225,-60.0,916,118,17:07:38,2012-07-31
451890,122230,-59.200001,916,118,17:07:39,2012-07-31
449690,122235,-62.0,916,118,12:51:08,2012-07-30
449700,122235,-62.0,916,118,12:51:08,2012-07-30
449715,122235,-62.0,916,118,12:51:07,2012-07-30
451640,122235,-64.75,916,118,17:20:24,2012-07-31
452085,122235,-53.333332,916,118,17:32:13,2012-07-31
449685,122240,-62.0,916,118,12:51:09,2012-07-30
451625,122240,-65.0,916,118,17:20:22,2012-07-31
451875,122240,-59.200001,916,118,17:34:21,2012-07-31
449575,122245,-69.571426,916,118,12:51:23,2012-07-30
449585,122245,-70.0,916,118,12:51:21,2012-07-30
449590,122245,-70.0,916,118,12:51:21,2012-07-30
449595,122245,-69.199997,916,118,12:51:20,2012-07-30
449680,122245,-62.0,916,118,12:51:09,2012-07-30
452095,122245,-53.0,916,118,17:32:12,2012-07-31
449600,122250,-69.0,916,118,12:51:20,2012-07-30
449605,122250,-69.0,916,118,12:51:20,2012-07-30
449610,122250,-69.599998,916,118,12:51:19,2012-07-30
449670,122250,-62.0,916,118,12:51:11,2012-07-30
449675,122250,-62.0,916,118,12:51:10,2012-07-30
451870,122250,-58.25,916,118,17:34:22,2012-07-31
452095,122250,-53.0,916,118,17:32:12,2012-07-31
449615,122255,-70.0,916,118,12:51:19,2012-07-30
449620,122255,-68.666664,916,118,12:51:18,2012-07-30
449630,122255,-67.333336,916,118,12:51:16,2012-07-30
451580,122255,-62.333332,916,118,17:20:17,2012-07-31
451590,122255,-63.25,916,118,17:20:18,2012-07-31
451860,122255,-56.0,916,118,17:34:23,2012-07-31
449635,122260,-67.0,916,118,12:51:16,2012-07-30
449640,122260,-66.25,916,118,12:51:15,2012-07-30
449650,122260,-64.5,916,118,12:51:14,2012-07-30
449660,122260,-62.666668,916,118,12:51:12,2012-07-30
451575,122260,-61.0,916,118,17:20:15,2012-07-31
452105,122260,-52.25,916,118,17:32:10,2012-07-31
451565,122265,-61.0,916,118,17:20:15,2012-07-31
451850,122265,-55.75,916,118,17:34:25,2012-07-31
452105,122265,-52.0,916,118,17:32:10,2012-07-31
451555,122270,-61.0,916,118,17:20:13,2012-07-31
451560,122270,-61.0,916,118,17:20:14,2012-07-31
452110,122270,-52.666668,916,118,17:32:09,2012-07-31
451545,122275,-61.0,916,118,17:20:11,2012-07-31
451850,122275,-55.0,916,118,17:34:26,2012-07-31
452115,122275,-53.0,916,118,17:32:08,2012-07-31
451535,122280,-61.0,916,118,17:20:11,2012-07-31
451830,122280,-60.0,916,118,17:37:45,2012-07-31
451840,122280,-60.0,916,118,17:37:43,2012-07-31
451850,122280,-54.333332,916,118,17:34:27,2012-07-31
452115,122280,-53.0,916,118,17:32:08,2012-07-31
452120,122280,-55.400002,916,118,17:32:08,2012-07-31
451845,122285,-58.0,916,118,17:37:42,2012-07-31
452120,122285,-57.0,916,118,17:32:07,2012-07-31
451815,122290,-59.75,916,118,17:37:47,2012-07-31
451845,122290,-55.400002,916,118,17:37:41,2012-07-31
451855,122290,-52.333332,916,118,17:34:29,2012-07-31
451805,122295,-57.5,916,118,17:37:48,2012-07-31
452125,122295,-57.0,916,118,17:32:06,2012-07-31
451855,122300,-53.0,916,118,17:37:40,2012-07-31
451795,122305,-56.0,916,118,17:37:49,2012-07-31
451860,122305,-52.5,916,118,17:37:40,2012-07-31
451865,122305,-51.0,916,118,17:34:30,2012-07-31
452135,122305,-56.333332,916,118,17:32:05,2012-07-31
451785,122310,-56.0,916,118,17:37:51,2012-07-31
451865,122315,-50.857143,916,118,17:37:38,2012-07-31
451875,122315,-51.0,916,118,17:34:31,2012-07-31
452140,122315,-57.333332,916,118,17:32:03,2012-07-31
451775,122320,-57.0,916,118,17:37:52,2012-07-31
451875,122320,-50.57143,916,118,17:37:37,2012-07-31
451880,122325,-51.5,916,118,17:34:32,2012-07-31
451880,122330,-50.0,916,118,17:37:37,2012-07-31
451755,122335,-57.333332,916,118,17:37:54,2012-07-31
451885,122335,-52.0,916,118,17:37:35,2012-07-31
451890,122335,-53.666668,916,118,17:34:33,2012-07-31
452150,122335,-57.333332,916,118,17:32:02,2012-07-31
451745,122340,-58.0,916,118,17:37:54,2012-07-31
451890,122340,-52.0,916,118,17:37:34,2012-07-31
451895,122345,-51.333332,916,118,17:37:34,2012-07-31
452160,122345,-57.0,916,118,17:32:01,2012-07-31
451705,122350,-64.0,916,118,17:18:06,2012-07-31
451735,122350,-58.0,916,118,17:37:56,2012-07-31
451900,122350,-51.0,916,118,17:37:33,2012-07-31
451905,122350,-58.200001,916,118,17:34:35,2012-07-31
451705,122355,-64.0,916,118,17:18:06,2012-07-31
451725,122355,-58.0,916,118,17:37:57,2012-07-31
451905,122355,-51.0,916,118,17:37:33,2012-07-31
452165,122355,-57.0,916,118,17:32:00,2012-07-31
451705,122360,-65.599998,916,118,17:18:05,2012-07-31
451910,122360,-57.75,916,118,17:37:32,2012-07-31
451715,122365,-58.333332,916,118,17:37:58,2012-07-31
452170,122365,-57.666668,916,118,17:31:59,2012-07-31
451705,122370,-62.625,916,118,17:37:59,2012-07-31
451915,122370,-50.333332,916,118,17:37:31,2012-07-31
451920,122370,-58.888889,916,118,17:34:37,2012-07-31
451710,122375,-65.5,916,118,17:18:02,2012-07-31
452175,122375,-58.0,916,118,17:31:58,2012-07-31
451710,122380,-63.857143,916,118,17:18:00,2012-07-31
451925,122380,-47.75,916,118,17:37:30,2012-07-31
452180,122380,-55.75,916,118,17:31:56,2012-07-31
451710,122385,-60.333332,916,118,17:17:58,2012-07-31
451715,122385,-60.5,916,118,17:17:57,2012-07-31
451930,122385,-57.666668,916,118,17:34:39,2012-07-31
452435,122385,-51.0,916,118,17:31:03,2012-07-31
451685,122390,-59.599998,916,118,17:38:01,2012-07-31
451715,122390,-60.599998,916,118,17:17:55,2012-07-31
451930,122390,-47.0,916,118,17:37:29,2012-07-31
452190,122390,-55.0,916,118,17:31:56,2012-07-31
452430,122390,-51.0,916,118,17:31:02,2012-07-31
452435,122390,-51.0,916,118,17:31:03,2012-07-31
451935,122395,-52.875,916,118,17:37:28,2012-07-31
452430,122395,-50.25,916,118,17:31:02,2012-07-31
451445,122400,-71.0,916,118,17:09:20,2012-07-31
452195,122400,-55.75,916,118,17:31:55,2012-07-31
452425,122400,-50.0,916,118,17:31:02,2012-07-31
451450,122405,-71.0,916,118,17:09:19,2012-07-31
451665,122405,-60.75,916,118,17:38:04,2012-07-31
451715,122405,-58.0,916,118,17:17:54,2012-07-31
451950,122405,-52.0,916,118,17:34:41,2012-07-31
451715,122410,-55.666668,916,118,17:17:53,2012-07-31
451950,122410,-46.666668,916,118,17:37:27,2012-07-31
452200,122410,-55.0,916,118,17:31:54,2012-07-31
452415,122410,-50.5,916,118,17:31:01,2012-07-31
451455,122415,-71.0,916,118,17:09:18,2012-07-31
451955,122415,-50.799999,916,118,17:34:42,2012-07-31
451715,122420,-55.0,916,118,17:17:52,2012-07-31
452205,122420,-54.0,916,118,17:31:53,2012-07-31
452405,122420,-48.599998,916,118,17:30:59,2012-07-31
451460,122425,-71.0,916,118,17:09:17,2012-07-31
451960,122425,-45.333332,916,118,17:37:25,2012-07-31
452210,122425,-52.666668,916,118,17:31:52,2012-07-31
451465,122430,-70.333336,916,118,17:09:17,2012-07-31
451720,122430,-57.25,916,118,17:17:51,2012-07-31
451965,122430,-48.666668,916,118,17:34:43,2012-07-31
452395,122430,-45.75,916,118,17:30:58,2012-07-31
451720,122435,-59.0,916,118,17:17:50,2012-07-31
452385,122435,-44.0,916,118,17:30:56,2012-07-31
451470,122440,-69.333336,916,118,17:09:16,2012-07-31
451970,122440,-47.0,916,118,17:37:24,2012-07-31
451975,122440,-48.0,916,118,17:34:45,2012-07-31
451610,122445,-56.0,916,118,17:08:11,2012-07-31
451615,122445,-56.0,916,118,17:08:11,2012-07-31
451720,122445,-59.0,916,118,17:17:49,2012-07-31
452225,122445,-49.599998,916,118,17:31:50,2012-07-31
451605,122450,-56.0,916,118,17:08:11,2012-07-31
451610,122450,-56.0,916,118,17:08:11,2012-07-31
451720,122450,-58.5,916,118,17:17:50,2012-07-31
451980,122450,-46.666668,916,118,17:37:23,2012-07-31
451985,122450,-48.0,916,118,17:34:45,2012-07-31
451480,122455,-67.666664,916,118,17:09:14,2012-07-31
451600,122455,-56.0,916,118,17:08:12,2012-07-31
451720,122455,-60.5,916,118,17:17:48,2012-07-31
452230,122455,-49.0,916,118,17:31:49,2012-07-31
452365,122455,-43.0,916,118,17:30:54,2012-07-31
451720,122460,-61.0,916,118,17:17:48,2012-07-31
451985,122460,-46.0,916,118,17:37:22,2012-07-31
452360,122460,-42.25,916,118,17:30:54,2012-07-31
451485,122465,-65.666664,916,118,17:09:13,2012-07-31
451590,122465,-56.0,916,118,17:08:14,2012-07-31
451720,122465,-61.666668,916,118,17:17:47,2012-07-31
451990,122465,-45.25,916,118,17:37:21,2012-07-31
452235,122465,-47.200001,916,118,17:31:48,2012-07-31
452350,122465,-44.0,916,118,17:30:52,2012-07-31
451580,122470,-56.0,916,118,17:08:14,2012-07-31
451995,122470,-48.0,916,118,17:34:47,2012-07-31
452345,122470,-45.0,916,118,17:30:51,2012-07-31
451570,122475,-56.0,916,118,17:08:15,2012-07-31
452000,122475,-47.400002,916,118,17:37:21,2012-07-31
452240,122475,-46.0,916,118,17:31:47,2012-07-31
452340,122475,-45.75,916,118,17:30:51,2012-07-31
451495,122480,-62.0,916,118,17:09:11,2012-07-31
451560,122480,-56.0,916,118,17:08:16,2012-07-31
451570,122480,-56.0,916,118,17:08:16,2012-07-31
452005,122480,-45.0,916,118,17:37:20,2012-07-31
452335,122480,-46.0,916,118,17:30:50,2012-07-31
451495,122485,-62.0,916,118,17:09:10,2012-07-31
451500,122485,-62.75,916,118,17:09:10,2012-07-31
451555,122485,-56.0,916,118,17:08:18,2012-07-31
451720,122485,-63.333332,916,118,17:17:46,2012-07-31
452010,122485,-47.75,916,118,17:34:49,2012-07-31
452245,122485,-45.333332,916,118,17:31:47,2012-07-31
452250,122485,-45.0,916,118,17:31:45,2012-07-31
452330,122485,-47.5,916,118,17:30:49,2012-07-31
451500,122490,-63.0,916,118,17:09:10,2012-07-31
451510,122490,-65.0,916,118,17:25:36,2012-07-31
451545,122490,-59.0,916,118,17:08:19,2012-07-31
452320,122490,-48.0,916,118,17:30:49,2012-07-31
451505,122495,-63.0,916,118,17:09:08,2012-07-31
451510,122495,-65.0,916,118,17:25:37,2012-07-31
451515,122495,-65.0,916,118,17:25:40,2012-07-31
451540,122495,-62.0,916,118,17:08:21,2012-07-31
452015,122495,-47.0,916,118,17:34:49,2012-07-31
452315,122495,-48.0,916,118,17:30:48,2012-07-31
452325,122495,-43.0,916,118,17:31:28,2012-07-31
451505,122500,-63.0,916,118,17:09:08,2012-07-31
451510,122500,-63.0,916,118,17:09:08,2012-07-31
451515,122500,-65.0,916,118,17:25:40,2012-07-31
451725,122500,-63.333332,916,118,17:17:44,2012-07-31
452025,122500,-46.666668,916,118,17:34:50,2012-07-31
452310,122500,-48.0,916,118,17:30:47,2012-07-31
452320,122500,-43.0,916,118,17:31:29,2012-07-31
451510,122505,-63.0,916,118,17:09:07,2012-07-31
451515,122505,-63.5,916,118,17:09:06,2012-07-31
451520,122505,-63.0,916,118,17:09:06,2012-07-31
452020,122505,-44.25,916,118,17:37:18,2012-07-31
452260,122505,-46.333332,916,118,17:31:44,2012-07-31
452305,122505,-48.0,916,118,17:30:46,2012-07-31
452315,122505,-43.0,916,118,17:31:30,2012-07-31
451520,122510,-66.0,916,118,17:25:44,2012-07-31
452260,122510,-48.333332,916,118,17:31:42,2012-07-31
452295,122510,-47.333332,916,118,17:30:45,2012-07-31
452305,122510,-43.0,916,118,17:31:31,2012-07-31
452310,122510,-43.0,916,118,17:31:31,2012-07-31
451515,122515,-67.0,916,118,17:25:45,2012-07-31
451725,122515,-63.75,916,118,17:17:43,2012-07-31
452035,122515,-45.5,916,118,17:34:52,2012-07-31
451505,122520,-60.285713,916,118,17:16:37,2012-07-31
451725,122520,-64.0,916,118,17:17:42,2012-07-31
452035,122520,-41.333332,916,118,17:37:17,2012-07-31
452040,122520,-44.0,916,118,17:34:52,2012-07-31
452280,122520,-48.0,916,118,17:30:43,2012-07-31
452285,122520,-47.666668,916,118,17:30:44,2012-07-31
452295,122520,-43.0,916,118,17:31:33,2012-07-31
452300,122520,-43.0,916,118,17:31:32,2012-07-31
451500,122525,-61.75,916,118,17:16:33,2012-07-31
451505,122525,-62.599998,916,118,17:16:36,2012-07-31
451510,122525,-66.800003,916,118,17:25:47,2012-07-31
452045,122525,-44.5,916,118,17:34:53,2012-07-31
452265,122525,-51.0,916,118,17:31:41,2012-07-31
452275,122525,-50.25,916,118,17:30:42,2012-07-31
452295,122525,-43.0,916,118,17:31:33,2012-07-31
451495,122530,-63.666668,916,118,17:16:30,2012-07-31
451505,122530,-66.0,916,118,17:25:48,2012-07-31
451510,122530,-66.0,916,118,17:25:48,2012-07-31
451725,122530,-64.0,916,118,17:17:41,2012-07-31
452045,122530,-40.0,916,118,17:37:15,2012-07-31
452290,122530,-50.333332,916,118,17:31:34,2012-07-31
451485,122535,-64.0,916,118,17:16:27,2012-07-31
451500,122535,-66.0,916,118,17:25:49,2012-07-31
452050,122535,-46.0,916,118,17:34:54,2012-07-31
452260,122535,-52.333332,916,118,17:30:41,2012-07-31
452270,122535,-52.0,916,118,17:31:39,2012-07-31
452285,122535,-54.0,916,118,17:31:35,2012-07-31
451480,122540,-64.0,916,118,17:16:26,2012-07-31
451490,122540,-66.0,916,118,17:25:50,2012-07-31
451730,122540,-64.0,916,118,17:17:40,2012-07-31
452050,122540,-40.0,916,118,17:37:15,2012-07-31
452055,122540,-45.666668,916,118,17:34:54,2012-07-31
452250,122540,-53.0,916,118,17:30:38,2012-07-31
452255,122540,-53.0,916,118,17:30:40,2012-07-31
452270,122540,-52.0,916,118,17:31:38,2012-07-31
452275,122540,-52.799999,916,118,17:31:38,2012-07-31
452280,122540,-53.75,916,118,17:31:37,2012-07-31
452285,122540,-54.0,916,118,17:31:36,2012-07-31
451475,122545,-64.0,916,118,17:16:25,2012-07-31
451730,122545,-64.0,916,118,17:17:40,2012-07-31
452235,122545,-55.0,916,118,17:30:37,2012-07-31
452240,122545,-54.42857,916,118,17:30:38,2012-07-31
451465,122550,-64.0,916,118,17:16:24,2012-07-31
451475,122550,-66.0,916,118,17:25:52,2012-07-31
451480,122550,-66.0,916,118,17:25:51,2012-07-31
451730,122550,-64.0,916,118,17:17:40,2012-07-31
452060,122550,-45.0,916,118,17:34:55,2012-07-31
451730,122555,-64.0,916,118,17:17:39,2012-07-31
452065,122555,-43.555557,916,118,17:37:14,2012-07-31
452220,122555,-53.0,916,118,17:30:35,2012-07-31
451460,122560,-67.0,916,118,17:25:53,2012-07-31
451465,122560,-67.0,916,118,17:25:53,2012-07-31
451730,122560,-64.0,916,118,17:17:38,2012-07-31
452210,122560,-50.0,916,118,17:30:34,2012-07-31
451460,122565,-67.0,916,118,17:25:54,2012-07-31
451730,122565,-64.0,916,118,17:17:38,2012-07-31
452070,122565,-43.666668,916,118,17:37:13,2012-07-31
452075,122565,-45.333332,916,118,17:34:57,2012-07-31
451730,122570,-64.0,916,118,17:17:37,2012-07-31
452190,122570,-48.333332,916,118,17:30:32,2012-07-31
451730,122575,-64.0,916,118,17:17:37,2012-07-31
451735,122575,-64.0,916,118,17:17:37,2012-07-31
452080,122575,-45.200001,916,118,17:37:11,2012-07-31
452180,122575,-47.0,916,118,17:30:31,2012-07-31
451735,122580,-64.0,916,118,17:17:36,2012-07-31
452085,122580,-47.0,916,118,17:34:59,2012-07-31
452170,122580,-45.5,916,118,17:30:30,2012-07-31
451735,122585,-64.0,916,118,17:17:36,2012-07-31
452090,122585,-49.0,916,118,17:34:59,2012-07-31
452160,122585,-45.0,916,118,17:30:28,2012-07-31
452090,122590,-48.599998,916,118,17:37:10,2012-07-31
452095,122590,-49.333332,916,118,17:35:00,2012-07-31
452150,122590,-45.666668,916,118,17:30:27,2012-07-31
452100,122595,-50.25,916,118,17:35:01,2012-07-31
452135,122595,-46.0,916,118,17:30:25,2012-07-31
452095,122600,-51.25,916,118,17:37:08,2012-07-31
452105,122600,-51.333332,916,118,17:35:03,2012-07-31
452125,122600,-45.5,916,118,17:30:24,2012-07-31
452105,122605,-52.0,916,118,17:37:07,2012-07-31
452115,122605,-45.0,916,118,17:30:22,2012-07-31
451635,122610,-67.25,916,118,17:27:05,2012-07-31
451640,122610,-64.599998,916,118,17:27:06,2012-07-31
451645,122610,-63.0,916,118,17:27:07,2012-07-31
451650,122610,-63.0,916,118,17:27:08,2012-07-31
452105,122610,-50.636364,916,118,17:30:20,2012-07-31
452110,122610,-43.666668,916,118,17:30:21,2012-07-31
451630,122615,-57.18182,916,118,17:26:55,2012-07-31
451635,122615,-65.421051,916,118,17:26:58,2012-07-31
451655,122615,-63.0,916,118,17:27:09,2012-07-31
451660,122615,-64.0,916,118,17:27:09,2012-07-31
452095,122615,-41.285713,916,118,17:30:17,2012-07-31
452100,122615,-42.200001,916,118,17:30:19,2012-07-31
452105,122615,-52.0,916,118,17:35:06,2012-07-31
452110,122615,-49.25,916,118,17:37:06,2012-07-31
451620,122620,-57.666668,916,118,17:26:53,2012-07-31
452090,122620,-39.833332,916,118,17:30:15,2012-07-31
452095,122620,-39.125,916,118,17:36:02,2012-07-31
452100,122620,-47.25,916,118,17:36:05,2012-07-31
452115,122620,-44.5,916,118,17:36:06,2012-07-31
451600,122625,-59.0,916,118,17:26:51,2012-07-31
451610,122625,-58.666668,916,118,17:26:52,2012-07-31
451675,122625,-66.0,916,118,17:27:13,2012-07-31
452085,122625,-39.0,916,118,17:36:01,2012-07-31
452090,122625,-49.0,916,118,17:35:09,2012-07-31
452095,122625,-49.0,916,118,17:35:08,2012-07-31
452120,122625,-43.5,916,118,17:36:07,2012-07-31
451585,122630,-62.0,916,118,17:26:49,2012-07-31
451590,122630,-61.0,916,118,17:26:49,2012-07-31
451595,122630,-59.0,916,118,17:26:51,2012-07-31
451675,122630,-66.0,916,118,17:27:13,2012-07-31
452075,122630,-39.666668,916,118,17:30:14,2012-07-31
452080,122630,-45.666668,916,118,17:36:00,2012-07-31
452085,122630,-49.400002,916,118,17:35:11,2012-07-31
452090,122630,-49.0,916,118,17:35:10,2012-07-31
452120,122630,-48.666668,916,118,17:37:01,2012-07-31
451570,122635,-60.0,916,118,17:26:46,2012-07-31
451580,122635,-62.0,916,118,17:26:48,2012-07-31
452065,122635,-40.0,916,118,17:30:13,2012-07-31
452075,122635,-39.0,916,118,17:35:59,2012-07-31
452080,122635,-51.0,916,118,17:35:12,2012-07-31
452125,122635,-46.0,916,118,17:36:09,2012-07-31
451560,122640,-59.0,916,118,17:26:45,2012-07-31
451675,122640,-66.0,916,118,17:27:15,2012-07-31
452065,122640,-45.0,916,118,17:35:58,2012-07-31
451540,122645,-61.0,916,118,17:26:43,2012-07-31
451545,122645,-60.333332,916,118,17:26:44,2012-07-31
451665,122645,-66.0,916,118,17:27:17,2012-07-31
451670,122645,-66.0,916,118,17:27:16,2012-07-31
452050,122645,-40.0,916,118,17:30:11,2012-07-31
452060,122645,-49.0,916,118,17:35:16,2012-07-31
452135,122645,-49.75,916,118,17:36:10,2012-07-31
451530,122650,-61.0,916,118,17:26:41,2012-07-31
451540,122650,-61.0,916,118,17:26:42,2012-07-31
451660,122650,-66.0,916,118,17:27:18,2012-07-31
451665,122650,-66.0,916,118,17:27:17,2012-07-31
452040,122650,-40.0,916,118,17:30:10,2012-07-31
452050,122650,-49.0,916,118,17:35:17,2012-07-31
452055,122650,-41.333332,916,118,17:35:56,2012-07-31
451515,122655,-62.0,916,118,17:26:39,2012-07-31
451520,122655,-61.75,916,118,17:26:39,2012-07-31
451525,122655,-61.0,916,118,17:26:40,2012-07-31
451650,122655,-65.0,916,118,17:27:20,2012-07-31
451655,122655,-65.75,916,118,17:27:19,2012-07-31
452015,122655,-46.75,916,118,17:35:25,2012-07-31
452020,122655,-44.21212,916,118,17:35:47,2012-07-31
452025,122655,-43.666668,916,118,17:35:49,2012-07-31
452035,122655,-40.0,916,118,17:30:08,2012-07-31
452040,122655,-44.0,916,118,17:35:54,2012-07-31
452045,122655,-43.5,916,118,17:35:55,2012-07-31
452135,122655,-53.0,916,118,17:36:58,2012-07-31
452140,122655,-49.5,916,118,17:36:11,2012-07-31
451495,122660,-62.333332,916,118,17:26:37,2012-07-31
451505,122660,-63.0,916,118,17:26:37,2012-07-31
451510,122660,-62.5,916,118,17:26:38,2012-07-31
451645,122660,-65.0,916,118,17:27:20,2012-07-31
452015,122660,-44.0,916,118,17:35:24,2012-07-31
452025,122660,-42.272728,916,118,17:30:08,2012-07-31
452030,122660,-44.75,916,118,17:35:52,2012-07-31
452035,122660,-46.0,916,118,17:35:54,2012-07-31
452140,122660,-55.57143,916,118,17:36:57,2012-07-31
451485,122665,-63.0,916,118,17:26:34,2012-07-31
451490,122665,-62.666668,916,118,17:26:35,2012-07-31
451635,122665,-65.0,916,118,17:27:22,2012-07-31
452015,122665,-44.0,916,118,17:35:22,2012-07-31
452020,122665,-40.0,916,118,17:30:07,2012-07-31
452025,122665,-43.333332,916,118,17:35:21,2012-07-31
452030,122665,-44.5,916,118,17:35:20,2012-07-31
451470,122670,-63.0,916,118,17:26:32,2012-07-31
451480,122670,-63.0,916,118,17:26:34,2012-07-31
451630,122670,-65.25,916,118,17:27:23,2012-07-31
452010,122670,-39.333332,916,118,17:30:06,2012-07-31
452145,122670,-56.0,916,118,17:36:56,2012-07-31
451460,122675,-63.0,916,118,17:26:31,2012-07-31
451465,122675,-63.0,916,118,17:26:31,2012-07-31
451620,122675,-66.0,916,118,17:27:25,2012-07-31
452005,122675,-39.666668,916,118,17:30:04,2012-07-31
452150,122675,-54.5,916,118,17:36:13,2012-07-31
451445,122680,-63.0,916,118,17:26:29,2012-07-31
451450,122680,-63.0,916,118,17:26:29,2012-07-31
451615,122680,-65.0,916,118,17:27:25,2012-07-31
451620,122680,-65.333336,916,118,17:27:25,2012-07-31
451990,122680,-40.0,916,118,17:30:03,2012-07-31
452155,122680,-56.857143,916,118,17:36:54,2012-07-31
451435,122685,-63.0,916,118,17:26:27,2012-07-31
451440,122685,-63.0,916,118,17:26:27,2012-07-31
451610,122685,-65.0,916,118,17:27:26,2012-07-31
451615,122685,-65.0,916,118,17:27:26,2012-07-31
451740,122685,-67.190475,916,118,17:29:15,2012-07-31
451745,122685,-69.0,916,118,17:29:19,2012-07-31
451750,122685,-69.75,916,118,17:29:20,2012-07-31
451760,122685,-68.222221,916,118,17:29:23,2012-07-31
452160,122685,-56.0,916,118,17:36:53,2012-07-31
451605,122690,-65.0,916,118,17:27:27,2012-07-31
451730,122690,-66.0,916,118,17:29:10,2012-07-31
451735,122690,-66.599998,916,118,17:29:11,2012-07-31
451765,122690,-66.833336,916,118,17:29:25,2012-07-31
451970,122690,-42.0,916,118,17:30:01,2012-07-31
451975,122690,-41.5,916,118,17:30:01,2012-07-31
452160,122690,-56.0,916,118,17:36:53,2012-07-31
451410,122695,-62.0,916,118,18:11:00,2012-07-31
451595,122695,-64.666664,916,118,17:27:29,2012-07-31
451725,122695,-66.0,916,118,17:29:09,2012-07-31
451730,122695,-66.0,916,118,17:29:09,2012-07-31
451965,122695,-44.25,916,118,17:30:00,2012-07-31
452165,122695,-59.0,916,118,17:36:16,2012-07-31
451410,122700,-62.0,916,118,18:11:00,2012-07-31
451715,122700,-65.166664,916,118,17:29:07,2012-07-31
451720,122700,-66.0,916,118,17:29:08,2012-07-31
451770,122700,-66.0,916,118,17:29:25,2012-07-31
451775,122700,-66.0,916,118,17:29:26,2012-07-31
452165,122700,-56.0,916,118,17:36:52,2012-07-31
452170,122700,-59.200001,916,118,17:36:17,2012-07-31
451580,122705,-63.0,916,118,17:27:31,2012-07-31
451585,122705,-63.666668,916,118,17:27:30,2012-07-31
451710,122705,-65.0,916,118,17:29:06,2012-07-31
451715,122705,-65.0,916,118,17:29:07,2012-07-31
451955,122705,-47.0,916,118,17:29:58,2012-07-31
451420,122710,-65.0,916,118,17:28:03,2012-07-31
451425,122710,-66.5,916,118,17:28:03,2012-07-31
451580,122710,-64.25,916,118,17:27:32,2012-07-31
451700,122710,-64.333336,916,118,17:29:05,2012-07-31
451950,122710,-48.666668,916,118,17:29:57,2012-07-31
451260,122715,-65.0,916,118,17:38:43,2012-07-31
451425,122715,-64.800003,916,118,18:10:56,2012-07-31
451430,122715,-65.5,916,118,18:10:55,2012-07-31
451570,122715,-68.25,916,118,17:27:33,2012-07-31
452180,122715,-60.0,916,118,17:36:19,2012-07-31
451435,122720,-66.300003,916,118,18:10:54,2012-07-31
451560,122720,-69.0,916,118,17:27:34,2012-07-31
451695,122720,-62.666668,916,118,17:29:03,2012-07-31
451935,122720,-51.0,916,118,17:29:56,2012-07-31
452180,122720,-57.0,916,118,17:36:21,2012-07-31
451250,122725,-65.0,916,118,17:38:45,2012-07-31
451440,122725,-66.833336,916,118,18:10:54,2012-07-31
451555,122725,-68.666664,916,118,17:27:36,2012-07-31
451685,122725,-61.333332,916,118,17:29:02,2012-07-31
451930,122725,-53.5,916,118,17:29:54,2012-07-31
451450,122730,-64.0,916,118,18:10:53,2012-07-31
451675,122730,-62.333332,916,118,17:29:01,2012-07-31
451925,122730,-54.0,916,118,17:29:53,2012-07-31
452185,122730,-57.0,916,118,17:36:21,2012-07-31
451240,122735,-65.0,916,118,17:38:46,2012-07-31
451450,122735,-67.0,916,118,17:27:58,2012-07-31
451535,122735,-70.0,916,118,17:27:38,2012-07-31
451540,122735,-70.0,916,118,17:27:37,2012-07-31
451545,122735,-68.666664,916,118,17:27:37,2012-07-31
451665,122735,-63.0,916,118,17:28:59,2012-07-31
451670,122735,-63.0,916,118,17:29:00,2012-07-31
451920,122735,-54.666668,916,118,17:29:53,2012-07-31
452190,122735,-57.0,916,118,17:36:22,2012-07-31
451455,122740,-64.0,916,118,18:10:52,2012-07-31
451530,122740,-67.0,916,118,17:27:39,2012-07-31
451535,122740,-69.400002,916,118,17:27:39,2012-07-31
451660,122740,-63.0,916,118,17:28:59,2012-07-31
451910,122740,-55.0,916,118,17:29:52,2012-07-31
452195,122740,-56.200001,916,118,17:36:23,2012-07-31
451460,122745,-64.0,916,118,18:10:50,2012-07-31
451525,122745,-67.333336,916,118,17:27:40,2012-07-31
451655,122745,-63.0,916,118,17:28:58,2012-07-31
451910,122745,-59.0,916,118,17:29:51,2012-07-31
451215,122750,-65.0,916,118,17:38:48,2012-07-31
451220,122750,-65.0,916,118,17:38:47,2012-07-31
451520,122750,-68.0,916,118,17:27:41,2012-07-31
451525,122750,-68.0,916,118,17:27:41,2012-07-31
451645,122750,-63.0,916,118,17:28:57,2012-07-31
451900,122750,-61.0,916,118,17:29:49,2012-07-31
451905,122750,-60.599998,916,118,17:29:50,2012-07-31
452200,122750,-55.0,916,118,17:36:24,2012-07-31
451210,122755,-67.5,916,118,17:38:49,2012-07-31
451515,122755,-68.666664,916,118,17:27:43,2012-07-31
451640,122755,-63.875,916,118,17:28:56,2012-07-31
451900,122755,-61.0,916,118,17:29:49,2012-07-31
452200,122755,-55.0,916,118,17:36:25,2012-07-31
451205,122760,-70.0,916,118,17:38:49,2012-07-31
451470,122760,-65.333336,916,118,17:27:55,2012-07-31
451505,122760,-68.5,916,118,17:27:44,2012-07-31
451510,122760,-68.0,916,118,17:27:43,2012-07-31
451635,122760,-64.571426,916,118,17:28:55,2012-07-31
451890,122760,-61.0,916,118,17:29:47,2012-07-31
451895,122760,-61.0,916,118,17:29:47,2012-07-31
452205,122760,-54.400002,916,118,17:36:26,2012-07-31
452225,122760,-57.0,916,118,17:36:31,2012-07-31
451200,122765,-69.666664,916,118,17:38:50,2012-07-31
451475,122765,-64.0,916,118,17:27:54,2012-07-31
451500,122765,-66.333336,916,118,17:27:46,2012-07-31
451630,122765,-63.666668,916,118,17:28:53,2012-07-31
451890,122765,-61.0,916,118,17:29:46,2012-07-31
452210,122765,-54.200001,916,118,17:36:27,2012-07-31
452215,122765,-55.0,916,118,17:36:28,2012-07-31
452220,122765,-55.0,916,118,17:36:29,2012-07-31
451185,122770,-68.666664,916,118,17:38:52,2012-07-31
451480,122770,-64.0,916,118,17:27:53,2012-07-31
451485,122770,-62.0,916,118,17:27:51,2012-07-31
451490,122770,-63.333332,916,118,17:27:50,2012-07-31
451495,122770,-64.5,916,118,17:27:47,2012-07-31
451615,122770,-61.5,916,118,17:28:52,2012-07-31
451620,122770,-63.0,916,118,17:28:53,2012-07-31
451880,122770,-61.0,916,118,17:29:44,2012-07-31
451885,122770,-61.0,916,118,17:29:45,2012-07-31
451180,122775,-68.0,916,118,17:38:52,2012-07-31
451480,122775,-66.5,916,118,18:10:47,2012-07-31
451610,122775,-61.0,916,118,17:28:51,2012-07-31
451175,122780,-67.25,916,118,17:38:53,2012-07-31
451485,122780,-67.0,916,118,18:10:46,2012-07-31
451165,122785,-67.0,916,118,17:38:55,2012-07-31
451170,122785,-65.666664,916,118,17:38:54,2012-07-31
451490,122785,-66.333336,916,118,18:10:46,2012-07-31
451495,122785,-66.0,916,118,17:28:28,2012-07-31
451595,122785,-61.0,916,118,17:28:48,2012-07-31
451600,122785,-61.0,916,118,17:28:49,2012-07-31
451155,122790,-68.0,916,118,17:38:58,2012-07-31
451160,122790,-67.705879,916,118,17:38:56,2012-07-31
451500,122790,-66.0,916,118,17:28:29,2012-07-31
451150,122795,-69.0,916,118,17:39:01,2012-07-31
451155,122795,-68.666664,916,118,17:39:00,2012-07-31
451495,122795,-67.333336,916,118,18:10:45,2012-07-31
451505,122795,-66.0,916,118,17:28:30,2012-07-31
451585,122795,-60.333332,916,118,17:28:46,2012-07-31
451145,122800,-68.125,916,118,17:39:03,2012-07-31
451500,122800,-68.666664,916,118,18:10:43,2012-07-31
451510,122800,-66.0,916,118,17:28:31,2012-07-31
451580,122800,-60.666668,916,118,17:28:45,2012-07-31
451510,122805,-67.199997,916,118,17:28:32,2012-07-31
451570,122805,-61.75,916,118,17:28:44,2012-07-31
451575,122805,-61.0,916,118,17:28:44,2012-07-31
451515,122810,-66.0,916,118,17:28:32,2012-07-31
451565,122810,-61.5,916,118,17:28:42,2012-07-31
451895,122815,-66.0,916,118,18:13:58,2012-07-31
451900,122815,-66.0,916,118,18:13:57,2012-07-31
451520,122820,-69.099998,916,118,17:28:34,2012-07-31
451555,122820,-61.0,916,118,17:28:41,2012-07-31
451890,122820,-66.0,916,118,18:14:00,2012-07-31
451900,122820,-66.0,916,118,18:13:57,2012-07-31
451525,122825,-67.0,916,118,17:28:35,2012-07-31
451540,122825,-62.0,916,118,17:28:38,2012-07-31
451545,122825,-61.5,916,118,17:28:39,2012-07-31
451890,122825,-66.0,916,118,18:14:00,2012-07-31
451535,122830,-65.800003,916,118,17:28:37,2012-07-31
451540,122830,-64.25,916,118,17:28:38,2012-07-31
451535,122835,-72.900002,916,118,18:10:39,2012-07-31
451885,122835,-67.599998,916,118,18:14:02,2012-07-31
451000,122845,-72.0,916,118,17:42:31,2012-07-31
451885,122845,-70.0,916,118,18:14:04,2012-07-31
451550,122855,-72.0,916,118,18:10:35,2012-07-31
451885,122855,-70.25,916,118,18:14:05,2012-07-31
451005,122860,-75.0,916,118,17:42:29,2012-07-31
451885,122860,-71.0,916,118,18:14:06,2012-07-31
451885,122865,-71.333336,916,118,18:14:07,2012-07-31
451560,122870,-71.333336,916,118,18:10:33,2012-07-31
451880,122870,-72.0,916,118,18:14:07,2012-07-31
451005,122875,-62.0,916,118,17:42:26,2012-07-31
451880,122875,-72.0,916,118,18:14:08,2012-07-31
451005,122880,-62.0,916,118,17:42:26,2012-07-31
451010,122880,-62.0,916,118,17:42:26,2012-07-31
451190,122880,-65.125,916,118,17:57:32,2012-07-31
451195,122880,-69.666664,916,118,17:57:35,2012-07-31
451575,122880,-72.5,916,118,18:10:31,2012-07-31
451880,122880,-72.0,916,118,18:14:08,2012-07-31
451005,122885,-62.0,916,118,17:42:24,2012-07-31
451185,122885,-63.833332,916,118,17:57:31,2012-07-31
451190,122885,-63.0,916,118,17:57:32,2012-07-31
451205,122885,-72.0,916,118,17:57:37,2012-07-31
451880,122885,-72.599998,916,118,18:14:09,2012-07-31
450995,122890,-62.0,916,118,17:42:22,2012-07-31
451000,122890,-62.0,916,118,17:42:23,2012-07-31
451180,122890,-67.166664,916,118,17:57:28,2012-07-31
451210,122890,-72.0,916,118,17:57:38,2012-07-31
451580,122890,-73.0,916,118,18:10:29,2012-07-31
450975,122895,-62.0,916,118,17:42:20,2012-07-31
450990,122895,-62.0,916,118,17:42:21,2012-07-31
451215,122895,-73.800003,916,118,17:57:39,2012-07-31
451165,122900,-66.0,916,118,17:57:24,2012-07-31
451170,122900,-67.0,916,118,17:57:25,2012-07-31
451585,122900,-73.0,916,118,18:10:28,2012-07-31
451590,122900,-73.0,916,118,18:10:28,2012-07-31
451880,122900,-75.0,916,118,18:14:11,2012-07-31
451885,122900,-75.0,916,118,18:14:11,2012-07-31
451160,122905,-66.0,916,118,17:57:22,2012-07-31
451220,122905,-74.5,916,118,17:57:41,2012-07-31
451885,122905,-75.0,916,118,18:14:11,2012-07-31
451145,122910,-66.0,916,118,17:57:20,2012-07-31
451150,122910,-66.0,916,118,17:57:21,2012-07-31
451225,122910,-74.0,916,118,17:57:42,2012-07-31
451595,122910,-73.0,916,118,18:10:26,2012-07-31
451885,122910,-75.0,916,118,18:14:12,2012-07-31
451130,122915,-66.0,916,118,17:57:18,2012-07-31
451135,122915,-66.0,916,118,17:57:19,2012-07-31
451140,122915,-66.0,916,118,17:57:20,2012-07-31
451600,122915,-73.0,916,118,18:10:25,2012-07-31
451890,122915,-75.0,916,118,18:14:14,2012-07-31
451920,122915,-72.800003,916,118,18:13:14,2012-07-31
451935,122915,-72.25,916,118,18:13:15,2012-07-31
451940,122915,-72.599998,916,118,18:13:16,2012-07-31
451970,122915,-69.666664,916,118,18:13:19,2012-07-31
451980,122915,-68.333336,916,118,18:13:21,2012-07-31
451990,122915,-67.666664,916,118,18:13:22,2012-07-31
451995,122915,-69.0,916,118,18:13:22,2012-07-31
452000,122915,-69.0,916,118,18:13:23,2012-07-31
452005,122915,-69.0,916,118,18:13:24,2012-07-31
451895,122920,-75.0,916,118,18:14:15,2012-07-31
451900,122920,-73.0,916,118,18:13:11,2012-07-31
451905,122920,-72.0,916,118,18:13:11,2012-07-31
451910,122920,-72.25,916,118,18:13:12,2012-07-31
451915,122920,-73.800003,916,118,18:14:18,2012-07-31
451920,122920,-75.0,916,118,18:14:19,2012-07-31
451925,122920,-76.0,916,118,18:14:19,2012-07-31
451890,122925,-73.0,916,118,18:13:08,2012-07-31
451895,122925,-71.199997,916,118,18:13:09,2012-07-31
451610,122930,-71.0,916,118,18:11:38,2012-07-31
451880,122930,-69.25,916,118,18:13:05,2012-07-31
451885,122930,-72.25,916,118,18:13:07,2012-07-31
451875,122935,-69.5,916,118,18:13:04,2012-07-31
451620,122940,-71.0,916,118,18:11:39,2012-07-31
451870,122940,-68.0,916,118,18:13:02,2012-07-31
451865,122945,-66.333336,916,118,18:13:01,2012-07-31
451625,122950,-71.0,916,118,18:11:40,2012-07-31
451855,122950,-68.0,916,118,18:12:59,2012-07-31
451630,122955,-71.0,916,118,18:11:41,2012-07-31
451850,122955,-70.5,916,118,18:12:58,2012-07-31
451840,122960,-72.0,916,118,18:12:56,2012-07-31
451845,122960,-72.0,916,118,18:12:57,2012-07-31
451635,122965,-71.0,916,118,18:11:42,2012-07-31
451830,122965,-72.666664,916,118,18:12:55,2012-07-31
451830,122970,-71.0,916,118,18:12:54,2012-07-31
451645,122975,-72.5,916,118,18:11:43,2012-07-31
451815,122975,-69.0,916,118,18:12:51,2012-07-31
451820,122975,-69.0,916,118,18:12:52,2012-07-31
451805,122980,-69.0,916,118,18:12:49,2012-07-31
451810,122980,-69.0,916,118,18:12:50,2012-07-31
451815,122980,-69.0,916,118,18:12:50,2012-07-31
451805,122985,-69.0,916,118,18:12:48,2012-07-31
451800,122990,-69.0,916,118,18:12:47,2012-07-31
451655,123020,-79.0,916,118,18:12:06,2012-07-31
451660,123020,-72.0,916,118,18:11:57,2012-07-31
451650,123025,-74.277779,916,118,18:11:58,2012-07-31
451655,123025,-75.300003,916,118,18:11:57,2012-07-31
451860,121850,-43.0,916,118,17:05:32,2012-07-31
451870,121865,-43.0,916,118,17:05:33,2012-07-31
449845,121870,-63.5,916,118,12:57:11,2012-07-30
449850,121870,-61.799999,916,118,12:57:12,2012-07-30
451875,121875,-43.0,916,118,17:05:35,2012-07-31
449855,121880,-60.666668,916,118,12:57:14,2012-07-30
449860,121880,-60.0,916,118,12:57:14,2012-07-30
451880,121885,-43.0,916,118,17:05:35,2012-07-31
449845,121890,-64.0,916,118,12:57:09,2012-07-30
449860,121890,-59.333332,916,118,12:57:15,2012-07-30
449865,121890,-58.0,916,118,12:57:15,2012-07-30
449865,121895,-58.0,916,118,12:57:16,2012-07-30
451890,121895,-43.0,916,118,17:05:36,2012-07-31
451900,121915,-42.75,916,118,17:05:37,2012-07-31
449870,121920,-61.25,916,118,12:57:05,2012-07-30
451900,121920,-42.0,916,118,17:05:38,2012-07-31
451910,121930,-42.0,916,118,17:05:39,2012-07-31
449875,121935,-61.0,916,118,12:57:04,2012-07-30
449880,121945,-61.0,916,118,12:57:03,2012-07-30
451915,121945,-42.0,916,118,17:05:40,2012-07-31
449880,121950,-61.0,916,118,12:57:02,2012-07-30
451920,121950,-42.0,916,118,17:05:41,2012-07-31
449880,121955,-61.0,916,118,12:57:02,2012-07-30
449880,121960,-61.0,916,118,12:57:02,2012-07-30
451925,121960,-42.666668,916,118,17:05:42,2012-07-31
449880,121965,-61.0,916,118,12:57:02,2012-07-30
449885,121970,-61.0,916,118,12:57:01,2012-07-30
451935,121975,-44.0,916,118,17:05:43,2012-07-31
449885,121980,-61.75,916,118,12:57:01,2012-07-30
451945,121990,-44.0,916,118,17:05:45,2012-07-31
451950,121995,-44.0,916,118,17:05:45,2012-07-31
451950,122000,-44.0,916,118,17:05:45,2012-07-31
451955,122005,-44.0,916,118,17:05:46,2012-07-31
449890,122010,-61.625,916,118,12:56:59,2012-07-30
451960,122015,-44.0,916,118,17:05:47,2012-07-31
449885,122020,-61.0,916,118,12:56:59,2012-07-30
451960,122020,-44.0,916,118,17:05:47,2012-07-31
449885,122025,-61.0,916,118,12:56:58,2012-07-30
451965,122025,-44.25,916,118,17:05:47,2012-07-31
451970,122030,-45.0,916,118,17:05:48,2012-07-31
449875,122035,-61.0,916,118,12:56:57,2012-07-30
451970,122040,-44.25,916,118,17:05:49,2012-07-31
449870,122045,-61.0,916,118,12:56:55,2012-07-30
449865,122050,-61.0,916,118,12:56:55,2012-07-30
451980,122055,-42.5,916,118,17:05:50,2012-07-31
451985,122060,-44.0,916,118,17:05:51,2012-07-31
451990,122070,-44.0,916,118,17:05:52,2012-07-31
449855,122075,-61.0,916,118,12:56:54,2012-07-30
451995,122075,-44.0,916,118,17:05:52,2012-07-31
452000,122085,-45.666668,916,118,17:05:53,2012-07-31
452005,122095,-49.25,916,118,17:05:54,2012-07-31
452010,122100,-50.200001,916,118,17:05:55,2012-07-31
452015,122110,-49.799999,916,118,17:05:57,2012-07-31
452020,122120,-46.0,916,118,17:07:10,2012-07-31
452020,122125,-46.0,916,118,17:07:11,2012-07-31
452025,122130,-45.75,916,118,17:07:14,2012-07-31
452025,122135,-45.75,916,118,17:07:17,2012-07-31
452025,122140,-45.0,916,118,17:07:19,2012-07-31
452010,122150,-46.333332,916,118,17:07:23,2012-07-31
452015,122150,-45.333332,916,118,17:07:21,2012-07-31
452000,122155,-48.333332,916,118,17:07:24,2012-07-31
452015,122155,-48.333332,916,118,17:34:05,2012-07-31
452025,122155,-48.75,916,118,17:34:04,2012-07-31
452030,122155,-47.5,916,118,17:34:02,2012-07-31
451990,122160,-51.5,916,118,17:07:25,2012-07-31
452000,122160,-50.0,916,118,17:34:06,2012-07-31
452035,122160,-47.666668,916,118,17:34:01,2012-07-31
451980,122165,-54.0,916,118,17:34:08,2012-07-31
451985,122165,-52.5,916,118,17:07:26,2012-07-31
451990,122165,-52.0,916,118,17:34:07,2012-07-31
452040,122165,-49.441341,916,118,17:32:27,2012-07-31
451975,122170,-54.142857,916,118,17:07:27,2012-07-31
451980,122170,-54.0,916,118,17:34:09,2012-07-31
452040,122170,-48.551998,916,118,17:33:21,2012-07-31
452045,122170,-51.0,916,118,17:32:20,2012-07-31
451965,122175,-57.666668,916,118,17:07:28,2012-07-31
451970,122175,-55.0,916,118,17:34:10,2012-07-31
452045,122175,-51.0,916,118,17:32:20,2012-07-31
451955,122180,-61.0,916,118,17:07:29,2012-07-31
451960,122180,-55.25,916,118,17:34:11,2012-07-31
452050,122180,-53.25,916,118,17:32:19,2012-07-31
451945,122185,-61.0,916,118,17:07:30,2012-07-31
451950,122185,-57.0,916,118,17:34:12,2012-07-31
452055,122185,-54.0,916,118,17:32:18,2012-07-31
451940,122190,-61.0,916,118,17:07:31,2012-07-31
451945,122190,-58.0,916,118,17:34:13,2012-07-31
452055,122190,-54.75,916,118,17:32:18,2012-07-31
451935,122195,-59.18182,916,118,17:34:13,2012-07-31
451930,122200,-61.0,916,118,17:07:33,2012-07-31
451935,122200,-58.0,916,118,17:34:14,2012-07-31
451920,122205,-59.0,916,118,17:34:15,2012-07-31
451925,122205,-61.0,916,118,17:07:34,2012-07-31
452065,122205,-55.666668,916,118,17:32:16,2012-07-31
451915,122210,-60.25,916,118,17:07:35,2012-07-31
451905,122215,-57.75,916,118,17:07:37,2012-07-31
451910,122215,-58.0,916,118,17:07:36,2012-07-31
451915,122215,-59.5,916,118,17:34:16,2012-07-31
451665,122220,-64.698112,916,118,17:20:34,2012-07-31
451670,122220,-64.0,916,118,17:20:30,2012-07-31
451900,122220,-57.0,916,118,17:07:38,2012-07-31
451905,122220,-57.0,916,118,17:07:37,2012-07-31
452075,122220,-54.666668,916,118,17:32:15,2012-07-31
451650,122225,-64.0,916,118,17:20:25,2012-07-31
451895,122225,-57.0,916,118,17:07:38,2012-07-31
451900,122225,-60.0,916,118,17:07:38,2012-07-31
451890,122230,-59.200001,916,118,17:07:39,2012-07-31
449690,122235,-62.0,916,118,12:51:08,2012-07-30
449700,122235,-62.0,916,118,12:51:08,2012-07-30
449715,122235,-62.0,916,118,12:51:07,2012-07-30
451640,122235,-64.75,916,118,17:20:24,2012-07-31
452085,122235,-53.333332,916,118,17:32:13,2012-07-31
449685,122240,-62.0,916,118,12:51:09,2012-07-30
451625,122240,-65.0,916,118,17:20:22,2012-07-31
451875,122240,-59.200001,916,118,17:34:21,2012-07-31
449575,122245,-69.571426,916,118,12:51:23,2012-07-30
449585,122245,-70.0,916,118,12:51:21,2012-07-30
449590,122245,-70.0,916,118,12:51:21,2012-07-30
449595,122245,-69.199997,916,118,12:51:20,2012-07-30
449680,122245,-62.0,916,118,12:51:09,2012-07-30
452095,122245,-53.0,916,118,17:32:12,2012-07-31
449600,122250,-69.0,916,118,12:51:20,2012-07-30
449605,122250,-69.0,916,118,12:51:20,2012-07-30
449610,122250,-69.599998,916,118,12:51:19,2012-07-30
449670,122250,-62.0,916,118,12:51:11,2012-07-30
449675,122250,-62.0,916,118,12:51:10,2012-07-30
451870,122250,-58.25,916,118,17:34:22,2012-07-31
452095,122250,-53.0,916,118,17:32:12,2012-07-31
449615,122255,-70.0,916,118,12:51:19,2012-07-30
449620,122255,-68.666664,916,118,12:51:18,2012-07-30
449630,122255,-67.333336,916,118,12:51:16,2012-07-30
451580,122255,-62.333332,916,118,17:20:17,2012-07-31
451590,122255,-63.25,916,118,17:20:18,2012-07-31
451860,122255,-56.0,916,118,17:34:23,2012-07-31
449635,122260,-67.0,916,118,12:51:16,2012-07-30
449640,122260,-66.25,916,118,12:51:15,2012-07-30
449650,122260,-64.5,916,118,12:51:14,2012-07-30
449660,122260,-62.666668,916,118,12:51:12,2012-07-30
451575,122260,-61.0,916,118,17:20:15,2012-07-31
452105,122260,-52.25,916,118,17:32:10,2012-07-31
451565,122265,-61.0,916,118,17:20:15,2012-07-31
451850,122265,-55.75,916,118,17:34:25,2012-07-31
452105,122265,-52.0,916,118,17:32:10,2012-07-31
451555,122270,-61.0,916,118,17:20:13,2012-07-31
451560,122270,-61.0,916,118,17:20:14,2012-07-31
452110,122270,-52.666668,916,118,17:32:09,2012-07-31
451545,122275,-61.0,916,118,17:20:11,2012-07-31
451850,122275,-55.0,916,118,17:34:26,2012-07-31
452115,122275,-53.0,916,118,17:32:08,2012-07-31
451535,122280,-61.0,916,118,17:20:11,2012-07-31
451830,122280,-60.0,916,118,17:37:45,2012-07-31
451840,122280,-60.0,916,118,17:37:43,2012-07-31
451850,122280,-54.333332,916,118,17:34:27,2012-07-31
452115,122280,-53.0,916,118,17:32:08,2012-07-31
452120,122280,-55.400002,916,118,17:32:08,2012-07-31
451845,122285,-58.0,916,118,17:37:42,2012-07-31
452120,122285,-57.0,916,118,17:32:07,2012-07-31
451815,122290,-59.75,916,118,17:37:47,2012-07-31
451845,122290,-55.400002,916,118,17:37:41,2012-07-31
451855,122290,-52.333332,916,118,17:34:29,2012-07-31
451805,122295,-57.5,916,118,17:37:48,2012-07-31
452125,122295,-57.0,916,118,17:32:06,2012-07-31
451855,122300,-53.0,916,118,17:37:40,2012-07-31
451795,122305,-56.0,916,118,17:37:49,2012-07-31
451860,122305,-52.5,916,118,17:37:40,2012-07-31
451865,122305,-51.0,916,118,17:34:30,2012-07-31
452135,122305,-56.333332,916,118,17:32:05,2012-07-31
451785,122310,-56.0,916,118,17:37:51,2012-07-31
451865,122315,-50.857143,916,118,17:37:38,2012-07-31
451875,122315,-51.0,916,118,17:34:31,2012-07-31
452140,122315,-57.333332,916,118,17:32:03,2012-07-31
451775,122320,-57.0,916,118,17:37:52,2012-07-31
451875,122320,-50.57143,916,118,17:37:37,2012-07-31
451880,122325,-51.5,916,118,17:34:32,2012-07-31
451880,122330,-50.0,916,118,17:37:37,2012-07-31
451755,122335,-57.333332,916,118,17:37:54,2012-07-31
451885,122335,-52.0,916,118,17:37:35,2012-07-31
451890,122335,-53.666668,916,118,17:34:33,2012-07-31
452150,122335,-57.333332,916,118,17:32:02,2012-07-31
451745,122340,-58.0,916,118,17:37:54,2012-07-31
451890,122340,-52.0,916,118,17:37:34,2012-07-31
451895,122345,-51.333332,916,118,17:37:34,2012-07-31
452160,122345,-57.0,916,118,17:32:01,2012-07-31
451705,122350,-64.0,916,118,17:18:06,2012-07-31
451735,122350,-58.0,916,118,17:37:56,2012-07-31
451900,122350,-51.0,916,118,17:37:33,2012-07-31
451905,122350,-58.200001,916,118,17:34:35,2012-07-31
451705,122355,-64.0,916,118,17:18:06,2012-07-31
451725,122355,-58.0,916,118,17:37:57,2012-07-31
451905,122355,-51.0,916,118,17:37:33,2012-07-31
452165,122355,-57.0,916,118,17:32:00,2012-07-31
451705,122360,-65.599998,916,118,17:18:05,2012-07-31
451910,122360,-57.75,916,118,17:37:32,2012-07-31
451715,122365,-58.333332,916,118,17:37:58,2012-07-31
452170,122365,-57.666668,916,118,17:31:59,2012-07-31
451705,122370,-62.625,916,118,17:37:59,2012-07-31
451915,122370,-50.333332,916,118,17:37:31,2012-07-31
451920,122370,-58.888889,916,118,17:34:37,2012-07-31
451710,122375,-65.5,916,118,17:18:02,2012-07-31
452175,122375,-58.0,916,118,17:31:58,2012-07-31
451710,122380,-63.857143,916,118,17:18:00,2012-07-31
451925,122380,-47.75,916,118,17:37:30,2012-07-31
452180,122380,-55.75,916,118,17:31:56,2012-07-31
451710,122385,-60.333332,916,118,17:17:58,2012-07-31
451715,122385,-60.5,916,118,17:17:57,2012-07-31
451930,122385,-57.666668,916,118,17:34:39,2012-07-31
452435,122385,-51.0,916,118,17:31:03,2012-07-31
451685,122390,-59.599998,916,118,17:38:01,2012-07-31
451715,122390,-60.599998,916,118,17:17:55,2012-07-31
451930,122390,-47.0,916,118,17:37:29,2012-07-31
452190,122390,-55.0,916,118,17:31:56,2012-07-31
452430,122390,-51.0,916,118,17:31:02,2012-07-31
452435,122390,-51.0,916,118,17:31:03,2012-07-31
451935,122395,-52.875,916,118,17:37:28,2012-07-31
452430,122395,-50.25,916,118,17:31:02,2012-07-31
451445,122400,-71.0,916,118,17:09:20,2012-07-31
452195,122400,-55.75,916,118,17:31:55,2012-07-31
452425,122400,-50.0,916,118,17:31:02,2012-07-31
451450,122405,-71.0,916,118,17:09:19,2012-07-31
451665,122405,-60.75,916,118,17:38:04,2012-07-31
451715,122405,-58.0,916,118,17:17:54,2012-07-31
451950,122405,-52.0,916,118,17:34:41,2012-07-31
451715,122410,-55.666668,916,118,17:17:53,2012-07-31
451950,122410,-46.666668,916,118,17:37:27,2012-07-31
452200,122410,-55.0,916,118,17:31:54,2012-07-31
452415,122410,-50.5,916,118,17:31:01,2012-07-31
451455,122415,-71.0,916,118,17:09:18,2012-07-31
451955,122415,-50.799999,916,118,17:34:42,2012-07-31
451715,122420,-55.0,916,118,17:17:52,2012-07-31
452205,122420,-54.0,916,118,17:31:53,2012-07-31
452405,122420,-48.599998,916,118,17:30:59,2012-07-31
451460,122425,-71.0,916,118,17:09:17,2012-07-31
451960,122425,-45.333332,916,118,17:37:25,2012-07-31
452210,122425,-52.666668,916,118,17:31:52,2012-07-31
451465,122430,-70.333336,916,118,17:09:17,2012-07-31
451720,122430,-57.25,916,118,17:17:51,2012-07-31
451965,122430,-48.666668,916,118,17:34:43,2012-07-31
452395,122430,-45.75,916,118,17:30:58,2012-07-31
451720,122435,-59.0,916,118,17:17:50,2012-07-31
452385,122435,-44.0,916,118,17:30:56,2012-07-31
451470,122440,-69.333336,916,118,17:09:16,2012-07-31
451970,122440,-47.0,916,118,17:37:24,2012-07-31
451975,122440,-48.0,916,118,17:34:45,2012-07-31
451610,122445,-56.0,916,118,17:08:11,2012-07-31
451615,122445,-56.0,916,118,17:08:11,2012-07-31
451720,122445,-59.0,916,118,17:17:49,2012-07-31
452225,122445,-49.599998,916,118,17:31:50,2012-07-31
451605,122450,-56.0,916,118,17:08:11,2012-07-31
451610,122450,-56.0,916,118,17:08:11,2012-07-31
451720,122450,-58.5,916,118,17:17:50,2012-07-31
451980,122450,-46.666668,916,118,17:37:23,2012-07-31
451985,122450,-48.0,916,118,17:34:45,2012-07-31
451480,122455,-67.666664,916,118,17:09:14,2012-07-31
451600,122455,-56.0,916,118,17:08:12,2012-07-31
451720,122455,-60.5,916,118,17:17:48,2012-07-31
452230,122455,-49.0,916,118,17:31:49,2012-07-31
452365,122455,-43.0,916,118,17:30:54,2012-07-31
451720,122460,-61.0,916,118,17:17:48,2012-07-31
451985,122460,-46.0,916,118,17:37:22,2012-07-31
452360,122460,-42.25,916,118,17:30:54,2012-07-31
451485,122465,-65.666664,916,118,17:09:13,2012-07-31
451590,122465,-56.0,916,118,17:08:14,2012-07-31
451720,122465,-61.666668,916,118,17:17:47,2012-07-31
451990,122465,-45.25,916,118,17:37:21,2012-07-31
452235,122465,-47.200001,916,118,17:31:48,2012-07-31
452350,122465,-44.0,916,118,17:30:52,2012-07-31
451580,122470,-56.0,916,118,17:08:14,2012-07-31
451995,122470,-48.0,916,118,17:34:47,2012-07-31
452345,122470,-45.0,916,118,17:30:51,2012-07-31
451570,122475,-56.0,916,118,17:08:15,2012-07-31
452000,122475,-47.400002,916,118,17:37:21,2012-07-31
452240,122475,-46.0,916,118,17:31:47,2012-07-31
452340,122475,-45.75,916,118,17:30:51,2012-07-31
451495,122480,-62.0,916,118,17:09:11,2012-07-31
451560,122480,-56.0,916,118,17:08:16,2012-07-31
451570,122480,-56.0,916,118,17:08:16,2012-07-31
452005,122480,-45.0,916,118,17:37:20,2012-07-31
452335,122480,-46.0,916,118,17:30:50,2012-07-31
451495,122485,-62.0,916,118,17:09:10,2012-07-31
451500,122485,-62.75,916,118,17:09:10,2012-07-31
451555,122485,-56.0,916,118,17:08:18,2012-07-31
451720,122485,-63.333332,916,118,17:17:46,2012-07-31
452010,122485,-47.75,916,118,17:34:49,2012-07-31
452245,122485,-45.333332,916,118,17:31:47,2012-07-31
452250,122485,-45.0,916,118,17:31:45,2012-07-31
452330,122485,-47.5,916,118,17:30:49,2012-07-31
451500,122490,-63.0,916,118,17:09:10,2012-07-31
451510,122490,-65.0,916,118,17:25:36,2012-07-31
451545,122490,-59.0,916,118,17:08:19,2012-07-31
452320,122490,-48.0,916,118,17:30:49,2012-07-31
451505,122495,-63.0,916,118,17:09:08,2012-07-31
451510,122495,-65.0,916,118,17:25:37,2012-07-31
451515,122495,-65.0,916,118,17:25:40,2012-07-31
451540,122495,-62.0,916,118,17:08:21,2012-07-31
452015,122495,-47.0,916,118,17:34:49,2012-07-31
452315,122495,-48.0,916,118,17:30:48,2012-07-31
452325,122495,-43.0,916,118,17:31:28,2012-07-31
451505,122500,-63.0,916,118,17:09:08,2012-07-31
451510,122500,-63.0,916,118,17:09:08,2012-07-31
451515,122500,-65.0,916,118,17:25:40,2012-07-31
451725,122500,-63.333332,916,118,17:17:44,2012-07-31
452025,122500,-46.666668,916,118,17:34:50,2012-07-31
452310,122500,-48.0,916,118,17:30:47,2012-07-31
452320,122500,-43.0,916,118,17:31:29,2012-07-31
451510,122505,-63.0,916,118,17:09:07,2012-07-31
451515,122505,-63.5,916,118,17:09:06,2012-07-31
451520,122505,-63.0,916,118,17:09:06,2012-07-31
452020,122505,-44.25,916,118,17:37:18,2012-07-31
452260,122505,-46.333332,916,118,17:31:44,2012-07-31
452305,122505,-48.0,916,118,17:30:46,2012-07-31
452315,122505,-43.0,916,118,17:31:30,2012-07-31
451520,122510,-66.0,916,118,17:25:44,2012-07-31
452260,122510,-48.333332,916,118,17:31:42,2012-07-31
452295,122510,-47.333332,916,118,17:30:45,2012-07-31
452305,122510,-43.0,916,118,17:31:31,2012-07-31
452310,122510,-43.0,916,118,17:31:31,2012-07-31
451515,122515,-67.0,916,118,17:25:45,2012-07-31
451725,122515,-63.75,916,118,17:17:43,2012-07-31
452035,122515,-45.5,916,118,17:34:52,2012-07-31
451505,122520,-60.285713,916,118,17:16:37,2012-07-31
451725,122520,-64.0,916,118,17:17:42,2012-07-31
452035,122520,-41.333332,916,118,17:37:17,2012-07-31
452040,122520,-44.0,916,118,17:34:52,2012-07-31
452280,122520,-48.0,916,118,17:30:43,2012-07-31
452285,122520,-47.666668,916,118,17:30:44,2012-07-31
452295,122520,-43.0,916,118,17:31:33,2012-07-31
452300,122520,-43.0,916,118,17:31:32,2012-07-31
451500,122525,-61.75,916,118,17:16:33,2012-07-31
451505,122525,-62.599998,916,118,17:16:36,2012-07-31
451510,122525,-66.800003,916,118,17:25:47,2012-07-31
452045,122525,-44.5,916,118,17:34:53,2012-07-31
452265,122525,-51.0,916,118,17:31:41,2012-07-31
452275,122525,-50.25,916,118,17:30:42,2012-07-31
452295,122525,-43.0,916,118,17:31:33,2012-07-31
451495,122530,-63.666668,916,118,17:16:30,2012-07-31
451505,122530,-66.0,916,118,17:25:48,2012-07-31
451510,122530,-66.0,916,118,17:25:48,2012-07-31
451725,122530,-64.0,916,118,17:17:41,2012-07-31
452045,122530,-40.0,916,118,17:37:15,2012-07-31
452290,122530,-50.333332,916,118,17:31:34,2012-07-31
451485,122535,-64.0,916,118,17:16:27,2012-07-31
451500,122535,-66.0,916,118,17:25:49,2012-07-31
452050,122535,-46.0,916,118,17:34:54,2012-07-31
452260,122535,-52.333332,916,118,17:30:41,2012-07-31
452270,122535,-52.0,916,118,17:31:39,2012-07-31
452285,122535,-54.0,916,118,17:31:35,2012-07-31
451480,122540,-64.0,916,118,17:16:26,2012-07-31
451490,122540,-66.0,916,118,17:25:50,2012-07-31
451730,122540,-64.0,916,118,17:17:40,2012-07-31
452050,122540,-40.0,916,118,17:37:15,2012-07-31
452055,122540,-45.666668,916,118,17:34:54,2012-07-31
452250,122540,-53.0,916,118,17:30:38,2012-07-31
452255,122540,-53.0,916,118,17:30:40,2012-07-31
452270,122540,-52.0,916,118,17:31:38,2012-07-31
452275,122540,-52.799999,916,118,17:31:38,2012-07-31
452280,122540,-53.75,916,118,17:31:37,2012-07-31
452285,122540,-54.0,916,118,17:31:36,2012-07-31
451475,122545,-64.0,916,118,17:16:25,2012-07-31
451730,122545,-64.0,916,118,17:17:40,2012-07-31
452235,122545,-55.0,916,118,17:30:37,2012-07-31
452240,122545,-54.42857,916,118,17:30:38,2012-07-31
451465,122550,-64.0,916,118,17:16:24,2012-07-31
451475,122550,-66.0,916,118,17:25:52,2012-07-31
451480,122550,-66.0,916,118,17:25:51,2012-07-31
451730,122550,-64.0,916,118,17:17:40,2012-07-31
452060,122550,-45.0,916,118,17:34:55,2012-07-31
451730,122555,-64.0,916,118,17:17:39,2012-07-31
452065,122555,-43.555557,916,118,17:37:14,2012-07-31
452220,122555,-53.0,916,118,17:30:35,2012-07-31
451460,122560,-67.0,916,118,17:25:53,2012-07-31
451465,122560,-67.0,916,118,17:25:53,2012-07-31
451730,122560,-64.0,916,118,17:17:38,2012-07-31
452210,122560,-50.0,916,118,17:30:34,2012-07-31
451460,122565,-67.0,916,118,17:25:54,2012-07-31
451730,122565,-64.0,916,118,17:17:38,2012-07-31
452070,122565,-43.666668,916,118,17:37:13,2012-07-31
452075,122565,-45.333332,916,118,17:34:57,2012-07-31
451730,122570,-64.0,916,118,17:17:37,2012-07-31
452190,122570,-48.333332,916,118,17:30:32,2012-07-31
451730,122575,-64.0,916,118,17:17:37,2012-07-31
451735,122575,-64.0,916,118,17:17:37,2012-07-31
452080,122575,-45.200001,916,118,17:37:11,2012-07-31
452180,122575,-47.0,916,118,17:30:31,2012-07-31
451735,122580,-64.0,916,118,17:17:36,2012-07-31
452085,122580,-47.0,916,118,17:34:59,2012-07-31
452170,122580,-45.5,916,118,17:30:30,2012-07-31
451735,122585,-64.0,916,118,17:17:36,2012-07-31
452090,122585,-49.0,916,118,17:34:59,2012-07-31
452160,122585,-45.0,916,118,17:30:28,2012-07-31
452090,122590,-48.599998,916,118,17:37:10,2012-07-31
452095,122590,-49.333332,916,118,17:35:00,2012-07-31
452150,122590,-45.666668,916,118,17:30:27,2012-07-31
452100,122595,-50.25,916,118,17:35:01,2012-07-31
452135,122595,-46.0,916,118,17:30:25,2012-07-31
452095,122600,-51.25,916,118,17:37:08,2012-07-31
452105,122600,-51.333332,916,118,17:35:03,2012-07-31
452125,122600,-45.5,916,118,17:30:24,2012-07-31
452105,122605,-52.0,916,118,17:37:07,2012-07-31
452115,122605,-45.0,916,118,17:30:22,2012-07-31
451635,122610,-67.25,916,118,17:27:05,2012-07-31
451640,122610,-64.599998,916,118,17:27:06,2012-07-31
451645,122610,-63.0,916,118,17:27:07,2012-07-31
451650,122610,-63.0,916,118,17:27:08,2012-07-31
452105,122610,-50.636364,916,118,17:30:20,2012-07-31
452110,122610,-43.666668,916,118,17:30:21,2012-07-31
451630,122615,-57.18182,916,118,17:26:55,2012-07-31
451635,122615,-65.421051,916,118,17:26:58,2012-07-31
451655,122615,-63.0,916,118,17:27:09,2012-07-31
451660,122615,-64.0,916,118,17:27:09,2012-07-31
452095,122615,-41.285713,916,118,17:30:17,2012-07-31
452100,122615,-42.200001,916,118,17:30:19,2012-07-31
452105,122615,-52.0,916,118,17:35:06,2012-07-31
452110,122615,-49.25,916,118,17:37:06,2012-07-31
451620,122620,-57.666668,916,118,17:26:53,2012-07-31
452090,122620,-39.833332,916,118,17:30:15,2012-07-31
452095,122620,-39.125,916,118,17:36:02,2012-07-31
452100,122620,-47.25,916,118,17:36:05,2012-07-31
452115,122620,-44.5,916,118,17:36:06,2012-07-31
451600,122625,-59.0,916,118,17:26:51,2012-07-31
451610,122625,-58.666668,916,118,17:26:52,2012-07-31
451675,122625,-66.0,916,118,17:27:13,2012-07-31
452085,122625,-39.0,916,118,17:36:01,2012-07-31
452090,122625,-49.0,916,118,17:35:09,2012-07-31
452095,122625,-49.0,916,118,17:35:08,2012-07-31
452120,122625,-43.5,916,118,17:36:07,2012-07-31
451585,122630,-62.0,916,118,17:26:49,2012-07-31
451590,122630,-61.0,916,118,17:26:49,2012-07-31
451595,122630,-59.0,916,118,17:26:51,2012-07-31
451675,122630,-66.0,916,118,17:27:13,2012-07-31
452075,122630,-39.666668,916,118,17:30:14,2012-07-31
452080,122630,-45.666668,916,118,17:36:00,2012-07-31
452085,122630,-49.400002,916,118,17:35:11,2012-07-31
452090,122630,-49.0,916,118,17:35:10,2012-07-31
452120,122630,-48.666668,916,118,17:37:01,2012-07-31
451570,122635,-60.0,916,118,17:26:46,2012-07-31
451580,122635,-62.0,916,118,17:26:48,2012-07-31
452065,122635,-40.0,916,118,17:30:13,2012-07-31
452075,122635,-39.0,916,118,17:35:59,2012-07-31
452080,122635,-51.0,916,118,17:35:12,2012-07-31
452125,122635,-46.0,916,118,17:36:09,2012-07-31
451560,122640,-59.0,916,118,17:26:45,2012-07-31
451675,122640,-66.0,916,118,17:27:15,2012-07-31
452065,122640,-45.0,916,118,17:35:58,2012-07-31
451540,122645,-61.0,916,118,17:26:43,2012-07-31
451545,122645,-60.333332,916,118,17:26:44,2012-07-31
451665,122645,-66.0,916,118,17:27:17,2012-07-31
451670,122645,-66.0,916,118,17:27:16,2012-07-31
452050,122645,-40.0,916,118,17:30:11,2012-07-31
452060,122645,-49.0,916,118,17:35:16,2012-07-31
452135,122645,-49.75,916,118,17:36:10,2012-07-31
451530,122650,-61.0,916,118,17:26:41,2012-07-31
451540,122650,-61.0,916,118,17:26:42,2012-07-31
451660,122650,-66.0,916,118,17:27:18,2012-07-31
451665,122650,-66.0,916,118,17:27:17,2012-07-31
452040,122650,-40.0,916,118,17:30:10,2012-07-31
452050,122650,-49.0,916,118,17:35:17,2012-07-31
452055,122650,-41.333332,916,118,17:35:56,2012-07-31
451515,122655,-62.0,916,118,17:26:39,2012-07-31
451520,122655,-61.75,916,118,17:26:39,2012-07-31
451525,122655,-61.0,916,118,17:26:40,2012-07-31
451650,122655,-65.0,916,118,17:27:20,2012-07-31
451655,122655,-65.75,916,118,17:27:19,2012-07-31
452015,122655,-46.75,916,118,17:35:25,2012-07-31
452020,122655,-44.21212,916,118,17:35:47,2012-07-31
452025,122655,-43.666668,916,118,17:35:49,2012-07-31
452035,122655,-40.0,916,118,17:30:08,2012-07-31
452040,122655,-44.0,916,118,17:35:54,2012-07-31
452045,122655,-43.5,916,118,17:35:55,2012-07-31
452135,122655,-53.0,916,118,17:36:58,2012-07-31
452140,122655,-49.5,916,118,17:36:11,2012-07-31
451495,122660,-62.333332,916,118,17:26:37,2012-07-31
451505,122660,-63.0,916,118,17:26:37,2012-07-31
451510,122660,-62.5,916,118,17:26:38,2012-07-31
451645,122660,-65.0,916,118,17:27:20,2012-07-31
452015,122660,-44.0,916,118,17:35:24,2012-07-31
452025,122660,-42.272728,916,118,17:30:08,2012-07-31
452030,122660,-44.75,916,118,17:35:52,2012-07-31
452035,122660,-46.0,916,118,17:35:54,2012-07-31
452140,122660,-55.57143,916,118,17:36:57,2012-07-31
451485,122665,-63.0,916,118,17:26:34,2012-07-31
451490,122665,-62.666668,916,118,17:26:35,2012-07-31
451635,122665,-65.0,916,118,17:27:22,2012-07-31
452015,122665,-44.0,916,118,17:35:22,2012-07-31
452020,122665,-40.0,916,118,17:30:07,2012-07-31
452025,122665,-43.333332,916,118,17:35:21,2012-07-31
452030,122665,-44.5,916,118,17:35:20,2012-07-31
451470,122670,-63.0,916,118,17:26:32,2012-07-31
451480,122670,-63.0,916,118,17:26:34,2012-07-31
451630,122670,-65.25,916,118,17:27:23,2012-07-31
452010,122670,-39.333332,916,118,17:30:06,2012-07-31
452145,122670,-56.0,916,118,17:36:56,2012-07-31
451460,122675,-63.0,916,118,17:26:31,2012-07-31
451465,122675,-63.0,916,118,17:26:31,2012-07-31
451620,122675,-66.0,916,118,17:27:25,2012-07-31
452005,122675,-39.666668,916,118,17:30:04,2012-07-31
452150,122675,-54.5,916,118,17:36:13,2012-07-31
451445,122680,-63.0,916,118,17:26:29,2012-07-31
451450,122680,-63.0,916,118,17:26:29,2012-07-31
451615,122680,-65.0,916,118,17:27:25,2012-07-31
451620,122680,-65.333336,916,118,17:27:25,2012-07-31
451990,122680,-40.0,916,118,17:30:03,2012-07-31
452155,122680,-56.857143,916,118,17:36:54,2012-07-31
451435,122685,-63.0,916,118,17:26:27,2012-07-31
451440,122685,-63.0,916,118,17:26:27,2012-07-31
451610,122685,-65.0,916,118,17:27:26,2012-07-31
451615,122685,-65.0,916,118,17:27:26,2012-07-31
451740,122685,-67.190475,916,118,17:29:15,2012-07-31
451745,122685,-69.0,916,118,17:29:19,2012-07-31
451750,122685,-69.75,916,118,17:29:20,2012-07-31
451760,122685,-68.222221,916,118,17:29:23,2012-07-31
452160,122685,-56.0,916,118,17:36:53,2012-07-31
451605,122690,-65.0,916,118,17:27:27,2012-07-31
451730,122690,-66.0,916,118,17:29:10,2012-07-31
451735,122690,-66.599998,916,118,17:29:11,2012-07-31
451765,122690,-66.833336,916,118,17:29:25,2012-07-31
451970,122690,-42.0,916,118,17:30:01,2012-07-31
451975,122690,-41.5,916,118,17:30:01,2012-07-31
452160,122690,-56.0,916,118,17:36:53,2012-07-31
451410,122695,-62.0,916,118,18:11:00,2012-07-31
451595,122695,-64.666664,916,118,17:27:29,2012-07-31
451725,122695,-66.0,916,118,17:29:09,2012-07-31
451730,122695,-66.0,916,118,17:29:09,2012-07-31
451965,122695,-44.25,916,118,17:30:00,2012-07-31
452165,122695,-59.0,916,118,17:36:16,2012-07-31
451410,122700,-62.0,916,118,18:11:00,2012-07-31
451715,122700,-65.166664,916,118,17:29:07,2012-07-31
451720,122700,-66.0,916,118,17:29:08,2012-07-31
451770,122700,-66.0,916,118,17:29:25,2012-07-31
451775,122700,-66.0,916,118,17:29:26,2012-07-31
452165,122700,-56.0,916,118,17:36:52,2012-07-31
452170,122700,-59.200001,916,118,17:36:17,2012-07-31
451580,122705,-63.0,916,118,17:27:31,2012-07-31
451585,122705,-63.666668,916,118,17:27:30,2012-07-31
451710,122705,-65.0,916,118,17:29:06,2012-07-31
451715,122705,-65.0,916,118,17:29:07,2012-07-31
451955,122705,-47.0,916,118,17:29:58,2012-07-31
451420,122710,-65.0,916,118,17:28:03,2012-07-31
451425,122710,-66.5,916,118,17:28:03,2012-07-31
451580,122710,-64.25,916,118,17:27:32,2012-07-31
451700,122710,-64.333336,916,118,17:29:05,2012-07-31
451950,122710,-48.666668,916,118,17:29:57,2012-07-31
451260,122715,-65.0,916,118,17:38:43,2012-07-31
451425,122715,-64.800003,916,118,18:10:56,2012-07-31
451430,122715,-65.5,916,118,18:10:55,2012-07-31
451570,122715,-68.25,916,118,17:27:33,2012-07-31
452180,122715,-60.0,916,118,17:36:19,2012-07-31
451435,122720,-66.300003,916,118,18:10:54,2012-07-31
451560,122720,-69.0,916,118,17:27:34,2012-07-31
451695,122720,-62.666668,916,118,17:29:03,2012-07-31
451935,122720,-51.0,916,118,17:29:56,2012-07-31
452180,122720,-57.0,916,118,17:36:21,2012-07-31
451250,122725,-65.0,916,118,17:38:45,2012-07-31
451440,122725,-66.833336,916,118,18:10:54,2012-07-31
451555,122725,-68.666664,916,118,17:27:36,2012-07-31
451685,122725,-61.333332,916,118,17:29:02,2012-07-31
451930,122725,-53.5,916,118,17:29:54,2012-07-31
451450,122730,-64.0,916,118,18:10:53,2012-07-31
451675,122730,-62.333332,916,118,17:29:01,2012-07-31
451925,122730,-54.0,916,118,17:29:53,2012-07-31
452185,122730,-57.0,916,118,17:36:21,2012-07-31
451240,122735,-65.0,916,118,17:38:46,2012-07-31
451450,122735,-67.0,916,118,17:27:58,2012-07-31
451535,122735,-70.0,916,118,17:27:38,2012-07-31
451540,122735,-70.0,916,118,17:27:37,2012-07-31
451545,122735,-68.666664,916,118,17:27:37,2012-07-31
451665,122735,-63.0,916,118,17:28:59,2012-07-31
451670,122735,-63.0,916,118,17:29:00,2012-07-31
451920,122735,-54.666668,916,118,17:29:53,2012-07-31
452190,122735,-57.0,916,118,17:36:22,2012-07-31
451455,122740,-64.0,916,118,18:10:52,2012-07-31
451530,122740,-67.0,916,118,17:27:39,2012-07-31
451535,122740,-69.400002,916,118,17:27:39,2012-07-31
451660,122740,-63.0,916,118,17:28:59,2012-07-31
451910,122740,-55.0,916,118,17:29:52,2012-07-31
452195,122740,-56.200001,916,118,17:36:23,2012-07-31
451460,122745,-64.0,916,118,18:10:50,2012-07-31
451525,122745,-67.333336,916,118,17:27:40,2012-07-31
451655,122745,-63.0,916,118,17:28:58,2012-07-31
451910,122745,-59.0,916,118,17:29:51,2012-07-31
451215,122750,-65.0,916,118,17:38:48,2012-07-31
451220,122750,-65.0,916,118,17:38:47,2012-07-31
451520,122750,-68.0,916,118,17:27:41,2012-07-31
451525,122750,-68.0,916,118,17:27:41,2012-07-31
451645,122750,-63.0,916,118,17:28:57,2012-07-31
451900,122750,-61.0,916,118,17:29:49,2012-07-31
451905,122750,-60.599998,916,118,17:29:50,2012-07-31
452200,122750,-55.0,916,118,17:36:24,2012-07-31
451210,122755,-67.5,916,118,17:38:49,2012-07-31
451515,122755,-68.666664,916,118,17:27:43,2012-07-31
451640,122755,-63.875,916,118,17:28:56,2012-07-31
451900,122755,-61.0,916,118,17:29:49,2012-07-31
452200,122755,-55.0,916,118,17:36:25,2012-07-31
451205,122760,-70.0,916,118,17:38:49,2012-07-31
451470,122760,-65.333336,916,118,17:27:55,2012-07-31
451505,122760,-68.5,916,118,17:27:44,2012-07-31
451510,122760,-68.0,916,118,17:27:43,2012-07-31
451635,122760,-64.571426,916,118,17:28:55,2012-07-31
451890,122760,-61.0,916,118,17:29:47,2012-07-31
451895,122760,-61.0,916,118,17:29:47,2012-07-31
452205,122760,-54.400002,916,118,17:36:26,2012-07-31
452225,122760,-57.0,916,118,17:36:31,2012-07-31
451200,122765,-69.666664,916,118,17:38:50,2012-07-31
451475,122765,-64.0,916,118,17:27:54,2012-07-31
451500,122765,-66.333336,916,118,17:27:46,2012-07-31
451630,122765,-63.666668,916,118,17:28:53,2012-07-31
451890,122765,-61.0,916,118,17:29:46,2012-07-31
452210,122765,-54.200001,916,118,17:36:27,2012-07-31
452215,122765,-55.0,916,118,17:36:28,2012-07-31
452220,122765,-55.0,916,118,17:36:29,2012-07-31
451185,122770,-68.666664,916,118,17:38:52,2012-07-31
451480,122770,-64.0,916,118,17:27:53,2012-07-31
451485,122770,-62.0,916,118,17:27:51,2012-07-31
451490,122770,-63.333332,916,118,17:27:50,2012-07-31
451495,122770,-64.5,916,118,17:27:47,2012-07-31
451615,122770,-61.5,916,118,17:28:52,2012-07-31
451620,122770,-63.0,916,118,17:28:53,2012-07-31
451880,122770,-61.0,916,118,17:29:44,2012-07-31
451885,122770,-61.0,916,118,17:29:45,2012-07-31
451180,122775,-68.0,916,118,17:38:52,2012-07-31
451480,122775,-66.5,916,118,18:10:47,2012-07-31
451610,122775,-61.0,916,118,17:28:51,2012-07-31
451175,122780,-67.25,916,118,17:38:53,2012-07-31
451485,122780,-67.0,916,118,18:10:46,2012-07-31
451165,122785,-67.0,916,118,17:38:55,2012-07-31
451170,122785,-65.666664,916,118,17:38:54,2012-07-31
451490,122785,-66.333336,916,118,18:10:46,2012-07-31
451495,122785,-66.0,916,118,17:28:28,2012-07-31
451595,122785,-61.0,916,118,17:28:48,2012-07-31
451600,122785,-61.0,916,118,17:28:49,2012-07-31
451155,122790,-68.0,916,118,17:38:58,2012-07-31
451160,122790,-67.705879,916,118,17:38:56,2012-07-31
451500,122790,-66.0,916,118,17:28:29,2012-07-31
451150,122795,-69.0,916,118,17:39:01,2012-07-31
451155,122795,-68.666664,916,118,17:39:00,2012-07-31
451495,122795,-67.333336,916,118,18:10:45,2012-07-31
451505,122795,-66.0,916,118,17:28:30,2012-07-31
451585,122795,-60.333332,916,118,17:28:46,2012-07-31
451145,122800,-68.125,916,118,17:39:03,2012-07-31
451500,122800,-68.666664,916,118,18:10:43,2012-07-31
451510,122800,-66.0,916,118,17:28:31,2012-07-31
451580,122800,-60.666668,916,118,17:28:45,2012-07-31
451510,122805,-67.199997,916,118,17:28:32,2012-07-31
451570,122805,-61.75,916,118,17:28:44,2012-07-31
451575,122805,-61.0,916,118,17:28:44,2012-07-31
451515,122810,-66.0,916,118,17:28:32,2012-07-31
451565,122810,-61.5,916,118,17:28:42,2012-07-31
451895,122815,-66.0,916,118,18:13:58,2012-07-31
451900,122815,-66.0,916,118,18:13:57,2012-07-31
451520,122820,-69.099998,916,118,17:28:34,2012-07-31
451555,122820,-61.0,916,118,17:28:41,2012-07-31
451890,122820,-66.0,916,118,18:14:00,2012-07-31
451900,122820,-66.0,916,118,18:13:57,2012-07-31
451525,122825,-67.0,916,118,17:28:35,2012-07-31
451540,122825,-62.0,916,118,17:28:38,2012-07-31
451545,122825,-61.5,916,118,17:28:39,2012-07-31
451890,122825,-66.0,916,118,18:14:00,2012-07-31
451535,122830,-65.800003,916,118,17:28:37,2012-07-31
451540,122830,-64.25,916,118,17:28:38,2012-07-31
451535,122835,-72.900002,916,118,18:10:39,2012-07-31
451885,122835,-67.599998,916,118,18:14:02,2012-07-31
451000,122845,-72.0,916,118,17:42:31,2012-07-31
451885,122845,-70.0,916,118,18:14:04,2012-07-31
451550,122855,-72.0,916,118,18:10:35,2012-07-31
451885,122855,-70.25,916,118,18:14:05,2012-07-31
451005,122860,-75.0,916,118,17:42:29,2012-07-31
451885,122860,-71.0,916,118,18:14:06,2012-07-31
451885,122865,-71.333336,916,118,18:14:07,2012-07-31
451560,122870,-71.333336,916,118,18:10:33,2012-07-31
451880,122870,-72.0,916,118,18:14:07,2012-07-31
451005,122875,-62.0,916,118,17:42:26,2012-07-31
451880,122875,-72.0,916,118,18:14:08,2012-07-31
451005,122880,-62.0,916,118,17:42:26,2012-07-31
451010,122880,-62.0,916,118,17:42:26,2012-07-31
451190,122880,-65.125,916,118,17:57:32,2012-07-31
451195,122880,-69.666664,916,118,17:57:35,2012-07-31
451575,122880,-72.5,916,118,18:10:31,2012-07-31
451880,122880,-72.0,916,118,18:14:08,2012-07-31
451005,122885,-62.0,916,118,17:42:24,2012-07-31
451185,122885,-63.833332,916,118,17:57:31,2012-07-31
451190,122885,-63.0,916,118,17:57:32,2012-07-31
451205,122885,-72.0,916,118,17:57:37,2012-07-31
451880,122885,-72.599998,916,118,18:14:09,2012-07-31
450995,122890,-62.0,916,118,17:42:22,2012-07-31
451000,122890,-62.0,916,118,17:42:23,2012-07-31
451180,122890,-67.166664,916,118,17:57:28,2012-07-31
451210,122890,-72.0,916,118,17:57:38,2012-07-31
451580,122890,-73.0,916,118,18:10:29,2012-07-31
450975,122895,-62.0,916,118,17:42:20,2012-07-31
450990,122895,-62.0,916,118,17:42:21,2012-07-31
451215,122895,-73.800003,916,118,17:57:39,2012-07-31
451165,122900,-66.0,916,118,17:57:24,2012-07-31
451170,122900,-67.0,916,118,17:57:25,2012-07-31
451585,122900,-73.0,916,118,18:10:28,2012-07-31
451590,122900,-73.0,916,118,18:10:28,2012-07-31
451880,122900,-75.0,916,118,18:14:11,2012-07-31
451885,122900,-75.0,916,118,18:14:11,2012-07-31
451160,122905,-66.0,916,118,17:57:22,2012-07-31
451220,122905,-74.5,916,118,17:57:41,2012-07-31
451885,122905,-75.0,916,118,18:14:11,2012-07-31
451145,122910,-66.0,916,118,17:57:20,2012-07-31
451150,122910,-66.0,916,118,17:57:21,2012-07-31
451225,122910,-74.0,916,118,17:57:42,2012-07-31
451595,122910,-73.0,916,118,18:10:26,2012-07-31
451885,122910,-75.0,916,118,18:14:12,2012-07-31
451130,122915,-66.0,916,118,17:57:18,2012-07-31
451135,122915,-66.0,916,118,17:57:19,2012-07-31
451140,122915,-66.0,916,118,17:57:20,2012-07-31
451600,122915,-73.0,916,118,18:10:25,2012-07-31
451890,122915,-75.0,916,118,18:14:14,2012-07-31
451920,122915,-72.800003,916,118,18:13:14,2012-07-31
451935,122915,-72.25,916,118,18:13:15,2012-07-31
451940,122915,-72.599998,916,118,18:13:16,2012-07-31
451970,122915,-69.666664,916,118,18:13:19,2012-07-31
451980,122915,-68.333336,916,118,18:13:21,2012-07-31
451990,122915,-67.666664,916,118,18:13:22,2012-07-31
451995,122915,-69.0,916,118,18:13:22,2012-07-31
452000,122915,-69.0,916,118,18:13:23,2012-07-31
452005,122915,-69.0,916,118,18:13:24,2012-07-31
451895,122920,-75.0,916,118,18:14:15,2012-07-31
451900,122920,-73.0,916,118,18:13:11,2012-07-31
451905,122920,-72.0,916,118,18:13:11,2012-07-31
451910,122920,-72.25,916,118,18:13:12,2012-07-31
451915,122920,-73.800003,916,118,18:14:18,2012-07-31
451920,122920,-75.0,916,118,18:14:19,2012-07-31
451925,122920,-76.0,916,118,18:14:19,2012-07-31
451890,122925,-73.0,916,118,18:13:08,2012-07-31
451895,122925,-71.199997,916,118,18:13:09,2012-07-31
451610,122930,-71.0,916,118,18:11:38,2012-07-31
451880,122930,-69.25,916,118,18:13:05,2012-07-31
451885,122930,-72.25,916,118,18:13:07,2012-07-31
451875,122935,-69.5,916,118,18:13:04,2012-07-31
451620,122940,-71.0,916,118,18:11:39,2012-07-31
451870,122940,-68.0,916,118,18:13:02,2012-07-31
451865,122945,-66.333336,916,118,18:13:01,2012-07-31
451625,122950,-71.0,916,118,18:11:40,2012-07-31
451855,122950,-68.0,916,118,18:12:59,2012-07-31
451630,122955,-71.0,916,118,18:11:41,2012-07-31
451850,122955,-70.5,916,118,18:12:58,2012-07-31
451840,122960,-72.0,916,118,18:12:56,2012-07-31
451845,122960,-72.0,916,118,18:12:57,2012-07-31
451635,122965,-71.0,916,118,18:11:42,2012-07-31
451830,122965,-72.666664,916,118,18:12:55,2012-07-31
451830,122970,-71.0,916,118,18:12:54,2012-07-31
451645,122975,-72.5,916,118,18:11:43,2012-07-31
451815,122975,-69.0,916,118,18:12:51,2012-07-31
451820,122975,-69.0,916,118,18:12:52,2012-07-31
451805,122980,-69.0,916,118,18:12:49,2012-07-31
451810,122980,-69.0,916,118,18:12:50,2012-07-31
451815,122980,-69.0,916,118,18:12:50,2012-07-31
451805,122985,-69.0,916,118,18:12:48,2012-07-31
451800,122990,-69.0,916,118,18:12:47,2012-07-31
451655,123020,-79.0,916,118,18:12:06,2012-07-31
451660,123020,-72.0,916,118,18:11:57,2012-07-31
451650,123025,-74.277779,916,118,18:11:58,2012-07-31
451655,123025,-75.300003,916,118,18:11:57,2012-07-31
