437080,113265,-86.75,529,108,11:46:37,2012-07-26
437085,113265,-86.0,529,108,11:46:36,2012-07-26
437090,113265,-84.5,529,108,11:46:35,2012-07-26
437055,113270,-92.0,529,108,11:46:39,2012-07-26
437060,113270,-92.0,529,108,11:46:39,2012-07-26
437065,113270,-89.75,529,108,11:46:38,2012-07-26
437095,113270,-84.0,529,108,11:46:34,2012-07-26
437100,113270,-85.333336,529,108,11:46:34,2012-07-26
437110,113275,-85.25,529,108,11:46:32,2012-07-26
437115,113280,-85.0,529,108,11:46:32,2012-07-26
437115,113285,-83.5,529,108,11:46:31,2012-07-26
437120,113290,-83.0,529,108,11:46:30,2012-07-26
437120,113295,-83.0,529,108,11:46:30,2012-07-26
437185,113335,-83.0,529,108,11:46:22,2012-07-26
437195,113335,-83.0,529,108,11:46:21,2012-07-26
437205,113340,-83.0,529,108,11:46:20,2012-07-26
437210,113345,-83.0,529,108,11:46:20,2012-07-26
437215,113355,-83.0,529,108,11:46:18,2012-07-26
437220,113355,-83.0,529,108,11:46:18,2012-07-26
437210,113750,-86.0,529,108,11:52:42,2012-07-26
437215,113755,-87.0,529,108,11:52:43,2012-07-26
437215,113760,-88.0,529,108,11:52:44,2012-07-26
437220,113760,-88.333336,529,108,11:52:44,2012-07-26
437225,113765,-90.0,529,108,11:52:46,2012-07-26
437225,113770,-89.75,529,108,11:52:46,2012-07-26
437225,113775,-89.0,529,108,11:52:47,2012-07-26
437230,113775,-89.0,529,108,11:52:48,2012-07-26
437230,113780,-89.0,529,108,11:52:48,2012-07-26
437235,113785,-87.75,529,108,11:52:49,2012-07-26
437240,113790,-87.0,529,108,11:52:51,2012-07-26
437245,113795,-87.25,529,108,11:52:52,2012-07-26
444345,118625,-86.327583,529,108,11:56:55,2012-07-30
444345,118630,-81.548386,529,108,11:56:38,2012-07-30
444340,118635,-79.53125,529,108,11:55:59,2012-07-30
444345,118635,-79.4375,529,108,11:56:02,2012-07-30
444350,118635,-81.214287,529,108,11:56:34,2012-07-30
444340,118640,-80.0,529,108,11:55:49,2012-07-30
444345,118640,-78.416664,529,108,11:56:06,2012-07-30
444350,118640,-78.944443,529,108,11:56:09,2012-07-30
444355,118640,-78.0,529,108,11:56:26,2012-07-30
444340,118645,-82.599998,529,108,11:55:48,2012-07-30
444345,118645,-83.599998,529,108,11:55:46,2012-07-30
444350,118645,-79.0,529,108,11:56:16,2012-07-30
444355,118645,-78.285713,529,108,11:56:21,2012-07-30
444345,118650,-84.75,529,108,11:55:45,2012-07-30
444350,118655,-85.699997,529,108,11:55:42,2012-07-30
444355,118660,-85.333336,529,108,11:55:40,2012-07-30
444360,118665,-85.0,529,108,11:55:39,2012-07-30
444365,118665,-85.0,529,108,11:55:38,2012-07-30
444365,118670,-85.0,529,108,11:55:37,2012-07-30
444370,118670,-85.5,529,108,11:55:36,2012-07-30
444370,118675,-86.0,529,108,11:55:35,2012-07-30
444375,118675,-86.148148,529,108,11:55:35,2012-07-30
444375,118680,-88.0,529,108,11:55:34,2012-07-30
444380,118680,-88.533333,529,108,11:55:33,2012-07-30
444380,118685,-89.0,529,108,11:55:32,2012-07-30
444385,118685,-88.190475,529,108,11:55:32,2012-07-30
444400,118740,-80.75,529,108,11:55:22,2012-07-30
444405,118740,-81.0,529,108,11:55:21,2012-07-30
444405,118745,-81.0,529,108,11:55:20,2012-07-30
444410,118745,-81.0,529,108,11:55:20,2012-07-30
444410,118750,-81.0,529,108,11:55:19,2012-07-30
444415,118750,-80.400002,529,108,11:55:19,2012-07-30
444420,118755,-80.0,529,108,11:55:18,2012-07-30
444420,118760,-79.25,529,108,11:55:17,2012-07-30
444425,118765,-79.0,529,108,11:55:17,2012-07-30
444430,118765,-78.333336,529,108,11:55:16,2012-07-30
444430,118770,-78.0,529,108,11:55:15,2012-07-30
444430,118775,-78.0,529,108,11:55:14,2012-07-30
444430,118780,-78.0,529,108,11:55:14,2012-07-30
444435,118785,-78.0,529,108,11:55:13,2012-07-30
444435,118790,-78.0,529,108,11:55:12,2012-07-30
444435,118795,-78.0,529,108,11:55:12,2012-07-30
444435,118800,-78.0,529,108,11:55:11,2012-07-30
440355,121800,-98.0,529,108,11:15:25,2012-07-30
440360,121805,-98.0,529,108,11:15:24,2012-07-30
440365,121810,-98.0,529,108,11:15:23,2012-07-30
440370,121810,-98.0,529,108,11:15:23,2012-07-30
440370,121815,-98.0,529,108,11:15:22,2012-07-30
440375,121820,-98.0,529,108,11:15:22,2012-07-30
440385,121825,-98.0,529,108,11:15:21,2012-07-30
440390,121825,-98.0,529,108,11:15:20,2012-07-30
440395,121830,-97.25,529,108,11:15:20,2012-07-30
440405,121835,-97.0,529,108,11:15:19,2012-07-30
440405,121840,-97.0,529,108,11:15:19,2012-07-30
440410,121840,-95.666664,529,108,11:15:18,2012-07-30
440420,121850,-95.0,529,108,11:15:17,2012-07-30
440435,121865,-93.0,529,108,11:15:17,2012-07-30
440440,121875,-90.5,529,108,11:15:15,2012-07-30
440450,121885,-89.25,529,108,11:15:14,2012-07-30
440565,121885,-92.0,529,108,11:15:03,2012-07-30
440460,121890,-89.0,529,108,11:15:13,2012-07-30
440540,121890,-92.0,529,108,11:15:03,2012-07-30
440525,121895,-92.0,529,108,11:15:05,2012-07-30
440530,121895,-92.0,529,108,11:15:04,2012-07-30
440470,121900,-89.0,529,108,11:15:13,2012-07-30
440510,121900,-92.0,529,108,11:15:06,2012-07-30
440475,121905,-89.0,529,108,11:15:11,2012-07-30
440505,121905,-92.0,529,108,11:15:07,2012-07-30
440700,121905,-91.0,529,108,10:50:43,2012-07-30
440705,121905,-91.0,529,108,10:50:44,2012-07-30
440715,121905,-91.0,529,108,10:50:46,2012-07-30
440485,121910,-89.0,529,108,11:15:10,2012-07-30
440490,121910,-91.0,529,108,11:15:08,2012-07-30
443060,127130,-83.0,529,108,16:21:51,2012-07-27
443060,127145,-84.714287,529,108,16:21:51,2012-07-27
443060,127150,-85.5,529,108,16:21:49,2012-07-27
443055,127160,-86.0,529,108,16:21:48,2012-07-27
443055,127170,-87.800003,529,108,16:21:48,2012-07-27
443050,127180,-89.666664,529,108,16:21:46,2012-07-27
443045,127190,-90.0,529,108,16:21:46,2012-07-27
443265,127190,-83.0,529,108,16:20:50,2012-07-27
443270,127190,-83.0,529,108,16:20:50,2012-07-27
443280,127190,-83.0,529,108,16:20:48,2012-07-27
443250,127195,-83.428574,529,108,16:20:52,2012-07-27
443255,127195,-83.0,529,108,16:20:51,2012-07-27
443285,127195,-83.0,529,108,16:20:47,2012-07-27
443025,127200,-88.333336,529,108,16:21:44,2012-07-27
443245,127200,-86.0,529,108,16:20:53,2012-07-27
443270,127200,-77.0,529,108,16:31:09,2012-07-27
443275,127200,-77.166664,529,108,16:31:09,2012-07-27
443285,127200,-78.0,529,108,16:31:11,2012-07-27
442995,127205,-86.333336,529,108,16:21:39,2012-07-27
443005,127205,-87.0,529,108,16:21:41,2012-07-27
443015,127205,-87.0,529,108,16:21:41,2012-07-27
443020,127205,-87.0,529,108,16:21:42,2012-07-27
443235,127205,-85.714287,529,108,16:20:54,2012-07-27
443260,127205,-78.0,529,108,16:31:07,2012-07-27
443265,127205,-77.75,529,108,16:31:08,2012-07-27
443285,127205,-78.599998,529,108,16:31:11,2012-07-27
442985,127210,-86.0,529,108,16:21:39,2012-07-27
443250,127210,-80.0,529,108,16:31:06,2012-07-27
443255,127210,-79.428574,529,108,16:31:07,2012-07-27
443295,127210,-81.0,529,108,16:31:12,2012-07-27
442980,127215,-86.0,529,108,16:21:37,2012-07-27
443220,127215,-85.5,529,108,16:20:55,2012-07-27
443240,127215,-80.714287,529,108,16:31:06,2012-07-27
443245,127215,-80.0,529,108,16:31:06,2012-07-27
443295,127215,-81.0,529,108,16:31:13,2012-07-27
442980,127220,-86.0,529,108,16:21:36,2012-07-27
443210,127220,-86.599998,529,108,16:20:57,2012-07-27
443230,127220,-81.0,529,108,16:31:05,2012-07-27
443235,127220,-81.0,529,108,16:31:05,2012-07-27
442985,127225,-85.0,529,108,16:21:35,2012-07-27
443225,127225,-82.5,529,108,16:31:04,2012-07-27
443230,127225,-81.0,529,108,16:31:05,2012-07-27
443300,127225,-81.0,529,108,16:31:13,2012-07-27
442990,127230,-85.0,529,108,16:21:34,2012-07-27
443195,127230,-85.0,529,108,16:20:58,2012-07-27
443305,127230,-81.0,529,108,16:31:14,2012-07-27
443000,127235,-84.25,529,108,16:21:34,2012-07-27
443005,127240,-83.400002,529,108,16:21:32,2012-07-27
443015,127240,-83.0,529,108,16:21:32,2012-07-27
443180,127240,-85.800003,529,108,16:21:00,2012-07-27
443200,127240,-86.0,529,108,16:31:02,2012-07-27
443205,127240,-85.25,529,108,16:31:03,2012-07-27
443305,127240,-82.0,529,108,16:31:15,2012-07-27
443020,127245,-83.0,529,108,16:21:31,2012-07-27
443175,127245,-87.800003,529,108,16:21:01,2012-07-27
443195,127245,-86.0,529,108,16:31:01,2012-07-27
443310,127245,-82.25,529,108,16:31:15,2012-07-27
443025,127250,-86.0,529,108,16:21:29,2012-07-27
443190,127250,-86.0,529,108,16:31:01,2012-07-27
443315,127250,-83.0,529,108,16:31:16,2012-07-27
443035,127255,-89.0,529,108,16:30:32,2012-07-27
443040,127255,-86.0,529,108,16:30:33,2012-07-27
443045,127255,-91.545456,529,108,16:30:37,2012-07-27
443050,127255,-91.333336,529,108,16:30:40,2012-07-27
443155,127255,-88.0,529,108,16:21:04,2012-07-27
443160,127255,-88.5,529,108,16:21:03,2012-07-27
443180,127255,-86.0,529,108,16:31:00,2012-07-27
443315,127255,-83.0,529,108,16:31:16,2012-07-27
443050,127260,-94.285713,529,108,16:21:22,2012-07-27
443055,127260,-92.25,529,108,16:21:21,2012-07-27
443060,127260,-92.0,529,108,16:30:42,2012-07-27
443065,127260,-92.0,529,108,16:30:43,2012-07-27
443150,127260,-90.0,529,108,16:21:05,2012-07-27
443320,127260,-83.0,529,108,16:31:17,2012-07-27
443060,127265,-90.0,529,108,16:21:20,2012-07-27
443070,127265,-91.599998,529,108,16:30:44,2012-07-27
443140,127265,-89.625,529,108,16:21:05,2012-07-27
443165,127265,-87.5,529,108,16:30:59,2012-07-27
443320,127265,-83.0,529,108,16:31:18,2012-07-27
443070,127270,-88.25,529,108,16:21:18,2012-07-27
443075,127270,-90.0,529,108,16:30:45,2012-07-27
443135,127270,-89.0,529,108,16:21:06,2012-07-27
443160,127270,-88.0,529,108,16:30:58,2012-07-27
443325,127270,-82.599998,529,108,16:31:18,2012-07-27
443070,127275,-88.0,529,108,16:21:17,2012-07-27
443130,127275,-89.0,529,108,16:21:07,2012-07-27
443145,127275,-90.400002,529,108,16:30:57,2012-07-27
443075,127280,-89.333336,529,108,16:21:17,2012-07-27
443085,127280,-89.800003,529,108,16:30:47,2012-07-27
443125,127280,-90.666664,529,108,16:21:08,2012-07-27
443140,127280,-91.800003,529,108,16:30:56,2012-07-27
443325,127280,-81.0,529,108,16:31:19,2012-07-27
443080,127285,-90.0,529,108,16:21:16,2012-07-27
443085,127285,-91.5,529,108,16:21:15,2012-07-27
443090,127285,-89.0,529,108,16:30:48,2012-07-27
443095,127285,-89.0,529,108,16:30:49,2012-07-27
443325,127285,-81.25,529,108,16:31:20,2012-07-27
443085,127290,-92.0,529,108,16:21:15,2012-07-27
443090,127290,-92.75,529,108,16:21:14,2012-07-27
443095,127290,-93.0,529,108,16:21:13,2012-07-27
443100,127290,-89.800003,529,108,16:30:50,2012-07-27
443105,127290,-93.75,529,108,16:21:13,2012-07-27
443110,127290,-92.875,529,108,16:30:51,2012-07-27
443120,127290,-93.0,529,108,16:30:53,2012-07-27
443130,127290,-92.714287,529,108,16:30:54,2012-07-27
443320,127295,-82.0,529,108,16:31:21,2012-07-27
443315,127300,-82.0,529,108,16:31:22,2012-07-27
443310,127305,-82.333336,529,108,16:31:23,2012-07-27
443305,127320,-83.400002,529,108,16:31:24,2012-07-27
443300,127325,-84.0,529,108,16:31:25,2012-07-27
443300,127330,-84.0,529,108,16:31:25,2012-07-27
443295,127335,-84.0,529,108,16:31:26,2012-07-27
443295,127345,-84.25,529,108,16:31:27,2012-07-27
443290,127350,-85.0,529,108,16:31:28,2012-07-27
443285,127360,-85.25,529,108,16:31:28,2012-07-27
443275,127365,-85.75,529,108,16:31:30,2012-07-27
443265,127370,-85.0,529,108,16:31:30,2012-07-27
443250,127375,-87.0,529,108,16:31:32,2012-07-27
443260,127375,-85.5,529,108,16:31:31,2012-07-27
443245,127380,-87.400002,529,108,16:31:33,2012-07-27
443250,127380,-87.0,529,108,16:31:32,2012-07-27
443230,127385,-89.0,529,108,16:31:34,2012-07-27
443225,127390,-89.0,529,108,16:31:35,2012-07-27
443220,127395,-89.300003,529,108,16:31:36,2012-07-27
443215,127400,-90.0,529,108,16:31:37,2012-07-27
443215,127405,-90.0,529,108,16:31:39,2012-07-27
443210,127420,-89.599998,529,108,16:31:40,2012-07-27
443210,127430,-87.0,529,108,16:31:42,2012-07-27
443370,127675,-69.0,529,108,16:18:01,2012-07-27
443370,127680,-69.0,529,108,16:18:01,2012-07-27
443365,127685,-67.0,529,108,16:18:00,2012-07-27
443370,127685,-67.400002,529,108,16:18:00,2012-07-27
443365,127690,-67.0,529,108,16:18:00,2012-07-27
443365,127695,-67.0,529,108,16:17:59,2012-07-27
443360,127700,-65.666664,529,108,16:17:59,2012-07-27
443360,127710,-65.0,529,108,16:17:58,2012-07-27
443355,127720,-62.0,529,108,16:17:58,2012-07-27
443355,127725,-61.0,529,108,16:17:57,2012-07-27
443350,127735,-60.25,529,108,16:17:56,2012-07-27
443345,127740,-60.0,529,108,16:17:55,2012-07-27
443345,127750,-58.5,529,108,16:17:55,2012-07-27
443340,127755,-58.0,529,108,16:17:54,2012-07-27
443340,127760,-56.5,529,108,16:17:53,2012-07-27
443335,127770,-56.0,529,108,16:17:53,2012-07-27
443335,127775,-56.0,529,108,16:17:52,2012-07-27
443330,127780,-56.0,529,108,16:17:51,2012-07-27
443330,127790,-57.5,529,108,16:17:50,2012-07-27
443325,127800,-58.0,529,108,16:17:50,2012-07-27
443325,127805,-58.0,529,108,16:17:49,2012-07-27
443325,127810,-58.0,529,108,16:17:48,2012-07-27
442825,127815,-74.0,529,108,17:12:45,2012-07-27
443320,127815,-57.25,529,108,16:17:48,2012-07-27
442825,127820,-74.0,529,108,17:12:45,2012-07-27
442830,127820,-74.0,529,108,17:12:44,2012-07-27
443320,127820,-57.0,529,108,16:17:47,2012-07-27
442830,127825,-71.5,529,108,17:12:44,2012-07-27
443320,127825,-56.25,529,108,16:17:46,2012-07-27
442830,127830,-71.0,529,108,17:12:43,2012-07-27
442835,127835,-69.666664,529,108,17:12:43,2012-07-27
443315,127835,-57.599998,529,108,16:17:45,2012-07-27
443320,127840,-57.25,529,108,16:17:43,2012-07-27
442840,127845,-69.75,529,108,17:12:41,2012-07-27
443315,127845,-56.200001,529,108,17:10:57,2012-07-27
443320,127845,-58.200001,529,108,16:17:42,2012-07-27
443325,127845,-60.333332,529,108,16:17:41,2012-07-27
442840,127850,-70.0,529,108,17:12:40,2012-07-27
443305,127850,-55.0,529,108,17:10:59,2012-07-27
443310,127850,-55.0,529,108,17:10:58,2012-07-27
443320,127850,-57.666668,529,108,17:10:55,2012-07-27
443325,127850,-61.5,529,108,17:10:55,2012-07-27
443330,127850,-62.599998,529,108,16:17:38,2012-07-27
442845,127855,-67.333336,529,108,17:12:40,2012-07-27
443300,127855,-57.0,529,108,17:10:59,2012-07-27
443330,127855,-58.799999,529,108,17:10:54,2012-07-27
443335,127855,-60.875,529,108,17:10:52,2012-07-27
442845,127860,-66.0,529,108,17:12:39,2012-07-27
443300,127860,-60.0,529,108,17:11:00,2012-07-27
443345,127860,-62.833332,529,108,16:17:36,2012-07-27
442845,127865,-64.666664,529,108,17:12:38,2012-07-27
443295,127865,-60.25,529,108,17:11:01,2012-07-27
443350,127865,-60.714287,529,108,17:10:51,2012-07-27
443355,127865,-62.5,529,108,16:17:34,2012-07-27
442845,127870,-64.0,529,108,17:12:38,2012-07-27
443295,127870,-61.0,529,108,17:11:02,2012-07-27
443355,127870,-61.0,529,108,17:10:50,2012-07-27
443360,127870,-62.0,529,108,16:17:34,2012-07-27
443365,127870,-62.0,529,108,16:17:33,2012-07-27
442845,127875,-63.0,529,108,17:12:37,2012-07-27
443290,127875,-62.0,529,108,17:11:02,2012-07-27
443365,127875,-61.0,529,108,17:10:50,2012-07-27
443370,127875,-62.0,529,108,16:17:32,2012-07-27
442845,127880,-62.0,529,108,17:12:36,2012-07-27
443285,127880,-65.0,529,108,17:11:03,2012-07-27
443375,127880,-61.75,529,108,17:10:48,2012-07-27
443380,127880,-62.75,529,108,16:17:31,2012-07-27
442840,127885,-61.25,529,108,17:12:35,2012-07-27
443280,127885,-65.25,529,108,17:11:04,2012-07-27
443390,127885,-63.0,529,108,16:17:30,2012-07-27
442835,127890,-58.599998,529,108,17:12:34,2012-07-27
443395,127890,-63.0,529,108,16:17:29,2012-07-27
442830,127895,-57.0,529,108,17:12:33,2012-07-27
443275,127895,-67.333336,529,108,17:11:05,2012-07-27
443400,127895,-63.599998,529,108,17:10:47,2012-07-27
443405,127895,-63.0,529,108,16:17:29,2012-07-27
442825,127900,-61.5,529,108,17:12:33,2012-07-27
443405,127900,-64.0,529,108,17:10:45,2012-07-27
443410,127900,-62.25,529,108,16:17:28,2012-07-27
443415,127900,-62.0,529,108,16:17:27,2012-07-27
442820,127905,-63.0,529,108,17:12:32,2012-07-27
442990,127905,-62.0,529,108,17:11:52,2012-07-27
443265,127905,-68.666664,529,108,17:11:07,2012-07-27
443415,127905,-65.5,529,108,17:10:44,2012-07-27
443425,127905,-61.25,529,108,16:17:26,2012-07-27
442970,127910,-63.0,529,108,17:11:54,2012-07-27
442980,127910,-62.25,529,108,17:11:53,2012-07-27
442995,127910,-62.0,529,108,17:11:52,2012-07-27
443265,127910,-66.0,529,108,17:11:07,2012-07-27
443430,127910,-61.0,529,108,16:17:26,2012-07-27
442815,127915,-63.0,529,108,17:12:31,2012-07-27
442955,127915,-62.0,529,108,17:11:55,2012-07-27
442965,127915,-62.75,529,108,17:11:54,2012-07-27
443010,127915,-62.0,529,108,17:11:51,2012-07-27
443020,127915,-60.5,529,108,17:11:50,2012-07-27
443260,127915,-66.0,529,108,17:11:08,2012-07-27
443425,127915,-66.0,529,108,17:10:43,2012-07-27
443440,127915,-61.666668,529,108,16:17:25,2012-07-27
442930,127920,-63.0,529,108,17:11:57,2012-07-27
442935,127920,-63.0,529,108,17:11:57,2012-07-27
442945,127920,-62.25,529,108,17:11:56,2012-07-27
443035,127920,-60.0,529,108,17:11:49,2012-07-27
443255,127920,-66.0,529,108,17:11:08,2012-07-27
443440,127920,-66.75,529,108,17:10:43,2012-07-27
442920,127925,-63.0,529,108,17:11:58,2012-07-27
442925,127925,-63.0,529,108,17:11:57,2012-07-27
443040,127925,-60.0,529,108,17:11:48,2012-07-27
443250,127925,-65.333336,529,108,17:11:09,2012-07-27
443450,127925,-62.75,529,108,16:17:24,2012-07-27
442805,127930,-64.5,529,108,17:12:30,2012-07-27
442905,127930,-63.0,529,108,17:12:00,2012-07-27
443055,127930,-61.5,529,108,17:11:47,2012-07-27
443250,127930,-64.5,529,108,17:11:11,2012-07-27
443450,127930,-67.0,529,108,17:10:42,2012-07-27
443460,127930,-63.0,529,108,16:17:23,2012-07-27
443065,127935,-62.0,529,108,17:11:47,2012-07-27
443245,127935,-65.599998,529,108,17:11:12,2012-07-27
443465,127935,-65.25,529,108,16:17:22,2012-07-27
442800,127940,-65.0,529,108,17:12:29,2012-07-27
442885,127940,-63.0,529,108,17:12:01,2012-07-27
443245,127940,-67.888885,529,108,17:11:14,2012-07-27
443470,127940,-66.0,529,108,16:17:22,2012-07-27
442880,127945,-64.0,529,108,17:12:02,2012-07-27
443080,127945,-62.799999,529,108,17:11:46,2012-07-27
443470,127945,-69.875,529,108,17:10:41,2012-07-27
443480,127945,-68.666664,529,108,16:17:21,2012-07-27
442795,127950,-66.5,529,108,17:12:28,2012-07-27
442870,127950,-67.0,529,108,17:12:02,2012-07-27
443095,127955,-63.0,529,108,17:11:44,2012-07-27
443175,127955,-71.0,529,108,17:11:35,2012-07-27
443180,127955,-71.0,529,108,17:11:33,2012-07-27
443485,127955,-70.0,529,108,16:17:20,2012-07-27
442790,127960,-67.0,529,108,17:12:28,2012-07-27
443105,127960,-66.0,529,108,17:11:43,2012-07-27
443165,127960,-71.0,529,108,17:11:35,2012-07-27
443490,127960,-72.888885,529,108,16:17:19,2012-07-27
442790,127965,-67.75,529,108,17:12:27,2012-07-27
442860,127965,-68.199997,529,108,17:12:03,2012-07-27
443115,127965,-68.0,529,108,17:11:42,2012-07-27
443155,127965,-71.0,529,108,17:11:37,2012-07-27
443160,127965,-71.0,529,108,17:11:36,2012-07-27
443495,127965,-73.0,529,108,16:17:19,2012-07-27
443125,127970,-67.666664,529,108,17:11:40,2012-07-27
443140,127970,-70.199997,529,108,17:11:39,2012-07-27
442850,127975,-70.75,529,108,17:12:04,2012-07-27
443500,127975,-74.846153,529,108,16:17:18,2012-07-27
443505,127975,-76.0,529,108,16:17:17,2012-07-27
442845,127985,-73.166664,529,108,17:12:05,2012-07-27
443505,127985,-76.599998,529,108,16:17:17,2012-07-27
442780,127990,-64.666664,529,108,17:12:26,2012-07-27
443510,127990,-76.75,529,108,17:10:35,2012-07-27
443510,127995,-77.0,529,108,16:17:16,2012-07-27
442835,128000,-74.0,529,108,17:12:06,2012-07-27
443510,128005,-76.400002,529,108,17:10:34,2012-07-27
443515,128005,-78.5,529,108,16:17:15,2012-07-27
442775,128010,-61.799999,529,108,17:12:24,2012-07-27
442825,128010,-74.0,529,108,17:12:07,2012-07-27
443515,128015,-79.0,529,108,16:17:14,2012-07-27
442775,128020,-61.0,529,108,17:12:23,2012-07-27
442820,128020,-73.75,529,108,17:12:09,2012-07-27
443515,128020,-76.0,529,108,17:10:33,2012-07-27
442775,128025,-61.0,529,108,17:12:23,2012-07-27
443515,128025,-79.0,529,108,16:17:14,2012-07-27
442815,128030,-72.0,529,108,17:12:09,2012-07-27
443515,128030,-79.0,529,108,16:17:13,2012-07-27
443515,128035,-76.0,529,108,17:10:32,2012-07-27
443515,128040,-79.0,529,108,16:17:12,2012-07-27
442770,128045,-58.599998,529,108,17:12:21,2012-07-27
442805,128045,-71.666664,529,108,17:12:10,2012-07-27
443515,128045,-79.0,529,108,16:17:12,2012-07-27
442770,128050,-58.0,529,108,17:12:20,2012-07-27
442805,128050,-70.0,529,108,17:12:12,2012-07-27
442770,128055,-58.0,529,108,17:12:19,2012-07-27
443515,128055,-78.25,529,108,16:17:11,2012-07-27
442800,128060,-67.0,529,108,17:12:12,2012-07-27
443515,128060,-76.0,529,108,17:10:31,2012-07-27
442770,128065,-58.75,529,108,17:12:19,2012-07-27
442795,128065,-66.199997,529,108,17:12:13,2012-07-27
443510,128065,-76.0,529,108,17:10:31,2012-07-27
442775,128070,-59.0,529,108,17:12:18,2012-07-27
442790,128070,-64.5,529,108,17:12:14,2012-07-27
442780,128075,-62.0,529,108,17:12:17,2012-07-27
442790,128075,-63.0,529,108,17:12:15,2012-07-27
443510,128075,-78.0,529,108,16:17:09,2012-07-27
443505,128080,-77.0,529,108,17:10:30,2012-07-27
443505,128085,-78.0,529,108,16:17:09,2012-07-27
443505,128090,-77.333336,529,108,16:17:08,2012-07-27
443500,128095,-77.0,529,108,16:17:08,2012-07-27
443500,128100,-77.0,529,108,16:17:07,2012-07-27
443495,128110,-76.0,529,108,17:10:27,2012-07-27
443490,128115,-76.0,529,108,16:17:06,2012-07-27
443495,128115,-76.333336,529,108,16:17:07,2012-07-27
443490,128120,-76.0,529,108,16:17:06,2012-07-27
443485,128125,-76.0,529,108,16:17:05,2012-07-27
443490,128125,-76.0,529,108,16:17:06,2012-07-27
443485,128130,-76.428574,529,108,16:17:05,2012-07-27
443480,128135,-77.0,529,108,16:17:05,2012-07-27
443480,128140,-77.0,529,108,16:17:05,2012-07-27
443475,128145,-77.0,529,108,16:17:05,2012-07-27
443470,128155,-74.75,529,108,16:17:04,2012-07-27
443475,128155,-75.333336,529,108,17:10:24,2012-07-27
443730,128155,-89.0,529,108,18:10:05,2012-07-27
443740,128155,-89.444443,529,108,18:10:06,2012-07-27
443745,128155,-90.0,529,108,18:10:07,2012-07-27
443470,128160,-74.0,529,108,16:17:03,2012-07-27
443715,128160,-89.0,529,108,18:10:05,2012-07-27
443730,128160,-86.25,529,108,16:37:46,2012-07-31
443470,128165,-75.0,529,108,17:10:23,2012-07-27
443720,128165,-86.0,529,108,16:37:44,2012-07-31
443745,128165,-87.400002,529,108,16:37:46,2012-07-31
443465,128170,-73.25,529,108,16:17:03,2012-07-27
443695,128170,-85.25,529,108,16:37:43,2012-07-31
443700,128170,-87.5,529,108,18:10:04,2012-07-27
443465,128175,-73.5,529,108,17:10:23,2012-07-27
443695,128175,-87.0,529,108,18:10:03,2012-07-27
443770,128180,-89.400002,529,108,16:37:49,2012-07-31
443680,128185,-85.375,529,108,16:37:42,2012-07-31
443460,128190,-73.0,529,108,17:10:22,2012-07-27
443675,128190,-86.0,529,108,16:37:40,2012-07-31
443780,128190,-90.0,529,108,16:37:49,2012-07-31
443460,128195,-71.5,529,108,16:17:01,2012-07-27
443685,128195,-86.083336,529,108,18:10:01,2012-07-27
443785,128195,-90.0,529,108,16:37:50,2012-07-31
443460,128200,-72.333336,529,108,17:10:21,2012-07-27
443670,128200,-86.0,529,108,16:37:40,2012-07-31
443785,128200,-90.0,529,108,16:37:50,2012-07-31
443790,128200,-90.25,529,108,16:37:50,2012-07-31
443455,128205,-71.0,529,108,16:17:00,2012-07-27
443605,128205,-75.0,529,108,16:37:32,2012-07-31
443610,128205,-75.800003,529,108,16:37:33,2012-07-31
443630,128205,-77.0,529,108,18:00:47,2012-07-27
443630,128205,-78.599998,529,108,16:37:34,2012-07-31
443640,128205,-78.199997,529,108,18:09:55,2012-07-27
443650,128205,-80.75,529,108,18:09:57,2012-07-27
443680,128205,-86.0,529,108,18:10:00,2012-07-27
443790,128205,-91.0,529,108,16:37:50,2012-07-31
443460,128210,-72.0,529,108,17:10:21,2012-07-27
443595,128210,-72.0,529,108,16:37:32,2012-07-31
443625,128210,-75.5,529,108,18:09:54,2012-07-27
443640,128210,-82.14286,529,108,16:37:35,2012-07-31
443650,128210,-85.0,529,108,16:37:37,2012-07-31
443655,128210,-85.666664,529,108,16:37:37,2012-07-31
443660,128210,-83.0,529,108,18:09:57,2012-07-27
443665,128210,-83.666664,529,108,18:09:58,2012-07-27
443665,128210,-86.0,529,108,16:37:38,2012-07-31
443675,128210,-85.199997,529,108,18:09:59,2012-07-27
443455,128215,-68.75,529,108,16:17:00,2012-07-27
443605,128215,-73.199997,529,108,18:09:52,2012-07-27
443800,128215,-91.0,529,108,16:37:51,2012-07-31
443455,128220,-68.0,529,108,16:16:59,2012-07-27
443460,128220,-72.0,529,108,17:10:20,2012-07-27
443585,128220,-69.800003,529,108,16:37:30,2012-07-31
443460,128225,-72.0,529,108,17:10:19,2012-07-27
443455,128230,-67.333336,529,108,16:16:58,2012-07-27
443460,128230,-72.0,529,108,17:10:19,2012-07-27
443575,128230,-69.0,529,108,16:37:30,2012-07-31
443595,128230,-70.800003,529,108,18:09:51,2012-07-27
443590,128235,-70.0,529,108,18:09:50,2012-07-27
443460,128240,-69.75,529,108,17:10:18,2012-07-27
443460,128245,-69.0,529,108,17:10:18,2012-07-27
443550,128245,-70.0,529,108,16:16:07,2012-07-27
443570,128245,-69.0,529,108,16:37:29,2012-07-31
443460,128250,-69.0,529,108,17:10:18,2012-07-27
443460,128255,-68.5,529,108,16:16:57,2012-07-27
443460,128260,-67.5,529,108,17:10:17,2012-07-27
443580,128265,-70.5,529,108,18:09:48,2012-07-27
443465,128270,-67.0,529,108,17:10:16,2012-07-27
443565,128270,-70.599998,529,108,16:37:27,2012-07-31
443545,128275,-70.0,529,108,16:16:09,2012-07-27
443540,128280,-70.0,529,108,16:16:09,2012-07-27
443575,128280,-71.0,529,108,18:09:47,2012-07-27
443465,128285,-66.333336,529,108,17:10:16,2012-07-27
443460,128295,-69.0,529,108,16:16:55,2012-07-27
443465,128295,-66.0,529,108,17:10:15,2012-07-27
443570,128295,-71.0,529,108,18:09:46,2012-07-27
443460,128300,-69.0,529,108,16:16:54,2012-07-27
443535,128300,-70.0,529,108,16:16:10,2012-07-27
443555,128300,-70.199997,529,108,16:37:25,2012-07-31
443465,128305,-67.5,529,108,17:10:14,2012-07-27
443570,128305,-70.25,529,108,18:09:45,2012-07-27
443535,128310,-70.0,529,108,16:16:11,2012-07-27
443460,128315,-68.0,529,108,17:10:14,2012-07-27
443535,128315,-70.0,529,108,16:16:11,2012-07-27
443460,128320,-69.0,529,108,16:16:53,2012-07-27
443535,128320,-70.0,529,108,16:16:11,2012-07-27
443460,128325,-67.333336,529,108,17:10:13,2012-07-27
443550,128330,-71.0,529,108,16:37:25,2012-07-31
443460,128335,-70.5,529,108,16:16:52,2012-07-27
443560,128335,-71.5,529,108,18:09:44,2012-07-27
443545,128340,-71.25,529,108,16:37:23,2012-07-31
443530,128345,-71.0,529,108,16:16:13,2012-07-27
443560,128345,-72.0,529,108,18:09:43,2012-07-27
443460,128350,-71.0,529,108,16:16:52,2012-07-27
443455,128355,-67.666664,529,108,17:10:11,2012-07-27
443530,128355,-73.0,529,108,16:16:14,2012-07-27
443540,128360,-71.0,529,108,16:37:22,2012-07-31
443555,128360,-71.25,529,108,18:09:42,2012-07-27
443455,128365,-68.0,529,108,17:10:11,2012-07-27
443525,128370,-72.75,529,108,16:16:14,2012-07-27
443455,128375,-68.53846,529,108,16:16:50,2012-07-27
443555,128375,-71.0,529,108,18:09:42,2012-07-27
443525,128380,-72.0,529,108,16:16:15,2012-07-27
443540,128380,-71.666664,529,108,16:37:22,2012-07-31
443450,128385,-67.333336,529,108,16:16:49,2012-07-27
443525,128385,-72.0,529,108,16:16:15,2012-07-27
443550,128385,-69.0,529,108,18:09:41,2012-07-27
443535,128390,-72.0,529,108,16:37:21,2012-07-31
443450,128395,-64.0,529,108,16:16:48,2012-07-27
443525,128395,-71.333336,529,108,16:16:16,2012-07-27
443450,128400,-67.166664,529,108,17:10:08,2012-07-27
443450,128405,-67.0,529,108,17:10:08,2012-07-27
443525,128405,-70.0,529,108,16:16:17,2012-07-27
443450,128410,-67.0,529,108,17:10:07,2012-07-27
443450,128415,-64.599998,529,108,17:10:07,2012-07-27
443520,128415,-70.0,529,108,16:16:17,2012-07-27
443545,128415,-68.0,529,108,18:09:40,2012-07-27
443450,128420,-62.285713,529,108,16:16:46,2012-07-27
443535,128420,-69.599998,529,108,16:37:20,2012-07-31
443520,128425,-70.0,529,108,16:16:18,2012-07-27
443535,128425,-67.5,529,108,16:37:19,2012-07-31
443455,128430,-62.25,529,108,17:10:06,2012-07-27
443455,128435,-63.5,529,108,16:16:46,2012-07-27
443520,128435,-70.0,529,108,16:16:19,2012-07-27
443455,128440,-62.0,529,108,17:10:05,2012-07-27
443540,128440,-68.75,529,108,18:09:38,2012-07-27
443460,128450,-62.666668,529,108,17:10:04,2012-07-27
443530,128450,-64.75,529,108,16:37:18,2012-07-31
443540,128450,-69.0,529,108,18:09:37,2012-07-27
443465,128455,-65.199997,529,108,16:16:44,2012-07-27
443465,128460,-63.0,529,108,17:10:04,2012-07-27
443470,128460,-66.0,529,108,16:16:43,2012-07-27
443515,128460,-69.666664,529,108,16:16:20,2012-07-27
443530,128465,-64.0,529,108,16:37:17,2012-07-31
443535,128465,-69.0,529,108,18:09:37,2012-07-27
443470,128470,-63.75,529,108,17:10:03,2012-07-27
443475,128470,-68.0,529,108,16:16:43,2012-07-27
443535,128470,-69.0,529,108,18:09:36,2012-07-27
443480,128475,-70.199997,529,108,16:16:41,2012-07-27
443535,128475,-69.0,529,108,18:09:36,2012-07-27
443475,128480,-64.0,529,108,17:10:02,2012-07-27
443515,128480,-68.333336,529,108,16:16:21,2012-07-27
443525,128480,-64.666664,529,108,16:37:16,2012-07-31
443535,128490,-69.75,529,108,18:09:35,2012-07-27
443485,128495,-64.75,529,108,17:10:02,2012-07-27
443490,128500,-72.0,529,108,16:16:40,2012-07-27
443515,128500,-67.0,529,108,16:16:23,2012-07-27
443535,128500,-70.0,529,108,18:09:35,2012-07-27
443490,128505,-73.0,529,108,16:16:39,2012-07-27
443525,128505,-62.75,529,108,16:37:15,2012-07-31
443530,128505,-70.0,529,108,18:09:35,2012-07-27
443490,128510,-67.0,529,108,17:10:00,2012-07-27
443530,128510,-70.0,529,108,18:09:34,2012-07-27
443490,128515,-72.199997,529,108,16:16:38,2012-07-27
443530,128515,-70.75,529,108,18:09:34,2012-07-27
443490,128520,-68.0,529,108,17:09:59,2012-07-27
443525,128520,-62.0,529,108,16:37:14,2012-07-31
443515,128525,-66.666664,529,108,16:16:24,2012-07-27
443525,128525,-62.0,529,108,16:37:14,2012-07-31
443530,128525,-71.0,529,108,18:09:33,2012-07-27
443495,128530,-70.0,529,108,17:09:59,2012-07-27
443515,128530,-66.0,529,108,16:16:25,2012-07-27
443530,128530,-71.0,529,108,18:09:33,2012-07-27
443495,128535,-68.5,529,108,17:09:57,2012-07-27
443530,128535,-71.0,529,108,18:09:33,2012-07-27
443495,128540,-71.0,529,108,16:16:36,2012-07-27
443520,128540,-66.0,529,108,16:16:26,2012-07-27
443525,128540,-62.75,529,108,16:37:13,2012-07-31
443530,128540,-68.75,529,108,18:09:32,2012-07-27
443520,128545,-66.0,529,108,16:16:27,2012-07-27
443530,128545,-68.0,529,108,18:09:32,2012-07-27
443495,128550,-68.25,529,108,16:16:35,2012-07-27
443520,128550,-66.0,529,108,16:16:27,2012-07-27
443495,128560,-67.375,529,108,16:16:33,2012-07-27
443500,128560,-66.199997,529,108,17:09:56,2012-07-27
443515,128560,-66.0,529,108,16:16:29,2012-07-27
443500,128565,-67.0,529,108,16:16:32,2012-07-27
443510,128565,-66.0,529,108,16:16:31,2012-07-27
443525,128565,-63.0,529,108,16:37:12,2012-07-31
443530,128565,-68.0,529,108,18:09:31,2012-07-27
443505,128570,-66.25,529,108,16:16:31,2012-07-27
443520,128570,-63.0,529,108,16:37:12,2012-07-31
443500,128575,-67.25,529,108,17:09:54,2012-07-27
443520,128575,-63.0,529,108,16:37:11,2012-07-31
443505,128580,-68.0,529,108,17:09:53,2012-07-27
443525,128580,-68.0,529,108,18:09:30,2012-07-27
443510,128585,-68.0,529,108,17:09:52,2012-07-27
443520,128585,-62.25,529,108,16:37:10,2012-07-31
443510,128590,-66.5,529,108,17:09:52,2012-07-27
443520,128590,-62.0,529,108,16:37:10,2012-07-31
443520,128595,-68.75,529,108,18:09:30,2012-07-27
443520,128595,-62.0,529,108,16:37:10,2012-07-31
443510,128600,-66.5,529,108,17:09:50,2012-07-27
443515,128600,-62.0,529,108,16:37:09,2012-07-31
443505,128610,-68.199997,529,108,17:09:49,2012-07-27
443515,128610,-61.25,529,108,16:37:09,2012-07-31
443505,128615,-69.0,529,108,17:09:48,2012-07-27
443515,128615,-61.0,529,108,16:37:09,2012-07-31
443510,128620,-61.0,529,108,16:37:08,2012-07-31
443510,128625,-61.0,529,108,16:37:08,2012-07-31
443515,128625,-68.400002,529,108,18:09:28,2012-07-27
443505,128630,-67.400002,529,108,17:09:47,2012-07-27
443510,128630,-67.400002,529,108,18:09:27,2012-07-27
443510,128630,-61.0,529,108,16:37:08,2012-07-31
443510,128635,-61.0,529,108,16:37:08,2012-07-31
443500,128640,-67.0,529,108,17:09:47,2012-07-27
443505,128640,-61.0,529,108,16:37:07,2012-07-31
443505,128645,-61.0,529,108,16:37:07,2012-07-31
443510,128655,-67.0,529,108,18:09:26,2012-07-27
443500,128660,-61.75,529,108,16:37:06,2012-07-31
443500,128665,-67.666664,529,108,17:09:46,2012-07-27
443500,128675,-62.0,529,108,16:37:06,2012-07-31
443505,128675,-67.0,529,108,18:09:25,2012-07-27
443495,128695,-60.799999,529,108,16:37:05,2012-07-31
443500,128695,-68.666664,529,108,17:09:45,2012-07-27
443505,128705,-66.400002,529,108,18:09:24,2012-07-27
443495,128715,-61.799999,529,108,16:37:03,2012-07-31
443500,128715,-68.333336,529,108,17:09:43,2012-07-27
443505,128715,-66.0,529,108,18:09:23,2012-07-27
443500,128730,-63.0,529,108,16:37:03,2012-07-31
443505,128735,-64.5,529,108,18:09:23,2012-07-27
443505,128745,-68.5,529,108,17:09:42,2012-07-27
443500,128750,-63.75,529,108,16:37:02,2012-07-31
443505,128750,-69.0,529,108,17:09:41,2012-07-27
443510,128755,-64.5,529,108,18:09:21,2012-07-27
443505,128760,-69.666664,529,108,17:09:40,2012-07-27
443500,128770,-64.714287,529,108,16:37:01,2012-07-31
443510,128775,-65.0,529,108,18:09:21,2012-07-27
443510,128785,-66.5,529,108,18:09:20,2012-07-27
443500,128790,-63.5,529,108,16:36:59,2012-07-31
443505,128790,-68.0,529,108,17:09:39,2012-07-27
443500,128800,-63.0,529,108,16:36:58,2012-07-31
443505,128810,-67.0,529,108,17:09:38,2012-07-27
443505,128815,-67.0,529,108,18:09:18,2012-07-27
443505,128820,-64.5,529,108,16:36:58,2012-07-31
443510,128830,-69.625,529,108,17:09:37,2012-07-27
443505,128835,-68.0,529,108,18:09:17,2012-07-27
443500,128850,-64.400002,529,108,16:36:56,2012-07-31
443510,128855,-69.333336,529,108,17:09:36,2012-07-27
443500,128870,-64.0,529,108,16:36:55,2012-07-31
443505,128875,-69.666664,529,108,18:09:16,2012-07-27
443510,128885,-69.0,529,108,17:09:35,2012-07-27
443500,128890,-64.0,529,108,16:36:54,2012-07-31
443505,128890,-72.25,529,108,18:09:14,2012-07-27
443510,128895,-69.0,529,108,17:09:34,2012-07-27
443505,128910,-73.0,529,108,18:09:13,2012-07-27
443510,128910,-69.0,529,108,17:09:33,2012-07-27
443500,128920,-65.5,529,108,16:36:54,2012-07-31
443495,128930,-67.800003,529,108,16:36:52,2012-07-31
443500,128930,-73.800003,529,108,18:09:13,2012-07-27
443495,128950,-74.666664,529,108,18:09:11,2012-07-27
443500,128950,-72.199997,529,108,17:09:32,2012-07-27
443490,128955,-69.0,529,108,16:36:51,2012-07-31
443490,128965,-75.0,529,108,18:09:10,2012-07-27
443490,128965,-69.75,529,108,16:36:51,2012-07-31
443500,128965,-72.25,529,108,17:09:30,2012-07-27
443495,128975,-72.5,529,108,17:09:30,2012-07-27
443485,128980,-75.0,529,108,18:09:09,2012-07-27
443490,128990,-72.599998,529,108,17:09:29,2012-07-27
443480,128995,-75.0,529,108,18:09:08,2012-07-27
443490,128995,-73.0,529,108,17:09:28,2012-07-27
443480,129005,-70.599998,529,108,16:36:48,2012-07-31
443485,129005,-71.800003,529,108,17:09:28,2012-07-27
443465,129010,-73.5,529,108,18:09:07,2012-07-27
443475,129015,-71.0,529,108,17:09:27,2012-07-27
443455,129020,-73.428574,529,108,18:09:06,2012-07-27
443470,129020,-71.0,529,108,17:09:27,2012-07-27
443470,129020,-70.0,529,108,16:36:47,2012-07-31
443465,129025,-70.25,529,108,17:09:26,2012-07-27
443440,129035,-74.0,529,108,18:09:05,2012-07-27
443460,129035,-70.0,529,108,16:36:46,2012-07-31
443450,129040,-70.0,529,108,16:36:46,2012-07-31
443425,129045,-73.5,529,108,18:09:04,2012-07-27
443450,129045,-67.75,529,108,17:09:25,2012-07-27
443435,129050,-68.333336,529,108,16:36:44,2012-07-31
443415,129055,-72.400002,529,108,18:09:03,2012-07-27
443435,129055,-67.0,529,108,17:09:24,2012-07-27
443420,129060,-67.400002,529,108,16:36:44,2012-07-31
443430,129060,-67.0,529,108,17:09:23,2012-07-27
443400,129065,-72.0,529,108,18:09:02,2012-07-27
443420,129065,-67.0,529,108,17:09:23,2012-07-27
443390,129070,-71.5,529,108,18:09:01,2012-07-27
443410,129075,-68.333336,529,108,17:09:22,2012-07-27
443400,129080,-67.833336,529,108,16:36:42,2012-07-31
443370,129085,-71.0,529,108,18:09:00,2012-07-27
443395,129085,-69.0,529,108,17:09:21,2012-07-27
443380,129095,-69.75,529,108,17:09:21,2012-07-27
443385,129095,-68.75,529,108,16:36:41,2012-07-31
443355,129100,-71.0,529,108,18:08:59,2012-07-27
443375,129100,-70.0,529,108,17:09:20,2012-07-27
443340,129110,-70.199997,529,108,18:08:58,2012-07-27
443365,129110,-69.25,529,108,17:09:19,2012-07-27
443360,129115,-69.428574,529,108,16:36:39,2012-07-31
443325,129120,-72.0,529,108,18:08:57,2012-07-27
443350,129120,-69.0,529,108,17:09:18,2012-07-27
443340,129130,-71.25,529,108,17:09:18,2012-07-27
443310,129135,-73.0,529,108,18:08:56,2012-07-27
443325,129140,-72.0,529,108,17:09:17,2012-07-27
443325,129140,-70.0,529,108,16:36:37,2012-07-31
443290,129145,-73.666664,529,108,18:08:54,2012-07-27
443310,129150,-70.666664,529,108,16:36:37,2012-07-31
443315,129150,-72.0,529,108,17:09:16,2012-07-27
443300,129160,-72.0,529,108,17:09:16,2012-07-27
443270,129165,-73.333336,529,108,18:08:53,2012-07-27
443260,129170,-73.0,529,108,18:08:52,2012-07-27
443285,129170,-70.25,529,108,16:36:35,2012-07-31
443250,129180,-73.75,529,108,18:08:52,2012-07-27
443270,129185,-70.0,529,108,16:36:34,2012-07-31
443275,129185,-72.833336,529,108,17:09:15,2012-07-27
443250,129195,-70.800003,529,108,16:36:34,2012-07-31
443255,129195,-73.0,529,108,17:09:14,2012-07-27
443230,129210,-74.0,529,108,18:08:50,2012-07-27
443235,129210,-71.0,529,108,16:36:32,2012-07-31
443240,129210,-73.0,529,108,17:09:13,2012-07-27
443220,129220,-74.0,529,108,18:08:49,2012-07-27
443215,129225,-74.666664,529,108,18:08:49,2012-07-27
443210,129230,-71.666664,529,108,16:36:31,2012-07-31
443215,129230,-75.625,529,108,17:09:12,2012-07-27
443205,129235,-75.0,529,108,18:08:48,2012-07-27
443200,129240,-72.0,529,108,16:36:29,2012-07-31
443190,129245,-72.0,529,108,16:36:29,2012-07-31
443195,129245,-75.0,529,108,18:08:47,2012-07-27
443185,129250,-75.0,529,108,18:08:47,2012-07-27
443185,129250,-72.0,529,108,16:36:28,2012-07-31
443175,129255,-75.0,529,108,18:08:46,2012-07-27
443175,129260,-73.5,529,108,16:36:28,2012-07-31
443180,129260,-76.666664,529,108,17:09:09,2012-07-27
443170,129265,-77.0,529,108,17:09:08,2012-07-27
443150,129275,-75.0,529,108,18:08:44,2012-07-27
443160,129275,-74.0,529,108,16:36:27,2012-07-31
443155,129280,-77.0,529,108,17:09:07,2012-07-27
443145,129285,-74.75,529,108,16:36:27,2012-07-31
443135,129290,-75.0,529,108,16:36:26,2012-07-31
443140,129290,-75.0,529,108,18:08:44,2012-07-27
443130,129295,-75.75,529,108,18:08:43,2012-07-27
443140,129295,-76.25,529,108,17:09:06,2012-07-27
443125,129300,-76.0,529,108,18:08:42,2012-07-27
443120,129305,-75.75,529,108,16:36:25,2012-07-31
443110,129310,-74.666664,529,108,18:08:42,2012-07-27
443115,129310,-76.0,529,108,16:36:25,2012-07-31
443125,129310,-75.333336,529,108,17:09:05,2012-07-27
443100,129320,-74.0,529,108,18:08:41,2012-07-27
443105,129320,-76.666664,529,108,16:36:24,2012-07-31
443110,129320,-75.0,529,108,17:09:04,2012-07-27
443090,129330,-74.0,529,108,18:08:40,2012-07-27
443090,129330,-77.0,529,108,16:36:23,2012-07-31
443090,129335,-74.333336,529,108,17:09:04,2012-07-27
443070,129340,-74.666664,529,108,18:08:39,2012-07-27
443080,129340,-76.25,529,108,16:36:22,2012-07-31
443075,129345,-74.0,529,108,17:09:02,2012-07-27
443065,129350,-76.0,529,108,16:36:22,2012-07-31
443040,129355,-75.75,529,108,18:08:37,2012-07-27
443055,129355,-74.0,529,108,17:09:02,2012-07-27
443055,129355,-76.0,529,108,16:36:21,2012-07-31
443025,129360,-76.0,529,108,18:08:36,2012-07-27
443030,129360,-76.0,529,108,18:08:37,2012-07-27
443040,129360,-74.75,529,108,17:09:01,2012-07-27
443040,129360,-76.0,529,108,16:36:20,2012-07-31
443020,129365,-76.666664,529,108,18:08:36,2012-07-27
443025,129365,-76.0,529,108,18:08:36,2012-07-27
443030,129365,-75.333336,529,108,16:36:20,2012-07-31
443020,129370,-75.666664,529,108,17:08:59,2012-07-27
442990,129375,-77.833336,529,108,18:08:35,2012-07-27
443010,129375,-76.0,529,108,17:08:58,2012-07-27
442970,129380,-78.5,529,108,18:08:33,2012-07-27
442990,129380,-76.666664,529,108,17:08:58,2012-07-27
442990,129380,-75.666664,529,108,16:36:18,2012-07-31
442955,129385,-79.0,529,108,18:08:32,2012-07-27
442965,129385,-74.5,529,108,16:36:17,2012-07-31
442975,129385,-78.0,529,108,17:08:57,2012-07-27
442975,129385,-76.0,529,108,16:36:17,2012-07-31
442950,129390,-74.0,529,108,16:36:16,2012-07-31
442940,129395,-79.0,529,108,18:08:31,2012-07-27
442920,129400,-77.666664,529,108,18:08:30,2012-07-27
442930,129400,-74.0,529,108,16:36:15,2012-07-31
442935,129400,-79.0,529,108,17:08:55,2012-07-27
442915,129405,-77.400002,529,108,17:08:54,2012-07-27
442915,129405,-74.0,529,108,16:36:15,2012-07-31
442900,129410,-74.0,529,108,16:36:14,2012-07-31
442905,129410,-77.0,529,108,18:08:30,2012-07-27
442880,129420,-76.444443,529,108,18:08:28,2012-07-27
442885,129420,-74.0,529,108,16:36:13,2012-07-31
442890,129420,-76.333336,529,108,17:08:52,2012-07-27
442875,129425,-74.0,529,108,16:36:13,2012-07-31
442855,129430,-74.0,529,108,16:36:12,2012-07-31
442875,129430,-75.0,529,108,17:08:51,2012-07-27
442845,129435,-76.199997,529,108,18:08:25,2012-07-27
442845,129435,-74.0,529,108,16:36:11,2012-07-31
442850,129435,-74.0,529,108,16:36:12,2012-07-31
442825,129440,-76.0,529,108,18:08:25,2012-07-27
442840,129440,-73.25,529,108,16:36:11,2012-07-31
442855,129440,-76.714287,529,108,17:08:51,2012-07-27
442810,129445,-76.0,529,108,18:08:24,2012-07-27
442840,129445,-78.0,529,108,17:08:49,2012-07-27
442790,129450,-76.0,529,108,18:08:23,2012-07-27
442810,129450,-75.0,529,108,16:36:09,2012-07-31
442815,129450,-74.5,529,108,16:36:10,2012-07-31
442820,129450,-78.73333,529,108,17:08:49,2012-07-27
442805,129455,-76.882355,529,108,17:08:47,2012-07-27
442765,129460,-75.333336,529,108,18:08:22,2012-07-27
442785,129460,-76.0,529,108,17:08:46,2012-07-27
442785,129460,-75.0,529,108,16:36:08,2012-07-31
442745,129465,-75.666664,529,108,18:08:20,2012-07-27
442760,129465,-75.0,529,108,16:36:07,2012-07-31
442740,129470,-75.666664,529,108,16:36:07,2012-07-31
442730,129475,-76.599998,529,108,18:08:19,2012-07-27
442720,129480,-76.0,529,108,16:36:05,2012-07-31
442715,129485,-77.0,529,108,18:08:18,2012-07-27
442715,129485,-76.0,529,108,16:36:05,2012-07-31
442695,129495,-77.800003,529,108,18:08:18,2012-07-27
442685,129500,-76.666664,529,108,16:36:04,2012-07-31
442680,129505,-77.333336,529,108,18:08:16,2012-07-27
442680,129505,-77.599998,529,108,16:36:03,2012-07-31
442665,129515,-77.0,529,108,18:08:16,2012-07-27
442645,129530,-77.833336,529,108,18:08:15,2012-07-27
442645,129530,-78.599998,529,108,16:36:01,2012-07-31
442625,129540,-78.0,529,108,18:08:12,2012-07-27
442620,129545,-78.199997,529,108,16:35:59,2012-07-31
442600,129555,-81.75,529,108,18:08:12,2012-07-27
442600,129555,-78.75,529,108,16:35:58,2012-07-31
442585,129560,-83.0,529,108,18:08:10,2012-07-27
442565,129565,-83.0,529,108,18:08:09,2012-07-27
442550,129570,-83.0,529,108,18:08:08,2012-07-27
442570,129570,-78.199997,529,108,16:35:56,2012-07-31
442505,129575,-83.0,529,108,18:08:06,2012-07-27
442535,129575,-83.0,529,108,18:08:07,2012-07-27
442550,129575,-77.333336,529,108,16:35:56,2012-07-31
442520,129580,-77.0,529,108,16:35:54,2012-07-31
442490,129585,-77.333336,529,108,16:35:51,2012-07-31
442495,129585,-78.0,529,108,16:35:52,2012-07-31
442510,129585,-77.75,529,108,16:35:53,2012-07-31
442475,129590,-78.222221,529,108,16:35:50,2012-07-31
442465,129595,-79.0,529,108,16:35:46,2012-07-31
442470,129595,-79.0,529,108,16:35:47,2012-07-31
442455,129600,-79.0,529,108,16:35:45,2012-07-31
442445,129605,-79.0,529,108,16:35:44,2012-07-31
442420,129610,-79.0,529,108,16:35:43,2012-07-31
442435,129610,-79.0,529,108,16:35:43,2012-07-31
442360,129700,-78.0,529,108,16:35:24,2012-07-31
442360,129705,-78.0,529,108,16:35:24,2012-07-31
442365,129710,-77.400002,529,108,16:35:23,2012-07-31
442370,129725,-77.0,529,108,16:35:22,2012-07-31
442375,129735,-75.666664,529,108,16:35:22,2012-07-31
442380,129740,-74.333336,529,108,16:35:20,2012-07-31
442390,129745,-74.0,529,108,16:35:19,2012-07-31
442405,129750,-74.0,529,108,16:35:18,2012-07-31
442415,129750,-73.25,529,108,16:35:17,2012-07-31
442425,129755,-72.25,529,108,16:35:16,2012-07-31
442440,129755,-72.0,529,108,16:35:15,2012-07-31
442450,129755,-71.400002,529,108,16:35:13,2012-07-31
442470,129760,-71.0,529,108,16:35:12,2012-07-31
442485,129760,-70.199997,529,108,16:35:11,2012-07-31
442500,129765,-70.0,529,108,16:35:10,2012-07-31
442510,129770,-69.428574,529,108,16:35:09,2012-07-31
442520,129775,-69.5,529,108,16:35:08,2012-07-31
442525,129780,-70.0,529,108,16:35:07,2012-07-31
442525,129790,-70.0,529,108,16:35:05,2012-07-31
442525,129795,-70.0,529,108,16:35:05,2012-07-31
442525,129810,-70.0,529,108,16:35:03,2012-07-31
442525,129835,-70.0,529,108,16:35:02,2012-07-31
444340,130105,-62.0,529,108,14:42:41,2012-07-30
444345,130105,-65.0,529,108,14:42:41,2012-07-30
444325,130110,-61.0,529,108,14:42:40,2012-07-30
444330,130110,-61.0,529,108,14:42:40,2012-07-30
444335,130110,-61.0,529,108,14:42:41,2012-07-30
444310,130115,-61.0,529,108,14:42:40,2012-07-30
444315,130115,-61.0,529,108,14:42:40,2012-07-30
444295,130120,-61.0,529,108,14:42:40,2012-07-30
444290,130125,-61.0,529,108,14:42:39,2012-07-30
444245,130135,-60.333332,529,108,14:42:38,2012-07-30
444205,130145,-60.666668,529,108,14:42:36,2012-07-30
444160,130150,-59.5,529,108,14:42:35,2012-07-30
444135,130160,-59.0,529,108,14:42:34,2012-07-30
444100,130165,-60.5,529,108,14:42:34,2012-07-30
444055,130170,-59.5,529,108,14:42:32,2012-07-30
444075,130170,-61.0,529,108,14:42:33,2012-07-30
444035,130175,-59.0,529,108,14:42:31,2012-07-30
444010,130180,-59.0,529,108,14:42:31,2012-07-30
443935,130185,-55.0,529,108,14:42:29,2012-07-30
443960,130185,-56.333332,529,108,14:42:29,2012-07-30
443870,130190,-50.666668,529,108,14:42:27,2012-07-30
443880,130190,-54.0,529,108,14:42:27,2012-07-30
443910,130190,-54.25,529,108,14:42:28,2012-07-30
443775,130195,-44.5,529,108,14:42:24,2012-07-30
443795,130195,-46.0,529,108,14:42:24,2012-07-30
443810,130195,-46.75,529,108,14:42:25,2012-07-30
443840,130195,-49.0,529,108,14:42:26,2012-07-30
443695,130200,-45.0,529,108,14:42:22,2012-07-30
443720,130200,-44.75,529,108,14:42:22,2012-07-30
443755,130200,-44.0,529,108,14:42:23,2012-07-30
443600,130205,-44.0,529,108,14:42:19,2012-07-30
443635,130205,-44.25,529,108,14:42:20,2012-07-30
443675,130205,-45.0,529,108,14:42:21,2012-07-30
443530,130210,-43.333332,529,108,14:42:17,2012-07-30
443555,130210,-44.0,529,108,14:42:17,2012-07-30
443565,130210,-44.0,529,108,14:42:18,2012-07-30
443580,130210,-44.0,529,108,14:42:18,2012-07-30
443440,130215,-46.5,529,108,14:42:14,2012-07-30
443455,130215,-45.0,529,108,14:42:14,2012-07-30
443465,130215,-45.0,529,108,14:42:15,2012-07-30
443485,130215,-44.5,529,108,14:42:15,2012-07-30
443495,130215,-43.0,529,108,14:42:16,2012-07-30
443505,130215,-43.0,529,108,14:42:16,2012-07-30
443395,130220,-47.75,529,108,14:42:12,2012-07-30
443405,130220,-47.0,529,108,14:42:13,2012-07-30
443415,130220,-47.0,529,108,14:42:13,2012-07-30
443315,130225,-48.0,529,108,14:42:10,2012-07-30
443325,130225,-48.0,529,108,14:42:11,2012-07-30
443330,130225,-48.0,529,108,14:42:11,2012-07-30
443335,130225,-48.0,529,108,14:42:11,2012-07-30
443340,130225,-48.0,529,108,14:42:11,2012-07-30
443345,130225,-48.0,529,108,14:42:11,2012-07-30
443365,130225,-48.0,529,108,14:42:12,2012-07-30
443305,130230,-48.0,529,108,14:42:10,2012-07-30
443270,130235,-47.826088,529,108,14:42:09,2012-07-30
443235,130240,-45.444443,529,108,14:42:08,2012-07-30
443185,130245,-43.263157,529,108,14:42:07,2012-07-30
443150,130250,-42.0,529,108,14:42:05,2012-07-30
443115,130255,-42.0,529,108,14:42:05,2012-07-30
437080,113265,-86.75,529,108,11:46:37,2012-07-26
437085,113265,-86.0,529,108,11:46:36,2012-07-26
437090,113265,-84.5,529,108,11:46:35,2012-07-26
437055,113270,-92.0,529,108,11:46:39,2012-07-26
437060,113270,-92.0,529,108,11:46:39,2012-07-26
437065,113270,-89.75,529,108,11:46:38,2012-07-26
437095,113270,-84.0,529,108,11:46:34,2012-07-26
437100,113270,-85.333336,529,108,11:46:34,2012-07-26
437110,113275,-85.25,529,108,11:46:32,2012-07-26
437115,113280,-85.0,529,108,11:46:32,2012-07-26
437115,113285,-83.5,529,108,11:46:31,2012-07-26
437120,113290,-83.0,529,108,11:46:30,2012-07-26
437120,113295,-83.0,529,108,11:46:30,2012-07-26
437185,113335,-83.0,529,108,11:46:22,2012-07-26
437195,113335,-83.0,529,108,11:46:21,2012-07-26
437205,113340,-83.0,529,108,11:46:20,2012-07-26
437210,113345,-83.0,529,108,11:46:20,2012-07-26
437215,113355,-83.0,529,108,11:46:18,2012-07-26
437220,113355,-83.0,529,108,11:46:18,2012-07-26
437210,113750,-86.0,529,108,11:52:42,2012-07-26
437215,113755,-87.0,529,108,11:52:43,2012-07-26
437215,113760,-88.0,529,108,11:52:44,2012-07-26
437220,113760,-88.333336,529,108,11:52:44,2012-07-26
437225,113765,-90.0,529,108,11:52:46,2012-07-26
437225,113770,-89.75,529,108,11:52:46,2012-07-26
437225,113775,-89.0,529,108,11:52:47,2012-07-26
437230,113775,-89.0,529,108,11:52:48,2012-07-26
437230,113780,-89.0,529,108,11:52:48,2012-07-26
437235,113785,-87.75,529,108,11:52:49,2012-07-26
437240,113790,-87.0,529,108,11:52:51,2012-07-26
437245,113795,-87.25,529,108,11:52:52,2012-07-26
444345,118625,-86.327583,529,108,11:56:55,2012-07-30
444345,118630,-81.548386,529,108,11:56:38,2012-07-30
444340,118635,-79.53125,529,108,11:55:59,2012-07-30
444345,118635,-79.4375,529,108,11:56:02,2012-07-30
444350,118635,-81.214287,529,108,11:56:34,2012-07-30
444340,118640,-80.0,529,108,11:55:49,2012-07-30
444345,118640,-78.416664,529,108,11:56:06,2012-07-30
444350,118640,-78.944443,529,108,11:56:09,2012-07-30
444355,118640,-78.0,529,108,11:56:26,2012-07-30
444340,118645,-82.599998,529,108,11:55:48,2012-07-30
444345,118645,-83.599998,529,108,11:55:46,2012-07-30
444350,118645,-79.0,529,108,11:56:16,2012-07-30
444355,118645,-78.285713,529,108,11:56:21,2012-07-30
444345,118650,-84.75,529,108,11:55:45,2012-07-30
444350,118655,-85.699997,529,108,11:55:42,2012-07-30
444355,118660,-85.333336,529,108,11:55:40,2012-07-30
444360,118665,-85.0,529,108,11:55:39,2012-07-30
444365,118665,-85.0,529,108,11:55:38,2012-07-30
444365,118670,-85.0,529,108,11:55:37,2012-07-30
444370,118670,-85.5,529,108,11:55:36,2012-07-30
444370,118675,-86.0,529,108,11:55:35,2012-07-30
444375,118675,-86.148148,529,108,11:55:35,2012-07-30
444375,118680,-88.0,529,108,11:55:34,2012-07-30
444380,118680,-88.533333,529,108,11:55:33,2012-07-30
444380,118685,-89.0,529,108,11:55:32,2012-07-30
444385,118685,-88.190475,529,108,11:55:32,2012-07-30
444400,118740,-80.75,529,108,11:55:22,2012-07-30
444405,118740,-81.0,529,108,11:55:21,2012-07-30
444405,118745,-81.0,529,108,11:55:20,2012-07-30
444410,118745,-81.0,529,108,11:55:20,2012-07-30
444410,118750,-81.0,529,108,11:55:19,2012-07-30
444415,118750,-80.400002,529,108,11:55:19,2012-07-30
444420,118755,-80.0,529,108,11:55:18,2012-07-30
444420,118760,-79.25,529,108,11:55:17,2012-07-30
444425,118765,-79.0,529,108,11:55:17,2012-07-30
444430,118765,-78.333336,529,108,11:55:16,2012-07-30
444430,118770,-78.0,529,108,11:55:15,2012-07-30
444430,118775,-78.0,529,108,11:55:14,2012-07-30
444430,118780,-78.0,529,108,11:55:14,2012-07-30
444435,118785,-78.0,529,108,11:55:13,2012-07-30
444435,118790,-78.0,529,108,11:55:12,2012-07-30
444435,118795,-78.0,529,108,11:55:12,2012-07-30
444435,118800,-78.0,529,108,11:55:11,2012-07-30
440355,121800,-98.0,529,108,11:15:25,2012-07-30
440360,121805,-98.0,529,108,11:15:24,2012-07-30
440365,121810,-98.0,529,108,11:15:23,2012-07-30
440370,121810,-98.0,529,108,11:15:23,2012-07-30
440370,121815,-98.0,529,108,11:15:22,2012-07-30
440375,121820,-98.0,529,108,11:15:22,2012-07-30
440385,121825,-98.0,529,108,11:15:21,2012-07-30
440390,121825,-98.0,529,108,11:15:20,2012-07-30
440395,121830,-97.25,529,108,11:15:20,2012-07-30
440405,121835,-97.0,529,108,11:15:19,2012-07-30
440405,121840,-97.0,529,108,11:15:19,2012-07-30
440410,121840,-95.666664,529,108,11:15:18,2012-07-30
440420,121850,-95.0,529,108,11:15:17,2012-07-30
440435,121865,-93.0,529,108,11:15:17,2012-07-30
440440,121875,-90.5,529,108,11:15:15,2012-07-30
440450,121885,-89.25,529,108,11:15:14,2012-07-30
440565,121885,-92.0,529,108,11:15:03,2012-07-30
440460,121890,-89.0,529,108,11:15:13,2012-07-30
440540,121890,-92.0,529,108,11:15:03,2012-07-30
440525,121895,-92.0,529,108,11:15:05,2012-07-30
440530,121895,-92.0,529,108,11:15:04,2012-07-30
440470,121900,-89.0,529,108,11:15:13,2012-07-30
440510,121900,-92.0,529,108,11:15:06,2012-07-30
440475,121905,-89.0,529,108,11:15:11,2012-07-30
440505,121905,-92.0,529,108,11:15:07,2012-07-30
440700,121905,-91.0,529,108,10:50:43,2012-07-30
440705,121905,-91.0,529,108,10:50:44,2012-07-30
440715,121905,-91.0,529,108,10:50:46,2012-07-30
440485,121910,-89.0,529,108,11:15:10,2012-07-30
440490,121910,-91.0,529,108,11:15:08,2012-07-30
443060,127130,-83.0,529,108,16:21:51,2012-07-27
443060,127145,-84.714287,529,108,16:21:51,2012-07-27
443060,127150,-85.5,529,108,16:21:49,2012-07-27
443055,127160,-86.0,529,108,16:21:48,2012-07-27
443055,127170,-87.800003,529,108,16:21:48,2012-07-27
443050,127180,-89.666664,529,108,16:21:46,2012-07-27
443045,127190,-90.0,529,108,16:21:46,2012-07-27
443265,127190,-83.0,529,108,16:20:50,2012-07-27
443270,127190,-83.0,529,108,16:20:50,2012-07-27
443280,127190,-83.0,529,108,16:20:48,2012-07-27
443250,127195,-83.428574,529,108,16:20:52,2012-07-27
443255,127195,-83.0,529,108,16:20:51,2012-07-27
443285,127195,-83.0,529,108,16:20:47,2012-07-27
443025,127200,-88.333336,529,108,16:21:44,2012-07-27
443245,127200,-86.0,529,108,16:20:53,2012-07-27
443270,127200,-77.0,529,108,16:31:09,2012-07-27
443275,127200,-77.166664,529,108,16:31:09,2012-07-27
443285,127200,-78.0,529,108,16:31:11,2012-07-27
442995,127205,-86.333336,529,108,16:21:39,2012-07-27
443005,127205,-87.0,529,108,16:21:41,2012-07-27
443015,127205,-87.0,529,108,16:21:41,2012-07-27
443020,127205,-87.0,529,108,16:21:42,2012-07-27
443235,127205,-85.714287,529,108,16:20:54,2012-07-27
443260,127205,-78.0,529,108,16:31:07,2012-07-27
443265,127205,-77.75,529,108,16:31:08,2012-07-27
443285,127205,-78.599998,529,108,16:31:11,2012-07-27
442985,127210,-86.0,529,108,16:21:39,2012-07-27
443250,127210,-80.0,529,108,16:31:06,2012-07-27
443255,127210,-79.428574,529,108,16:31:07,2012-07-27
443295,127210,-81.0,529,108,16:31:12,2012-07-27
442980,127215,-86.0,529,108,16:21:37,2012-07-27
443220,127215,-85.5,529,108,16:20:55,2012-07-27
443240,127215,-80.714287,529,108,16:31:06,2012-07-27
443245,127215,-80.0,529,108,16:31:06,2012-07-27
443295,127215,-81.0,529,108,16:31:13,2012-07-27
442980,127220,-86.0,529,108,16:21:36,2012-07-27
443210,127220,-86.599998,529,108,16:20:57,2012-07-27
443230,127220,-81.0,529,108,16:31:05,2012-07-27
443235,127220,-81.0,529,108,16:31:05,2012-07-27
442985,127225,-85.0,529,108,16:21:35,2012-07-27
443225,127225,-82.5,529,108,16:31:04,2012-07-27
443230,127225,-81.0,529,108,16:31:05,2012-07-27
443300,127225,-81.0,529,108,16:31:13,2012-07-27
442990,127230,-85.0,529,108,16:21:34,2012-07-27
443195,127230,-85.0,529,108,16:20:58,2012-07-27
443305,127230,-81.0,529,108,16:31:14,2012-07-27
443000,127235,-84.25,529,108,16:21:34,2012-07-27
443005,127240,-83.400002,529,108,16:21:32,2012-07-27
443015,127240,-83.0,529,108,16:21:32,2012-07-27
443180,127240,-85.800003,529,108,16:21:00,2012-07-27
443200,127240,-86.0,529,108,16:31:02,2012-07-27
443205,127240,-85.25,529,108,16:31:03,2012-07-27
443305,127240,-82.0,529,108,16:31:15,2012-07-27
443020,127245,-83.0,529,108,16:21:31,2012-07-27
443175,127245,-87.800003,529,108,16:21:01,2012-07-27
443195,127245,-86.0,529,108,16:31:01,2012-07-27
443310,127245,-82.25,529,108,16:31:15,2012-07-27
443025,127250,-86.0,529,108,16:21:29,2012-07-27
443190,127250,-86.0,529,108,16:31:01,2012-07-27
443315,127250,-83.0,529,108,16:31:16,2012-07-27
443035,127255,-89.0,529,108,16:30:32,2012-07-27
443040,127255,-86.0,529,108,16:30:33,2012-07-27
443045,127255,-91.545456,529,108,16:30:37,2012-07-27
443050,127255,-91.333336,529,108,16:30:40,2012-07-27
443155,127255,-88.0,529,108,16:21:04,2012-07-27
443160,127255,-88.5,529,108,16:21:03,2012-07-27
443180,127255,-86.0,529,108,16:31:00,2012-07-27
443315,127255,-83.0,529,108,16:31:16,2012-07-27
443050,127260,-94.285713,529,108,16:21:22,2012-07-27
443055,127260,-92.25,529,108,16:21:21,2012-07-27
443060,127260,-92.0,529,108,16:30:42,2012-07-27
443065,127260,-92.0,529,108,16:30:43,2012-07-27
443150,127260,-90.0,529,108,16:21:05,2012-07-27
443320,127260,-83.0,529,108,16:31:17,2012-07-27
443060,127265,-90.0,529,108,16:21:20,2012-07-27
443070,127265,-91.599998,529,108,16:30:44,2012-07-27
443140,127265,-89.625,529,108,16:21:05,2012-07-27
443165,127265,-87.5,529,108,16:30:59,2012-07-27
443320,127265,-83.0,529,108,16:31:18,2012-07-27
443070,127270,-88.25,529,108,16:21:18,2012-07-27
443075,127270,-90.0,529,108,16:30:45,2012-07-27
443135,127270,-89.0,529,108,16:21:06,2012-07-27
443160,127270,-88.0,529,108,16:30:58,2012-07-27
443325,127270,-82.599998,529,108,16:31:18,2012-07-27
443070,127275,-88.0,529,108,16:21:17,2012-07-27
443130,127275,-89.0,529,108,16:21:07,2012-07-27
443145,127275,-90.400002,529,108,16:30:57,2012-07-27
443075,127280,-89.333336,529,108,16:21:17,2012-07-27
443085,127280,-89.800003,529,108,16:30:47,2012-07-27
443125,127280,-90.666664,529,108,16:21:08,2012-07-27
443140,127280,-91.800003,529,108,16:30:56,2012-07-27
443325,127280,-81.0,529,108,16:31:19,2012-07-27
443080,127285,-90.0,529,108,16:21:16,2012-07-27
443085,127285,-91.5,529,108,16:21:15,2012-07-27
443090,127285,-89.0,529,108,16:30:48,2012-07-27
443095,127285,-89.0,529,108,16:30:49,2012-07-27
443325,127285,-81.25,529,108,16:31:20,2012-07-27
443085,127290,-92.0,529,108,16:21:15,2012-07-27
443090,127290,-92.75,529,108,16:21:14,2012-07-27
443095,127290,-93.0,529,108,16:21:13,2012-07-27
443100,127290,-89.800003,529,108,16:30:50,2012-07-27
443105,127290,-93.75,529,108,16:21:13,2012-07-27
443110,127290,-92.875,529,108,16:30:51,2012-07-27
443120,127290,-93.0,529,108,16:30:53,2012-07-27
443130,127290,-92.714287,529,108,16:30:54,2012-07-27
443320,127295,-82.0,529,108,16:31:21,2012-07-27
443315,127300,-82.0,529,108,16:31:22,2012-07-27
443310,127305,-82.333336,529,108,16:31:23,2012-07-27
443305,127320,-83.400002,529,108,16:31:24,2012-07-27
443300,127325,-84.0,529,108,16:31:25,2012-07-27
443300,127330,-84.0,529,108,16:31:25,2012-07-27
443295,127335,-84.0,529,108,16:31:26,2012-07-27
443295,127345,-84.25,529,108,16:31:27,2012-07-27
443290,127350,-85.0,529,108,16:31:28,2012-07-27
443285,127360,-85.25,529,108,16:31:28,2012-07-27
443275,127365,-85.75,529,108,16:31:30,2012-07-27
443265,127370,-85.0,529,108,16:31:30,2012-07-27
443250,127375,-87.0,529,108,16:31:32,2012-07-27
443260,127375,-85.5,529,108,16:31:31,2012-07-27
443245,127380,-87.400002,529,108,16:31:33,2012-07-27
443250,127380,-87.0,529,108,16:31:32,2012-07-27
443230,127385,-89.0,529,108,16:31:34,2012-07-27
443225,127390,-89.0,529,108,16:31:35,2012-07-27
443220,127395,-89.300003,529,108,16:31:36,2012-07-27
443215,127400,-90.0,529,108,16:31:37,2012-07-27
443215,127405,-90.0,529,108,16:31:39,2012-07-27
443210,127420,-89.599998,529,108,16:31:40,2012-07-27
443210,127430,-87.0,529,108,16:31:42,2012-07-27
443370,127675,-69.0,529,108,16:18:01,2012-07-27
443370,127680,-69.0,529,108,16:18:01,2012-07-27
443365,127685,-67.0,529,108,16:18:00,2012-07-27
443370,127685,-67.400002,529,108,16:18:00,2012-07-27
443365,127690,-67.0,529,108,16:18:00,2012-07-27
443365,127695,-67.0,529,108,16:17:59,2012-07-27
443360,127700,-65.666664,529,108,16:17:59,2012-07-27
443360,127710,-65.0,529,108,16:17:58,2012-07-27
443355,127720,-62.0,529,108,16:17:58,2012-07-27
443355,127725,-61.0,529,108,16:17:57,2012-07-27
443350,127735,-60.25,529,108,16:17:56,2012-07-27
443345,127740,-60.0,529,108,16:17:55,2012-07-27
443345,127750,-58.5,529,108,16:17:55,2012-07-27
443340,127755,-58.0,529,108,16:17:54,2012-07-27
443340,127760,-56.5,529,108,16:17:53,2012-07-27
443335,127770,-56.0,529,108,16:17:53,2012-07-27
443335,127775,-56.0,529,108,16:17:52,2012-07-27
443330,127780,-56.0,529,108,16:17:51,2012-07-27
443330,127790,-57.5,529,108,16:17:50,2012-07-27
443325,127800,-58.0,529,108,16:17:50,2012-07-27
443325,127805,-58.0,529,108,16:17:49,2012-07-27
443325,127810,-58.0,529,108,16:17:48,2012-07-27
442825,127815,-74.0,529,108,17:12:45,2012-07-27
443320,127815,-57.25,529,108,16:17:48,2012-07-27
442825,127820,-74.0,529,108,17:12:45,2012-07-27
442830,127820,-74.0,529,108,17:12:44,2012-07-27
443320,127820,-57.0,529,108,16:17:47,2012-07-27
442830,127825,-71.5,529,108,17:12:44,2012-07-27
443320,127825,-56.25,529,108,16:17:46,2012-07-27
442830,127830,-71.0,529,108,17:12:43,2012-07-27
442835,127835,-69.666664,529,108,17:12:43,2012-07-27
443315,127835,-57.599998,529,108,16:17:45,2012-07-27
443320,127840,-57.25,529,108,16:17:43,2012-07-27
442840,127845,-69.75,529,108,17:12:41,2012-07-27
443315,127845,-56.200001,529,108,17:10:57,2012-07-27
443320,127845,-58.200001,529,108,16:17:42,2012-07-27
443325,127845,-60.333332,529,108,16:17:41,2012-07-27
442840,127850,-70.0,529,108,17:12:40,2012-07-27
443305,127850,-55.0,529,108,17:10:59,2012-07-27
443310,127850,-55.0,529,108,17:10:58,2012-07-27
443320,127850,-57.666668,529,108,17:10:55,2012-07-27
443325,127850,-61.5,529,108,17:10:55,2012-07-27
443330,127850,-62.599998,529,108,16:17:38,2012-07-27
442845,127855,-67.333336,529,108,17:12:40,2012-07-27
443300,127855,-57.0,529,108,17:10:59,2012-07-27
443330,127855,-58.799999,529,108,17:10:54,2012-07-27
443335,127855,-60.875,529,108,17:10:52,2012-07-27
442845,127860,-66.0,529,108,17:12:39,2012-07-27
443300,127860,-60.0,529,108,17:11:00,2012-07-27
443345,127860,-62.833332,529,108,16:17:36,2012-07-27
442845,127865,-64.666664,529,108,17:12:38,2012-07-27
443295,127865,-60.25,529,108,17:11:01,2012-07-27
443350,127865,-60.714287,529,108,17:10:51,2012-07-27
443355,127865,-62.5,529,108,16:17:34,2012-07-27
442845,127870,-64.0,529,108,17:12:38,2012-07-27
443295,127870,-61.0,529,108,17:11:02,2012-07-27
443355,127870,-61.0,529,108,17:10:50,2012-07-27
443360,127870,-62.0,529,108,16:17:34,2012-07-27
443365,127870,-62.0,529,108,16:17:33,2012-07-27
442845,127875,-63.0,529,108,17:12:37,2012-07-27
443290,127875,-62.0,529,108,17:11:02,2012-07-27
443365,127875,-61.0,529,108,17:10:50,2012-07-27
443370,127875,-62.0,529,108,16:17:32,2012-07-27
442845,127880,-62.0,529,108,17:12:36,2012-07-27
443285,127880,-65.0,529,108,17:11:03,2012-07-27
443375,127880,-61.75,529,108,17:10:48,2012-07-27
443380,127880,-62.75,529,108,16:17:31,2012-07-27
442840,127885,-61.25,529,108,17:12:35,2012-07-27
443280,127885,-65.25,529,108,17:11:04,2012-07-27
443390,127885,-63.0,529,108,16:17:30,2012-07-27
442835,127890,-58.599998,529,108,17:12:34,2012-07-27
443395,127890,-63.0,529,108,16:17:29,2012-07-27
442830,127895,-57.0,529,108,17:12:33,2012-07-27
443275,127895,-67.333336,529,108,17:11:05,2012-07-27
443400,127895,-63.599998,529,108,17:10:47,2012-07-27
443405,127895,-63.0,529,108,16:17:29,2012-07-27
442825,127900,-61.5,529,108,17:12:33,2012-07-27
443405,127900,-64.0,529,108,17:10:45,2012-07-27
443410,127900,-62.25,529,108,16:17:28,2012-07-27
443415,127900,-62.0,529,108,16:17:27,2012-07-27
442820,127905,-63.0,529,108,17:12:32,2012-07-27
442990,127905,-62.0,529,108,17:11:52,2012-07-27
443265,127905,-68.666664,529,108,17:11:07,2012-07-27
443415,127905,-65.5,529,108,17:10:44,2012-07-27
443425,127905,-61.25,529,108,16:17:26,2012-07-27
442970,127910,-63.0,529,108,17:11:54,2012-07-27
442980,127910,-62.25,529,108,17:11:53,2012-07-27
442995,127910,-62.0,529,108,17:11:52,2012-07-27
443265,127910,-66.0,529,108,17:11:07,2012-07-27
443430,127910,-61.0,529,108,16:17:26,2012-07-27
442815,127915,-63.0,529,108,17:12:31,2012-07-27
442955,127915,-62.0,529,108,17:11:55,2012-07-27
442965,127915,-62.75,529,108,17:11:54,2012-07-27
443010,127915,-62.0,529,108,17:11:51,2012-07-27
443020,127915,-60.5,529,108,17:11:50,2012-07-27
443260,127915,-66.0,529,108,17:11:08,2012-07-27
443425,127915,-66.0,529,108,17:10:43,2012-07-27
443440,127915,-61.666668,529,108,16:17:25,2012-07-27
442930,127920,-63.0,529,108,17:11:57,2012-07-27
442935,127920,-63.0,529,108,17:11:57,2012-07-27
442945,127920,-62.25,529,108,17:11:56,2012-07-27
443035,127920,-60.0,529,108,17:11:49,2012-07-27
443255,127920,-66.0,529,108,17:11:08,2012-07-27
443440,127920,-66.75,529,108,17:10:43,2012-07-27
442920,127925,-63.0,529,108,17:11:58,2012-07-27
442925,127925,-63.0,529,108,17:11:57,2012-07-27
443040,127925,-60.0,529,108,17:11:48,2012-07-27
443250,127925,-65.333336,529,108,17:11:09,2012-07-27
443450,127925,-62.75,529,108,16:17:24,2012-07-27
442805,127930,-64.5,529,108,17:12:30,2012-07-27
442905,127930,-63.0,529,108,17:12:00,2012-07-27
443055,127930,-61.5,529,108,17:11:47,2012-07-27
443250,127930,-64.5,529,108,17:11:11,2012-07-27
443450,127930,-67.0,529,108,17:10:42,2012-07-27
443460,127930,-63.0,529,108,16:17:23,2012-07-27
443065,127935,-62.0,529,108,17:11:47,2012-07-27
443245,127935,-65.599998,529,108,17:11:12,2012-07-27
443465,127935,-65.25,529,108,16:17:22,2012-07-27
442800,127940,-65.0,529,108,17:12:29,2012-07-27
442885,127940,-63.0,529,108,17:12:01,2012-07-27
443245,127940,-67.888885,529,108,17:11:14,2012-07-27
443470,127940,-66.0,529,108,16:17:22,2012-07-27
442880,127945,-64.0,529,108,17:12:02,2012-07-27
443080,127945,-62.799999,529,108,17:11:46,2012-07-27
443470,127945,-69.875,529,108,17:10:41,2012-07-27
443480,127945,-68.666664,529,108,16:17:21,2012-07-27
442795,127950,-66.5,529,108,17:12:28,2012-07-27
442870,127950,-67.0,529,108,17:12:02,2012-07-27
443095,127955,-63.0,529,108,17:11:44,2012-07-27
443175,127955,-71.0,529,108,17:11:35,2012-07-27
443180,127955,-71.0,529,108,17:11:33,2012-07-27
443485,127955,-70.0,529,108,16:17:20,2012-07-27
442790,127960,-67.0,529,108,17:12:28,2012-07-27
443105,127960,-66.0,529,108,17:11:43,2012-07-27
443165,127960,-71.0,529,108,17:11:35,2012-07-27
443490,127960,-72.888885,529,108,16:17:19,2012-07-27
442790,127965,-67.75,529,108,17:12:27,2012-07-27
442860,127965,-68.199997,529,108,17:12:03,2012-07-27
443115,127965,-68.0,529,108,17:11:42,2012-07-27
443155,127965,-71.0,529,108,17:11:37,2012-07-27
443160,127965,-71.0,529,108,17:11:36,2012-07-27
443495,127965,-73.0,529,108,16:17:19,2012-07-27
443125,127970,-67.666664,529,108,17:11:40,2012-07-27
443140,127970,-70.199997,529,108,17:11:39,2012-07-27
442850,127975,-70.75,529,108,17:12:04,2012-07-27
443500,127975,-74.846153,529,108,16:17:18,2012-07-27
443505,127975,-76.0,529,108,16:17:17,2012-07-27
442845,127985,-73.166664,529,108,17:12:05,2012-07-27
443505,127985,-76.599998,529,108,16:17:17,2012-07-27
442780,127990,-64.666664,529,108,17:12:26,2012-07-27
443510,127990,-76.75,529,108,17:10:35,2012-07-27
443510,127995,-77.0,529,108,16:17:16,2012-07-27
442835,128000,-74.0,529,108,17:12:06,2012-07-27
443510,128005,-76.400002,529,108,17:10:34,2012-07-27
443515,128005,-78.5,529,108,16:17:15,2012-07-27
442775,128010,-61.799999,529,108,17:12:24,2012-07-27
442825,128010,-74.0,529,108,17:12:07,2012-07-27
443515,128015,-79.0,529,108,16:17:14,2012-07-27
442775,128020,-61.0,529,108,17:12:23,2012-07-27
442820,128020,-73.75,529,108,17:12:09,2012-07-27
443515,128020,-76.0,529,108,17:10:33,2012-07-27
442775,128025,-61.0,529,108,17:12:23,2012-07-27
443515,128025,-79.0,529,108,16:17:14,2012-07-27
442815,128030,-72.0,529,108,17:12:09,2012-07-27
443515,128030,-79.0,529,108,16:17:13,2012-07-27
443515,128035,-76.0,529,108,17:10:32,2012-07-27
443515,128040,-79.0,529,108,16:17:12,2012-07-27
442770,128045,-58.599998,529,108,17:12:21,2012-07-27
442805,128045,-71.666664,529,108,17:12:10,2012-07-27
443515,128045,-79.0,529,108,16:17:12,2012-07-27
442770,128050,-58.0,529,108,17:12:20,2012-07-27
442805,128050,-70.0,529,108,17:12:12,2012-07-27
442770,128055,-58.0,529,108,17:12:19,2012-07-27
443515,128055,-78.25,529,108,16:17:11,2012-07-27
442800,128060,-67.0,529,108,17:12:12,2012-07-27
443515,128060,-76.0,529,108,17:10:31,2012-07-27
442770,128065,-58.75,529,108,17:12:19,2012-07-27
442795,128065,-66.199997,529,108,17:12:13,2012-07-27
443510,128065,-76.0,529,108,17:10:31,2012-07-27
442775,128070,-59.0,529,108,17:12:18,2012-07-27
442790,128070,-64.5,529,108,17:12:14,2012-07-27
442780,128075,-62.0,529,108,17:12:17,2012-07-27
442790,128075,-63.0,529,108,17:12:15,2012-07-27
443510,128075,-78.0,529,108,16:17:09,2012-07-27
443505,128080,-77.0,529,108,17:10:30,2012-07-27
443505,128085,-78.0,529,108,16:17:09,2012-07-27
443505,128090,-77.333336,529,108,16:17:08,2012-07-27
443500,128095,-77.0,529,108,16:17:08,2012-07-27
443500,128100,-77.0,529,108,16:17:07,2012-07-27
443495,128110,-76.0,529,108,17:10:27,2012-07-27
443490,128115,-76.0,529,108,16:17:06,2012-07-27
443495,128115,-76.333336,529,108,16:17:07,2012-07-27
443490,128120,-76.0,529,108,16:17:06,2012-07-27
443485,128125,-76.0,529,108,16:17:05,2012-07-27
443490,128125,-76.0,529,108,16:17:06,2012-07-27
443485,128130,-76.428574,529,108,16:17:05,2012-07-27
443480,128135,-77.0,529,108,16:17:05,2012-07-27
443480,128140,-77.0,529,108,16:17:05,2012-07-27
443475,128145,-77.0,529,108,16:17:05,2012-07-27
443470,128155,-74.75,529,108,16:17:04,2012-07-27
443475,128155,-75.333336,529,108,17:10:24,2012-07-27
443730,128155,-89.0,529,108,18:10:05,2012-07-27
443740,128155,-89.444443,529,108,18:10:06,2012-07-27
443745,128155,-90.0,529,108,18:10:07,2012-07-27
443470,128160,-74.0,529,108,16:17:03,2012-07-27
443715,128160,-89.0,529,108,18:10:05,2012-07-27
443730,128160,-86.25,529,108,16:37:46,2012-07-31
443470,128165,-75.0,529,108,17:10:23,2012-07-27
443720,128165,-86.0,529,108,16:37:44,2012-07-31
443745,128165,-87.400002,529,108,16:37:46,2012-07-31
443465,128170,-73.25,529,108,16:17:03,2012-07-27
443695,128170,-85.25,529,108,16:37:43,2012-07-31
443700,128170,-87.5,529,108,18:10:04,2012-07-27
443465,128175,-73.5,529,108,17:10:23,2012-07-27
443695,128175,-87.0,529,108,18:10:03,2012-07-27
443770,128180,-89.400002,529,108,16:37:49,2012-07-31
443680,128185,-85.375,529,108,16:37:42,2012-07-31
443460,128190,-73.0,529,108,17:10:22,2012-07-27
443675,128190,-86.0,529,108,16:37:40,2012-07-31
443780,128190,-90.0,529,108,16:37:49,2012-07-31
443460,128195,-71.5,529,108,16:17:01,2012-07-27
443685,128195,-86.083336,529,108,18:10:01,2012-07-27
443785,128195,-90.0,529,108,16:37:50,2012-07-31
443460,128200,-72.333336,529,108,17:10:21,2012-07-27
443670,128200,-86.0,529,108,16:37:40,2012-07-31
443785,128200,-90.0,529,108,16:37:50,2012-07-31
443790,128200,-90.25,529,108,16:37:50,2012-07-31
443455,128205,-71.0,529,108,16:17:00,2012-07-27
443605,128205,-75.0,529,108,16:37:32,2012-07-31
443610,128205,-75.800003,529,108,16:37:33,2012-07-31
443630,128205,-77.0,529,108,18:00:47,2012-07-27
443630,128205,-78.599998,529,108,16:37:34,2012-07-31
443640,128205,-78.199997,529,108,18:09:55,2012-07-27
443650,128205,-80.75,529,108,18:09:57,2012-07-27
443680,128205,-86.0,529,108,18:10:00,2012-07-27
443790,128205,-91.0,529,108,16:37:50,2012-07-31
443460,128210,-72.0,529,108,17:10:21,2012-07-27
443595,128210,-72.0,529,108,16:37:32,2012-07-31
443625,128210,-75.5,529,108,18:09:54,2012-07-27
443640,128210,-82.14286,529,108,16:37:35,2012-07-31
443650,128210,-85.0,529,108,16:37:37,2012-07-31
443655,128210,-85.666664,529,108,16:37:37,2012-07-31
443660,128210,-83.0,529,108,18:09:57,2012-07-27
443665,128210,-83.666664,529,108,18:09:58,2012-07-27
443665,128210,-86.0,529,108,16:37:38,2012-07-31
443675,128210,-85.199997,529,108,18:09:59,2012-07-27
443455,128215,-68.75,529,108,16:17:00,2012-07-27
443605,128215,-73.199997,529,108,18:09:52,2012-07-27
443800,128215,-91.0,529,108,16:37:51,2012-07-31
443455,128220,-68.0,529,108,16:16:59,2012-07-27
443460,128220,-72.0,529,108,17:10:20,2012-07-27
443585,128220,-69.800003,529,108,16:37:30,2012-07-31
443460,128225,-72.0,529,108,17:10:19,2012-07-27
443455,128230,-67.333336,529,108,16:16:58,2012-07-27
443460,128230,-72.0,529,108,17:10:19,2012-07-27
443575,128230,-69.0,529,108,16:37:30,2012-07-31
443595,128230,-70.800003,529,108,18:09:51,2012-07-27
443590,128235,-70.0,529,108,18:09:50,2012-07-27
443460,128240,-69.75,529,108,17:10:18,2012-07-27
443460,128245,-69.0,529,108,17:10:18,2012-07-27
443550,128245,-70.0,529,108,16:16:07,2012-07-27
443570,128245,-69.0,529,108,16:37:29,2012-07-31
443460,128250,-69.0,529,108,17:10:18,2012-07-27
443460,128255,-68.5,529,108,16:16:57,2012-07-27
443460,128260,-67.5,529,108,17:10:17,2012-07-27
443580,128265,-70.5,529,108,18:09:48,2012-07-27
443465,128270,-67.0,529,108,17:10:16,2012-07-27
443565,128270,-70.599998,529,108,16:37:27,2012-07-31
443545,128275,-70.0,529,108,16:16:09,2012-07-27
443540,128280,-70.0,529,108,16:16:09,2012-07-27
443575,128280,-71.0,529,108,18:09:47,2012-07-27
443465,128285,-66.333336,529,108,17:10:16,2012-07-27
443460,128295,-69.0,529,108,16:16:55,2012-07-27
443465,128295,-66.0,529,108,17:10:15,2012-07-27
443570,128295,-71.0,529,108,18:09:46,2012-07-27
443460,128300,-69.0,529,108,16:16:54,2012-07-27
443535,128300,-70.0,529,108,16:16:10,2012-07-27
443555,128300,-70.199997,529,108,16:37:25,2012-07-31
443465,128305,-67.5,529,108,17:10:14,2012-07-27
443570,128305,-70.25,529,108,18:09:45,2012-07-27
443535,128310,-70.0,529,108,16:16:11,2012-07-27
443460,128315,-68.0,529,108,17:10:14,2012-07-27
443535,128315,-70.0,529,108,16:16:11,2012-07-27
443460,128320,-69.0,529,108,16:16:53,2012-07-27
443535,128320,-70.0,529,108,16:16:11,2012-07-27
443460,128325,-67.333336,529,108,17:10:13,2012-07-27
443550,128330,-71.0,529,108,16:37:25,2012-07-31
443460,128335,-70.5,529,108,16:16:52,2012-07-27
443560,128335,-71.5,529,108,18:09:44,2012-07-27
443545,128340,-71.25,529,108,16:37:23,2012-07-31
443530,128345,-71.0,529,108,16:16:13,2012-07-27
443560,128345,-72.0,529,108,18:09:43,2012-07-27
443460,128350,-71.0,529,108,16:16:52,2012-07-27
443455,128355,-67.666664,529,108,17:10:11,2012-07-27
443530,128355,-73.0,529,108,16:16:14,2012-07-27
443540,128360,-71.0,529,108,16:37:22,2012-07-31
443555,128360,-71.25,529,108,18:09:42,2012-07-27
443455,128365,-68.0,529,108,17:10:11,2012-07-27
443525,128370,-72.75,529,108,16:16:14,2012-07-27
443455,128375,-68.53846,529,108,16:16:50,2012-07-27
443555,128375,-71.0,529,108,18:09:42,2012-07-27
443525,128380,-72.0,529,108,16:16:15,2012-07-27
443540,128380,-71.666664,529,108,16:37:22,2012-07-31
443450,128385,-67.333336,529,108,16:16:49,2012-07-27
443525,128385,-72.0,529,108,16:16:15,2012-07-27
443550,128385,-69.0,529,108,18:09:41,2012-07-27
443535,128390,-72.0,529,108,16:37:21,2012-07-31
443450,128395,-64.0,529,108,16:16:48,2012-07-27
443525,128395,-71.333336,529,108,16:16:16,2012-07-27
443450,128400,-67.166664,529,108,17:10:08,2012-07-27
443450,128405,-67.0,529,108,17:10:08,2012-07-27
443525,128405,-70.0,529,108,16:16:17,2012-07-27
443450,128410,-67.0,529,108,17:10:07,2012-07-27
443450,128415,-64.599998,529,108,17:10:07,2012-07-27
443520,128415,-70.0,529,108,16:16:17,2012-07-27
443545,128415,-68.0,529,108,18:09:40,2012-07-27
443450,128420,-62.285713,529,108,16:16:46,2012-07-27
443535,128420,-69.599998,529,108,16:37:20,2012-07-31
443520,128425,-70.0,529,108,16:16:18,2012-07-27
443535,128425,-67.5,529,108,16:37:19,2012-07-31
443455,128430,-62.25,529,108,17:10:06,2012-07-27
443455,128435,-63.5,529,108,16:16:46,2012-07-27
443520,128435,-70.0,529,108,16:16:19,2012-07-27
443455,128440,-62.0,529,108,17:10:05,2012-07-27
443540,128440,-68.75,529,108,18:09:38,2012-07-27
443460,128450,-62.666668,529,108,17:10:04,2012-07-27
443530,128450,-64.75,529,108,16:37:18,2012-07-31
443540,128450,-69.0,529,108,18:09:37,2012-07-27
443465,128455,-65.199997,529,108,16:16:44,2012-07-27
443465,128460,-63.0,529,108,17:10:04,2012-07-27
443470,128460,-66.0,529,108,16:16:43,2012-07-27
443515,128460,-69.666664,529,108,16:16:20,2012-07-27
443530,128465,-64.0,529,108,16:37:17,2012-07-31
443535,128465,-69.0,529,108,18:09:37,2012-07-27
443470,128470,-63.75,529,108,17:10:03,2012-07-27
443475,128470,-68.0,529,108,16:16:43,2012-07-27
443535,128470,-69.0,529,108,18:09:36,2012-07-27
443480,128475,-70.199997,529,108,16:16:41,2012-07-27
443535,128475,-69.0,529,108,18:09:36,2012-07-27
443475,128480,-64.0,529,108,17:10:02,2012-07-27
443515,128480,-68.333336,529,108,16:16:21,2012-07-27
443525,128480,-64.666664,529,108,16:37:16,2012-07-31
443535,128490,-69.75,529,108,18:09:35,2012-07-27
443485,128495,-64.75,529,108,17:10:02,2012-07-27
443490,128500,-72.0,529,108,16:16:40,2012-07-27
443515,128500,-67.0,529,108,16:16:23,2012-07-27
443535,128500,-70.0,529,108,18:09:35,2012-07-27
443490,128505,-73.0,529,108,16:16:39,2012-07-27
443525,128505,-62.75,529,108,16:37:15,2012-07-31
443530,128505,-70.0,529,108,18:09:35,2012-07-27
443490,128510,-67.0,529,108,17:10:00,2012-07-27
443530,128510,-70.0,529,108,18:09:34,2012-07-27
443490,128515,-72.199997,529,108,16:16:38,2012-07-27
443530,128515,-70.75,529,108,18:09:34,2012-07-27
443490,128520,-68.0,529,108,17:09:59,2012-07-27
443525,128520,-62.0,529,108,16:37:14,2012-07-31
443515,128525,-66.666664,529,108,16:16:24,2012-07-27
443525,128525,-62.0,529,108,16:37:14,2012-07-31
443530,128525,-71.0,529,108,18:09:33,2012-07-27
443495,128530,-70.0,529,108,17:09:59,2012-07-27
443515,128530,-66.0,529,108,16:16:25,2012-07-27
443530,128530,-71.0,529,108,18:09:33,2012-07-27
443495,128535,-68.5,529,108,17:09:57,2012-07-27
443530,128535,-71.0,529,108,18:09:33,2012-07-27
443495,128540,-71.0,529,108,16:16:36,2012-07-27
443520,128540,-66.0,529,108,16:16:26,2012-07-27
443525,128540,-62.75,529,108,16:37:13,2012-07-31
443530,128540,-68.75,529,108,18:09:32,2012-07-27
443520,128545,-66.0,529,108,16:16:27,2012-07-27
443530,128545,-68.0,529,108,18:09:32,2012-07-27
443495,128550,-68.25,529,108,16:16:35,2012-07-27
443520,128550,-66.0,529,108,16:16:27,2012-07-27
443495,128560,-67.375,529,108,16:16:33,2012-07-27
443500,128560,-66.199997,529,108,17:09:56,2012-07-27
443515,128560,-66.0,529,108,16:16:29,2012-07-27
443500,128565,-67.0,529,108,16:16:32,2012-07-27
443510,128565,-66.0,529,108,16:16:31,2012-07-27
443525,128565,-63.0,529,108,16:37:12,2012-07-31
443530,128565,-68.0,529,108,18:09:31,2012-07-27
443505,128570,-66.25,529,108,16:16:31,2012-07-27
443520,128570,-63.0,529,108,16:37:12,2012-07-31
443500,128575,-67.25,529,108,17:09:54,2012-07-27
443520,128575,-63.0,529,108,16:37:11,2012-07-31
443505,128580,-68.0,529,108,17:09:53,2012-07-27
443525,128580,-68.0,529,108,18:09:30,2012-07-27
443510,128585,-68.0,529,108,17:09:52,2012-07-27
443520,128585,-62.25,529,108,16:37:10,2012-07-31
443510,128590,-66.5,529,108,17:09:52,2012-07-27
443520,128590,-62.0,529,108,16:37:10,2012-07-31
443520,128595,-68.75,529,108,18:09:30,2012-07-27
443520,128595,-62.0,529,108,16:37:10,2012-07-31
443510,128600,-66.5,529,108,17:09:50,2012-07-27
443515,128600,-62.0,529,108,16:37:09,2012-07-31
443505,128610,-68.199997,529,108,17:09:49,2012-07-27
443515,128610,-61.25,529,108,16:37:09,2012-07-31
443505,128615,-69.0,529,108,17:09:48,2012-07-27
443515,128615,-61.0,529,108,16:37:09,2012-07-31
443510,128620,-61.0,529,108,16:37:08,2012-07-31
443510,128625,-61.0,529,108,16:37:08,2012-07-31
443515,128625,-68.400002,529,108,18:09:28,2012-07-27
443505,128630,-67.400002,529,108,17:09:47,2012-07-27
443510,128630,-67.400002,529,108,18:09:27,2012-07-27
443510,128630,-61.0,529,108,16:37:08,2012-07-31
443510,128635,-61.0,529,108,16:37:08,2012-07-31
443500,128640,-67.0,529,108,17:09:47,2012-07-27
443505,128640,-61.0,529,108,16:37:07,2012-07-31
443505,128645,-61.0,529,108,16:37:07,2012-07-31
443510,128655,-67.0,529,108,18:09:26,2012-07-27
443500,128660,-61.75,529,108,16:37:06,2012-07-31
443500,128665,-67.666664,529,108,17:09:46,2012-07-27
443500,128675,-62.0,529,108,16:37:06,2012-07-31
443505,128675,-67.0,529,108,18:09:25,2012-07-27
443495,128695,-60.799999,529,108,16:37:05,2012-07-31
443500,128695,-68.666664,529,108,17:09:45,2012-07-27
443505,128705,-66.400002,529,108,18:09:24,2012-07-27
443495,128715,-61.799999,529,108,16:37:03,2012-07-31
443500,128715,-68.333336,529,108,17:09:43,2012-07-27
443505,128715,-66.0,529,108,18:09:23,2012-07-27
443500,128730,-63.0,529,108,16:37:03,2012-07-31
443505,128735,-64.5,529,108,18:09:23,2012-07-27
443505,128745,-68.5,529,108,17:09:42,2012-07-27
443500,128750,-63.75,529,108,16:37:02,2012-07-31
443505,128750,-69.0,529,108,17:09:41,2012-07-27
443510,128755,-64.5,529,108,18:09:21,2012-07-27
443505,128760,-69.666664,529,108,17:09:40,2012-07-27
443500,128770,-64.714287,529,108,16:37:01,2012-07-31
443510,128775,-65.0,529,108,18:09:21,2012-07-27
443510,128785,-66.5,529,108,18:09:20,2012-07-27
443500,128790,-63.5,529,108,16:36:59,2012-07-31
443505,128790,-68.0,529,108,17:09:39,2012-07-27
443500,128800,-63.0,529,108,16:36:58,2012-07-31
443505,128810,-67.0,529,108,17:09:38,2012-07-27
443505,128815,-67.0,529,108,18:09:18,2012-07-27
443505,128820,-64.5,529,108,16:36:58,2012-07-31
443510,128830,-69.625,529,108,17:09:37,2012-07-27
443505,128835,-68.0,529,108,18:09:17,2012-07-27
443500,128850,-64.400002,529,108,16:36:56,2012-07-31
443510,128855,-69.333336,529,108,17:09:36,2012-07-27
443500,128870,-64.0,529,108,16:36:55,2012-07-31
443505,128875,-69.666664,529,108,18:09:16,2012-07-27
443510,128885,-69.0,529,108,17:09:35,2012-07-27
443500,128890,-64.0,529,108,16:36:54,2012-07-31
443505,128890,-72.25,529,108,18:09:14,2012-07-27
443510,128895,-69.0,529,108,17:09:34,2012-07-27
443505,128910,-73.0,529,108,18:09:13,2012-07-27
443510,128910,-69.0,529,108,17:09:33,2012-07-27
443500,128920,-65.5,529,108,16:36:54,2012-07-31
443495,128930,-67.800003,529,108,16:36:52,2012-07-31
443500,128930,-73.800003,529,108,18:09:13,2012-07-27
443495,128950,-74.666664,529,108,18:09:11,2012-07-27
443500,128950,-72.199997,529,108,17:09:32,2012-07-27
443490,128955,-69.0,529,108,16:36:51,2012-07-31
443490,128965,-75.0,529,108,18:09:10,2012-07-27
443490,128965,-69.75,529,108,16:36:51,2012-07-31
443500,128965,-72.25,529,108,17:09:30,2012-07-27
443495,128975,-72.5,529,108,17:09:30,2012-07-27
443485,128980,-75.0,529,108,18:09:09,2012-07-27
443490,128990,-72.599998,529,108,17:09:29,2012-07-27
443480,128995,-75.0,529,108,18:09:08,2012-07-27
443490,128995,-73.0,529,108,17:09:28,2012-07-27
443480,129005,-70.599998,529,108,16:36:48,2012-07-31
443485,129005,-71.800003,529,108,17:09:28,2012-07-27
443465,129010,-73.5,529,108,18:09:07,2012-07-27
443475,129015,-71.0,529,108,17:09:27,2012-07-27
443455,129020,-73.428574,529,108,18:09:06,2012-07-27
443470,129020,-71.0,529,108,17:09:27,2012-07-27
443470,129020,-70.0,529,108,16:36:47,2012-07-31
443465,129025,-70.25,529,108,17:09:26,2012-07-27
443440,129035,-74.0,529,108,18:09:05,2012-07-27
443460,129035,-70.0,529,108,16:36:46,2012-07-31
443450,129040,-70.0,529,108,16:36:46,2012-07-31
443425,129045,-73.5,529,108,18:09:04,2012-07-27
443450,129045,-67.75,529,108,17:09:25,2012-07-27
443435,129050,-68.333336,529,108,16:36:44,2012-07-31
443415,129055,-72.400002,529,108,18:09:03,2012-07-27
443435,129055,-67.0,529,108,17:09:24,2012-07-27
443420,129060,-67.400002,529,108,16:36:44,2012-07-31
443430,129060,-67.0,529,108,17:09:23,2012-07-27
443400,129065,-72.0,529,108,18:09:02,2012-07-27
443420,129065,-67.0,529,108,17:09:23,2012-07-27
443390,129070,-71.5,529,108,18:09:01,2012-07-27
443410,129075,-68.333336,529,108,17:09:22,2012-07-27
443400,129080,-67.833336,529,108,16:36:42,2012-07-31
443370,129085,-71.0,529,108,18:09:00,2012-07-27
443395,129085,-69.0,529,108,17:09:21,2012-07-27
443380,129095,-69.75,529,108,17:09:21,2012-07-27
443385,129095,-68.75,529,108,16:36:41,2012-07-31
443355,129100,-71.0,529,108,18:08:59,2012-07-27
443375,129100,-70.0,529,108,17:09:20,2012-07-27
443340,129110,-70.199997,529,108,18:08:58,2012-07-27
443365,129110,-69.25,529,108,17:09:19,2012-07-27
443360,129115,-69.428574,529,108,16:36:39,2012-07-31
443325,129120,-72.0,529,108,18:08:57,2012-07-27
443350,129120,-69.0,529,108,17:09:18,2012-07-27
443340,129130,-71.25,529,108,17:09:18,2012-07-27
443310,129135,-73.0,529,108,18:08:56,2012-07-27
443325,129140,-72.0,529,108,17:09:17,2012-07-27
443325,129140,-70.0,529,108,16:36:37,2012-07-31
443290,129145,-73.666664,529,108,18:08:54,2012-07-27
443310,129150,-70.666664,529,108,16:36:37,2012-07-31
443315,129150,-72.0,529,108,17:09:16,2012-07-27
443300,129160,-72.0,529,108,17:09:16,2012-07-27
443270,129165,-73.333336,529,108,18:08:53,2012-07-27
443260,129170,-73.0,529,108,18:08:52,2012-07-27
443285,129170,-70.25,529,108,16:36:35,2012-07-31
443250,129180,-73.75,529,108,18:08:52,2012-07-27
443270,129185,-70.0,529,108,16:36:34,2012-07-31
443275,129185,-72.833336,529,108,17:09:15,2012-07-27
443250,129195,-70.800003,529,108,16:36:34,2012-07-31
443255,129195,-73.0,529,108,17:09:14,2012-07-27
443230,129210,-74.0,529,108,18:08:50,2012-07-27
443235,129210,-71.0,529,108,16:36:32,2012-07-31
443240,129210,-73.0,529,108,17:09:13,2012-07-27
443220,129220,-74.0,529,108,18:08:49,2012-07-27
443215,129225,-74.666664,529,108,18:08:49,2012-07-27
443210,129230,-71.666664,529,108,16:36:31,2012-07-31
443215,129230,-75.625,529,108,17:09:12,2012-07-27
443205,129235,-75.0,529,108,18:08:48,2012-07-27
443200,129240,-72.0,529,108,16:36:29,2012-07-31
443190,129245,-72.0,529,108,16:36:29,2012-07-31
443195,129245,-75.0,529,108,18:08:47,2012-07-27
443185,129250,-75.0,529,108,18:08:47,2012-07-27
443185,129250,-72.0,529,108,16:36:28,2012-07-31
443175,129255,-75.0,529,108,18:08:46,2012-07-27
443175,129260,-73.5,529,108,16:36:28,2012-07-31
443180,129260,-76.666664,529,108,17:09:09,2012-07-27
443170,129265,-77.0,529,108,17:09:08,2012-07-27
443150,129275,-75.0,529,108,18:08:44,2012-07-27
443160,129275,-74.0,529,108,16:36:27,2012-07-31
443155,129280,-77.0,529,108,17:09:07,2012-07-27
443145,129285,-74.75,529,108,16:36:27,2012-07-31
443135,129290,-75.0,529,108,16:36:26,2012-07-31
443140,129290,-75.0,529,108,18:08:44,2012-07-27
443130,129295,-75.75,529,108,18:08:43,2012-07-27
443140,129295,-76.25,529,108,17:09:06,2012-07-27
443125,129300,-76.0,529,108,18:08:42,2012-07-27
443120,129305,-75.75,529,108,16:36:25,2012-07-31
443110,129310,-74.666664,529,108,18:08:42,2012-07-27
443115,129310,-76.0,529,108,16:36:25,2012-07-31
443125,129310,-75.333336,529,108,17:09:05,2012-07-27
443100,129320,-74.0,529,108,18:08:41,2012-07-27
443105,129320,-76.666664,529,108,16:36:24,2012-07-31
443110,129320,-75.0,529,108,17:09:04,2012-07-27
443090,129330,-74.0,529,108,18:08:40,2012-07-27
443090,129330,-77.0,529,108,16:36:23,2012-07-31
443090,129335,-74.333336,529,108,17:09:04,2012-07-27
443070,129340,-74.666664,529,108,18:08:39,2012-07-27
443080,129340,-76.25,529,108,16:36:22,2012-07-31
443075,129345,-74.0,529,108,17:09:02,2012-07-27
443065,129350,-76.0,529,108,16:36:22,2012-07-31
443040,129355,-75.75,529,108,18:08:37,2012-07-27
443055,129355,-74.0,529,108,17:09:02,2012-07-27
443055,129355,-76.0,529,108,16:36:21,2012-07-31
443025,129360,-76.0,529,108,18:08:36,2012-07-27
443030,129360,-76.0,529,108,18:08:37,2012-07-27
443040,129360,-74.75,529,108,17:09:01,2012-07-27
443040,129360,-76.0,529,108,16:36:20,2012-07-31
443020,129365,-76.666664,529,108,18:08:36,2012-07-27
443025,129365,-76.0,529,108,18:08:36,2012-07-27
443030,129365,-75.333336,529,108,16:36:20,2012-07-31
443020,129370,-75.666664,529,108,17:08:59,2012-07-27
442990,129375,-77.833336,529,108,18:08:35,2012-07-27
443010,129375,-76.0,529,108,17:08:58,2012-07-27
442970,129380,-78.5,529,108,18:08:33,2012-07-27
442990,129380,-76.666664,529,108,17:08:58,2012-07-27
442990,129380,-75.666664,529,108,16:36:18,2012-07-31
442955,129385,-79.0,529,108,18:08:32,2012-07-27
442965,129385,-74.5,529,108,16:36:17,2012-07-31
442975,129385,-78.0,529,108,17:08:57,2012-07-27
442975,129385,-76.0,529,108,16:36:17,2012-07-31
442950,129390,-74.0,529,108,16:36:16,2012-07-31
442940,129395,-79.0,529,108,18:08:31,2012-07-27
442920,129400,-77.666664,529,108,18:08:30,2012-07-27
442930,129400,-74.0,529,108,16:36:15,2012-07-31
442935,129400,-79.0,529,108,17:08:55,2012-07-27
442915,129405,-77.400002,529,108,17:08:54,2012-07-27
442915,129405,-74.0,529,108,16:36:15,2012-07-31
442900,129410,-74.0,529,108,16:36:14,2012-07-31
442905,129410,-77.0,529,108,18:08:30,2012-07-27
442880,129420,-76.444443,529,108,18:08:28,2012-07-27
442885,129420,-74.0,529,108,16:36:13,2012-07-31
442890,129420,-76.333336,529,108,17:08:52,2012-07-27
442875,129425,-74.0,529,108,16:36:13,2012-07-31
442855,129430,-74.0,529,108,16:36:12,2012-07-31
442875,129430,-75.0,529,108,17:08:51,2012-07-27
442845,129435,-76.199997,529,108,18:08:25,2012-07-27
442845,129435,-74.0,529,108,16:36:11,2012-07-31
442850,129435,-74.0,529,108,16:36:12,2012-07-31
442825,129440,-76.0,529,108,18:08:25,2012-07-27
442840,129440,-73.25,529,108,16:36:11,2012-07-31
442855,129440,-76.714287,529,108,17:08:51,2012-07-27
442810,129445,-76.0,529,108,18:08:24,2012-07-27
442840,129445,-78.0,529,108,17:08:49,2012-07-27
442790,129450,-76.0,529,108,18:08:23,2012-07-27
442810,129450,-75.0,529,108,16:36:09,2012-07-31
442815,129450,-74.5,529,108,16:36:10,2012-07-31
442820,129450,-78.73333,529,108,17:08:49,2012-07-27
442805,129455,-76.882355,529,108,17:08:47,2012-07-27
442765,129460,-75.333336,529,108,18:08:22,2012-07-27
442785,129460,-76.0,529,108,17:08:46,2012-07-27
442785,129460,-75.0,529,108,16:36:08,2012-07-31
442745,129465,-75.666664,529,108,18:08:20,2012-07-27
442760,129465,-75.0,529,108,16:36:07,2012-07-31
442740,129470,-75.666664,529,108,16:36:07,2012-07-31
442730,129475,-76.599998,529,108,18:08:19,2012-07-27
442720,129480,-76.0,529,108,16:36:05,2012-07-31
442715,129485,-77.0,529,108,18:08:18,2012-07-27
442715,129485,-76.0,529,108,16:36:05,2012-07-31
442695,129495,-77.800003,529,108,18:08:18,2012-07-27
442685,129500,-76.666664,529,108,16:36:04,2012-07-31
442680,129505,-77.333336,529,108,18:08:16,2012-07-27
442680,129505,-77.599998,529,108,16:36:03,2012-07-31
442665,129515,-77.0,529,108,18:08:16,2012-07-27
442645,129530,-77.833336,529,108,18:08:15,2012-07-27
442645,129530,-78.599998,529,108,16:36:01,2012-07-31
442625,129540,-78.0,529,108,18:08:12,2012-07-27
442620,129545,-78.199997,529,108,16:35:59,2012-07-31
442600,129555,-81.75,529,108,18:08:12,2012-07-27
442600,129555,-78.75,529,108,16:35:58,2012-07-31
442585,129560,-83.0,529,108,18:08:10,2012-07-27
442565,129565,-83.0,529,108,18:08:09,2012-07-27
442550,129570,-83.0,529,108,18:08:08,2012-07-27
442570,129570,-78.199997,529,108,16:35:56,2012-07-31
442505,129575,-83.0,529,108,18:08:06,2012-07-27
442535,129575,-83.0,529,108,18:08:07,2012-07-27
442550,129575,-77.333336,529,108,16:35:56,2012-07-31
442520,129580,-77.0,529,108,16:35:54,2012-07-31
442490,129585,-77.333336,529,108,16:35:51,2012-07-31
442495,129585,-78.0,529,108,16:35:52,2012-07-31
442510,129585,-77.75,529,108,16:35:53,2012-07-31
442475,129590,-78.222221,529,108,16:35:50,2012-07-31
442465,129595,-79.0,529,108,16:35:46,2012-07-31
442470,129595,-79.0,529,108,16:35:47,2012-07-31
442455,129600,-79.0,529,108,16:35:45,2012-07-31
442445,129605,-79.0,529,108,16:35:44,2012-07-31
442420,129610,-79.0,529,108,16:35:43,2012-07-31
442435,129610,-79.0,529,108,16:35:43,2012-07-31
442360,129700,-78.0,529,108,16:35:24,2012-07-31
442360,129705,-78.0,529,108,16:35:24,2012-07-31
442365,129710,-77.400002,529,108,16:35:23,2012-07-31
442370,129725,-77.0,529,108,16:35:22,2012-07-31
442375,129735,-75.666664,529,108,16:35:22,2012-07-31
442380,129740,-74.333336,529,108,16:35:20,2012-07-31
442390,129745,-74.0,529,108,16:35:19,2012-07-31
442405,129750,-74.0,529,108,16:35:18,2012-07-31
442415,129750,-73.25,529,108,16:35:17,2012-07-31
442425,129755,-72.25,529,108,16:35:16,2012-07-31
442440,129755,-72.0,529,108,16:35:15,2012-07-31
442450,129755,-71.400002,529,108,16:35:13,2012-07-31
442470,129760,-71.0,529,108,16:35:12,2012-07-31
442485,129760,-70.199997,529,108,16:35:11,2012-07-31
442500,129765,-70.0,529,108,16:35:10,2012-07-31
442510,129770,-69.428574,529,108,16:35:09,2012-07-31
442520,129775,-69.5,529,108,16:35:08,2012-07-31
442525,129780,-70.0,529,108,16:35:07,2012-07-31
442525,129790,-70.0,529,108,16:35:05,2012-07-31
442525,129795,-70.0,529,108,16:35:05,2012-07-31
442525,129810,-70.0,529,108,16:35:03,2012-07-31
442525,129835,-70.0,529,108,16:35:02,2012-07-31
444340,130105,-62.0,529,108,14:42:41,2012-07-30
444345,130105,-65.0,529,108,14:42:41,2012-07-30
444325,130110,-61.0,529,108,14:42:40,2012-07-30
444330,130110,-61.0,529,108,14:42:40,2012-07-30
444335,130110,-61.0,529,108,14:42:41,2012-07-30
444310,130115,-61.0,529,108,14:42:40,2012-07-30
444315,130115,-61.0,529,108,14:42:40,2012-07-30
444295,130120,-61.0,529,108,14:42:40,2012-07-30
444290,130125,-61.0,529,108,14:42:39,2012-07-30
444245,130135,-60.333332,529,108,14:42:38,2012-07-30
444205,130145,-60.666668,529,108,14:42:36,2012-07-30
444160,130150,-59.5,529,108,14:42:35,2012-07-30
444135,130160,-59.0,529,108,14:42:34,2012-07-30
444100,130165,-60.5,529,108,14:42:34,2012-07-30
444055,130170,-59.5,529,108,14:42:32,2012-07-30
444075,130170,-61.0,529,108,14:42:33,2012-07-30
444035,130175,-59.0,529,108,14:42:31,2012-07-30
444010,130180,-59.0,529,108,14:42:31,2012-07-30
443935,130185,-55.0,529,108,14:42:29,2012-07-30
443960,130185,-56.333332,529,108,14:42:29,2012-07-30
443870,130190,-50.666668,529,108,14:42:27,2012-07-30
443880,130190,-54.0,529,108,14:42:27,2012-07-30
443910,130190,-54.25,529,108,14:42:28,2012-07-30
443775,130195,-44.5,529,108,14:42:24,2012-07-30
443795,130195,-46.0,529,108,14:42:24,2012-07-30
443810,130195,-46.75,529,108,14:42:25,2012-07-30
443840,130195,-49.0,529,108,14:42:26,2012-07-30
443695,130200,-45.0,529,108,14:42:22,2012-07-30
443720,130200,-44.75,529,108,14:42:22,2012-07-30
443755,130200,-44.0,529,108,14:42:23,2012-07-30
443600,130205,-44.0,529,108,14:42:19,2012-07-30
443635,130205,-44.25,529,108,14:42:20,2012-07-30
443675,130205,-45.0,529,108,14:42:21,2012-07-30
443530,130210,-43.333332,529,108,14:42:17,2012-07-30
443555,130210,-44.0,529,108,14:42:17,2012-07-30
443565,130210,-44.0,529,108,14:42:18,2012-07-30
443580,130210,-44.0,529,108,14:42:18,2012-07-30
443440,130215,-46.5,529,108,14:42:14,2012-07-30
443455,130215,-45.0,529,108,14:42:14,2012-07-30
443465,130215,-45.0,529,108,14:42:15,2012-07-30
443485,130215,-44.5,529,108,14:42:15,2012-07-30
443495,130215,-43.0,529,108,14:42:16,2012-07-30
443505,130215,-43.0,529,108,14:42:16,2012-07-30
443395,130220,-47.75,529,108,14:42:12,2012-07-30
443405,130220,-47.0,529,108,14:42:13,2012-07-30
443415,130220,-47.0,529,108,14:42:13,2012-07-30
443315,130225,-48.0,529,108,14:42:10,2012-07-30
443325,130225,-48.0,529,108,14:42:11,2012-07-30
443330,130225,-48.0,529,108,14:42:11,2012-07-30
443335,130225,-48.0,529,108,14:42:11,2012-07-30
443340,130225,-48.0,529,108,14:42:11,2012-07-30
443345,130225,-48.0,529,108,14:42:11,2012-07-30
443365,130225,-48.0,529,108,14:42:12,2012-07-30
443305,130230,-48.0,529,108,14:42:10,2012-07-30
443270,130235,-47.826088,529,108,14:42:09,2012-07-30
443235,130240,-45.444443,529,108,14:42:08,2012-07-30
443185,130245,-43.263157,529,108,14:42:07,2012-07-30
443150,130250,-42.0,529,108,14:42:05,2012-07-30
443115,130255,-42.0,529,108,14:42:05,2012-07-30
