442195,129600,-86.0,1774,106,17:08:10,2012-07-27
442180,129605,-86.0,1774,106,17:08:09,2012-07-27
442185,129605,-86.0,1774,106,17:08:10,2012-07-27
442190,129605,-86.0,1774,106,17:08:10,2012-07-27
442180,129610,-86.800003,1774,106,17:08:09,2012-07-27
442390,129610,-87.599998,1774,106,16:35:40,2012-07-31
442170,129615,-87.0,1774,106,17:08:08,2012-07-27
442375,129615,-88.0,1774,106,16:35:39,2012-07-31
442165,129620,-85.285713,1774,106,17:08:08,2012-07-27
442360,129620,-86.181816,1774,106,16:35:38,2012-07-31
442160,129625,-85.0,1774,106,17:08:07,2012-07-27
442345,129625,-81.5,1774,106,16:35:36,2012-07-31
442350,129625,-84.0,1774,106,16:35:37,2012-07-31
442150,129630,-86.5,1774,106,17:08:06,2012-07-27
442335,129630,-80.25,1774,106,16:35:34,2012-07-31
442340,129630,-81.0,1774,106,16:35:35,2012-07-31
442325,129635,-80.0,1774,106,16:35:34,2012-07-31
442320,129640,-77.75,1774,106,16:35:33,2012-07-31
442135,129645,-85.5,1774,106,17:08:05,2012-07-27
442320,129650,-77.0,1774,106,16:35:32,2012-07-31
442125,129655,-85.0,1774,106,17:08:04,2012-07-27
442320,129655,-75.5,1774,106,16:35:32,2012-07-31
442115,129660,-84.25,1774,106,17:08:04,2012-07-27
442120,129660,-85.0,1774,106,17:08:04,2012-07-27
442320,129660,-75.800003,1774,106,16:35:30,2012-07-31
442320,129665,-76.0,1774,106,16:35:30,2012-07-31
442100,129670,-84.0,1774,106,17:08:02,2012-07-27
442105,129670,-84.0,1774,106,17:08:03,2012-07-27
442325,129670,-76.0,1774,106,16:35:29,2012-07-31
442095,129675,-84.0,1774,106,17:08:02,2012-07-27
442100,129675,-84.0,1774,106,17:08:02,2012-07-27
442325,129675,-76.0,1774,106,16:35:28,2012-07-31
442090,129680,-85.14286,1774,106,17:08:01,2012-07-27
442095,129680,-84.0,1774,106,17:08:01,2012-07-27
442335,129680,-76.0,1774,106,16:35:27,2012-07-31
442080,129685,-85.599998,1774,106,17:08:00,2012-07-27
442085,129685,-86.0,1774,106,17:08:00,2012-07-27
442340,129685,-76.0,1774,106,16:35:26,2012-07-31
442345,129685,-76.0,1774,106,16:35:26,2012-07-31
442075,129690,-85.0,1774,106,17:08:00,2012-07-27
442080,129690,-85.0,1774,106,17:08:00,2012-07-27
442350,129690,-76.0,1774,106,16:35:25,2012-07-31
442075,129695,-85.0,1774,106,17:08:00,2012-07-27
442355,129695,-76.0,1774,106,16:35:24,2012-07-31
442060,129700,-86.0,1774,106,17:07:59,2012-07-27
442065,129700,-86.0,1774,106,17:07:59,2012-07-27
442055,129705,-86.0,1774,106,17:07:58,2012-07-27
442050,129710,-86.0,1774,106,17:07:58,2012-07-27
442055,129710,-86.0,1774,106,17:07:58,2012-07-27
442050,129715,-86.0,1774,106,17:07:57,2012-07-27
442525,129845,-72.375,1774,106,16:35:00,2012-07-31
442530,129855,-70.5,1774,106,16:34:59,2012-07-31
442535,129875,-70.599998,1774,106,16:34:58,2012-07-31
442535,129890,-69.666664,1774,106,16:34:56,2012-07-31
442540,129900,-67.199997,1774,106,16:34:55,2012-07-31
442540,129905,-66.0,1774,106,16:34:54,2012-07-31
442540,129915,-67.5,1774,106,16:34:53,2012-07-31
442545,129930,-69.333336,1774,106,16:34:52,2012-07-31
442545,129950,-69.333336,1774,106,16:34:51,2012-07-31
442545,129960,-69.0,1774,106,16:34:50,2012-07-31
442545,129965,-70.199997,1774,106,16:34:49,2012-07-31
442545,129975,-71.0,1774,106,16:34:48,2012-07-31
442545,129980,-69.5,1774,106,16:34:48,2012-07-31
442550,129990,-69.0,1774,106,16:34:47,2012-07-31
442550,129995,-68.333336,1774,106,16:34:46,2012-07-31
442550,130000,-68.0,1774,106,16:34:46,2012-07-31
442250,130005,-65.5,1774,106,16:30:58,2012-07-31
442255,130005,-64.0,1774,106,16:30:58,2012-07-31
442265,130005,-62.799999,1774,106,16:30:59,2012-07-31
442270,130005,-59.75,1774,106,16:31:00,2012-07-31
442550,130005,-67.400002,1774,106,16:34:45,2012-07-31
442240,130010,-67.5,1774,106,16:30:56,2012-07-31
442280,130010,-53.142857,1774,106,16:31:02,2012-07-31
442225,130015,-69.666664,1774,106,16:30:55,2012-07-31
442285,130015,-51.0,1774,106,16:31:03,2012-07-31
442550,130015,-67.0,1774,106,16:34:44,2012-07-31
442210,130020,-78.333336,1774,106,16:30:52,2012-07-31
442220,130020,-70.0,1774,106,16:30:53,2012-07-31
442225,130020,-70.0,1774,106,16:30:53,2012-07-31
442290,130020,-51.0,1774,106,16:31:05,2012-07-31
442180,130025,-80.0,1774,106,16:30:48,2012-07-31
442190,130025,-80.0,1774,106,16:30:49,2012-07-31
442200,130025,-80.0,1774,106,16:30:51,2012-07-31
442295,130025,-51.0,1774,106,16:31:05,2012-07-31
442550,130025,-64.599998,1774,106,16:34:43,2012-07-31
442555,130025,-64.0,1774,106,16:34:43,2012-07-31
442170,130030,-80.0,1774,106,16:30:47,2012-07-31
442295,130030,-51.0,1774,106,16:31:06,2012-07-31
442555,130030,-64.0,1774,106,16:34:43,2012-07-31
442160,130035,-80.0,1774,106,16:30:46,2012-07-31
442300,130035,-51.0,1774,106,16:31:07,2012-07-31
442300,130040,-51.0,1774,106,16:31:08,2012-07-31
442305,130040,-51.0,1774,106,16:31:08,2012-07-31
442555,130040,-61.75,1774,106,16:34:42,2012-07-31
442305,130045,-52.200001,1774,106,16:31:09,2012-07-31
442555,130045,-61.0,1774,106,16:34:41,2012-07-31
442555,130050,-61.0,1774,106,16:34:41,2012-07-31
442305,130055,-54.400002,1774,106,16:31:10,2012-07-31
442555,130055,-60.333332,1774,106,16:34:41,2012-07-31
442305,130060,-55.0,1774,106,16:31:11,2012-07-31
442305,130065,-54.75,1774,106,16:31:12,2012-07-31
442555,130070,-58.5,1774,106,16:34:39,2012-07-31
442305,130075,-53.0,1774,106,16:31:13,2012-07-31
442300,130080,-53.0,1774,106,16:31:16,2012-07-31
442305,130080,-53.700001,1774,106,16:31:15,2012-07-31
442300,130085,-52.75,1774,106,16:31:17,2012-07-31
442305,130085,-53.733334,1774,106,16:31:18,2012-07-31
442555,130085,-58.0,1774,106,16:34:39,2012-07-31
442300,130090,-55.0,1774,106,16:31:27,2012-07-31
442300,130095,-55.25,1774,106,16:31:29,2012-07-31
442555,130095,-58.857143,1774,106,16:34:38,2012-07-31
442300,130100,-56.666668,1774,106,16:31:30,2012-07-31
442290,130105,-60.0,1774,106,16:33:11,2012-07-31
442300,130105,-60.0,1774,106,16:31:31,2012-07-31
442555,130105,-59.375,1774,106,16:34:37,2012-07-31
442285,130110,-59.25,1774,106,16:33:10,2012-07-31
442290,130110,-59.333332,1774,106,16:33:12,2012-07-31
442295,130110,-61.25,1774,106,16:33:13,2012-07-31
442300,130110,-58.0,1774,106,16:33:14,2012-07-31
442285,130115,-59.75,1774,106,16:33:09,2012-07-31
442290,130115,-64.5,1774,106,16:31:36,2012-07-31
442295,130115,-62.666668,1774,106,16:31:34,2012-07-31
442280,130120,-60.0,1774,106,16:33:08,2012-07-31
442285,130120,-60.0,1774,106,16:33:08,2012-07-31
442310,130120,-58.666668,1774,106,16:33:16,2012-07-31
442280,130125,-59.166668,1774,106,16:33:07,2012-07-31
442285,130125,-65.571426,1774,106,16:31:37,2012-07-31
442560,130125,-60.0,1774,106,16:34:35,2012-07-31
442280,130130,-59.0,1774,106,16:33:06,2012-07-31
442315,130130,-60.333332,1774,106,16:33:17,2012-07-31
442280,130135,-64.63636,1774,106,16:31:38,2012-07-31
442320,130135,-61.166668,1774,106,16:33:18,2012-07-31
442560,130135,-61.333332,1774,106,16:34:34,2012-07-31
442275,130140,-59.0,1774,106,16:33:05,2012-07-31
442325,130140,-62.0,1774,106,16:33:20,2012-07-31
442275,130145,-59.0,1774,106,16:33:04,2012-07-31
442280,130145,-62.555557,1774,106,16:31:40,2012-07-31
442325,130145,-62.0,1774,106,16:33:20,2012-07-31
442555,130145,-68.125,1774,106,16:34:32,2012-07-31
442270,130150,-61.0,1774,106,16:33:03,2012-07-31
442275,130150,-60.5,1774,106,16:33:03,2012-07-31
442280,130150,-61.0,1774,106,16:31:40,2012-07-31
442330,130150,-61.666668,1774,106,16:33:22,2012-07-31
442555,130150,-67.300003,1774,106,16:34:17,2012-07-31
442265,130155,-61.75,1774,106,16:33:02,2012-07-31
442330,130155,-60.799999,1774,106,16:33:23,2012-07-31
442385,130155,-57.799999,1774,106,16:33:36,2012-07-31
442390,130155,-57.0,1774,106,16:33:37,2012-07-31
442395,130155,-57.0,1774,106,16:33:38,2012-07-31
442550,130155,-64.300003,1774,106,16:34:30,2012-07-31
442260,130160,-61.25,1774,106,16:33:00,2012-07-31
442265,130160,-62.0,1774,106,16:33:01,2012-07-31
442275,130160,-60.5,1774,106,16:31:41,2012-07-31
442335,130160,-59.799999,1774,106,16:33:24,2012-07-31
442370,130160,-58.333332,1774,106,16:33:29,2012-07-31
442375,130160,-59.333332,1774,106,16:33:30,2012-07-31
442380,130160,-60.0,1774,106,16:33:31,2012-07-31
442385,130160,-59.384617,1774,106,16:33:34,2012-07-31
442395,130160,-58.0,1774,106,16:33:39,2012-07-31
442545,130160,-64.75,1774,106,16:34:27,2012-07-31
442550,130160,-62.235294,1774,106,16:34:28,2012-07-31
442255,130165,-62.5,1774,106,16:32:59,2012-07-31
442260,130165,-61.0,1774,106,16:33:00,2012-07-31
442270,130165,-59.5,1774,106,16:31:43,2012-07-31
442345,130165,-59.0,1774,106,16:33:25,2012-07-31
442350,130165,-58.200001,1774,106,16:33:26,2012-07-31
442355,130165,-57.333332,1774,106,16:33:27,2012-07-31
442400,130165,-60.5,1774,106,16:33:41,2012-07-31
442545,130165,-61.166668,1774,106,16:34:24,2012-07-31
442255,130170,-63.0,1774,106,16:32:58,2012-07-31
442265,130170,-58.142857,1774,106,16:31:43,2012-07-31
442400,130170,-61.0,1774,106,16:33:43,2012-07-31
442535,130170,-62.0,1774,106,16:34:03,2012-07-31
442540,130170,-63.5,1774,106,16:34:04,2012-07-31
442255,130175,-61.5,1774,106,16:32:58,2012-07-31
442260,130175,-59.0,1774,106,16:31:45,2012-07-31
442405,130175,-61.0,1774,106,16:33:43,2012-07-31
442530,130175,-62.0,1774,106,16:34:02,2012-07-31
442535,130175,-62.0,1774,106,16:34:03,2012-07-31
442255,130180,-61.0,1774,106,16:32:57,2012-07-31
442260,130180,-58.5,1774,106,16:31:46,2012-07-31
442405,130180,-60.666668,1774,106,16:33:44,2012-07-31
442520,130180,-61.0,1774,106,16:34:01,2012-07-31
442525,130180,-61.25,1774,106,16:34:01,2012-07-31
442255,130185,-58.75,1774,106,16:32:56,2012-07-31
442510,130185,-60.25,1774,106,16:34:00,2012-07-31
442255,130190,-58.0,1774,106,16:32:56,2012-07-31
442260,130190,-58.400002,1774,106,16:31:47,2012-07-31
442410,130190,-60.0,1774,106,16:33:45,2012-07-31
442500,130190,-60.0,1774,106,16:33:58,2012-07-31
442505,130190,-60.0,1774,106,16:33:59,2012-07-31
442255,130195,-58.0,1774,106,16:32:55,2012-07-31
442410,130195,-59.25,1774,106,16:33:46,2012-07-31
442495,130195,-60.0,1774,106,16:33:58,2012-07-31
442255,130200,-58.0,1774,106,16:32:54,2012-07-31
442260,130200,-58.200001,1774,106,16:31:49,2012-07-31
442485,130200,-58.0,1774,106,16:33:56,2012-07-31
442490,130200,-58.5,1774,106,16:33:57,2012-07-31
442260,130205,-58.0,1774,106,16:32:53,2012-07-31
442415,130205,-56.0,1774,106,16:33:47,2012-07-31
442475,130205,-55.5,1774,106,16:33:55,2012-07-31
442480,130205,-58.0,1774,106,16:33:56,2012-07-31
442260,130210,-58.0,1774,106,16:32:53,2012-07-31
442265,130210,-56.25,1774,106,16:31:50,2012-07-31
442420,130210,-53.0,1774,106,16:33:48,2012-07-31
442425,130210,-52.25,1774,106,16:33:49,2012-07-31
442465,130210,-53.666668,1774,106,16:33:54,2012-07-31
442470,130210,-55.0,1774,106,16:33:55,2012-07-31
442265,130215,-55.75,1774,106,16:32:52,2012-07-31
442430,130215,-49.5,1774,106,16:33:50,2012-07-31
442435,130215,-48.0,1774,106,16:33:51,2012-07-31
442445,130215,-48.5,1774,106,16:33:51,2012-07-31
442455,130215,-51.0,1774,106,16:33:53,2012-07-31
442265,130220,-53.599998,1774,106,16:31:51,2012-07-31
442270,130225,-53.666668,1774,106,16:32:51,2012-07-31
442270,130230,-51.285713,1774,106,16:31:53,2012-07-31
442270,130235,-53.75,1774,106,16:32:49,2012-07-31
442270,130240,-54.0,1774,106,16:32:48,2012-07-31
442275,130240,-48.799999,1774,106,16:31:54,2012-07-31
442270,130245,-52.5,1774,106,16:32:48,2012-07-31
442275,130250,-51.400002,1774,106,16:32:46,2012-07-31
442280,130255,-48.333332,1774,106,16:31:56,2012-07-31
442275,130260,-51.0,1774,106,16:32:44,2012-07-31
442280,130260,-48.799999,1774,106,16:31:57,2012-07-31
443085,130260,-67.0,1774,106,14:42:04,2012-07-30
443075,130265,-63.666668,1774,106,14:42:03,2012-07-30
442275,130270,-52.200001,1774,106,16:32:44,2012-07-31
442280,130270,-48.400002,1774,106,16:31:58,2012-07-31
443045,130270,-62.0,1774,106,14:42:02,2012-07-30
443060,130270,-62.0,1774,106,14:42:03,2012-07-30
442275,130275,-53.0,1774,106,16:32:42,2012-07-31
443040,130275,-57.333332,1774,106,14:42:02,2012-07-30
442280,130280,-50.0,1774,106,16:31:59,2012-07-31
443020,130280,-55.0,1774,106,14:42:01,2012-07-30
442270,130285,-53.0,1774,106,16:32:41,2012-07-31
442275,130285,-51.0,1774,106,16:32:00,2012-07-31
442995,130285,-55.0,1774,106,14:42:01,2012-07-30
442980,130290,-50.5,1774,106,14:42:00,2012-07-30
442270,130295,-53.0,1774,106,16:32:39,2012-07-31
442275,130295,-54.0,1774,106,16:32:00,2012-07-31
442270,130300,-52.0,1774,106,16:32:38,2012-07-31
442275,130300,-54.0,1774,106,16:32:01,2012-07-31
442940,130300,-46.333332,1774,106,14:41:59,2012-07-30
442265,130305,-51.0,1774,106,16:32:37,2012-07-31
442270,130305,-53.599998,1774,106,16:32:03,2012-07-31
442265,130310,-48.599998,1774,106,16:32:36,2012-07-31
442270,130310,-53.0,1774,106,16:32:03,2012-07-31
442255,130315,-41.376812,1774,106,16:32:21,2012-07-31
442260,130315,-44.25,1774,106,16:32:34,2012-07-31
442265,130315,-53.25,1774,106,16:32:04,2012-07-31
442895,130315,-41.0,1774,106,14:41:58,2012-07-30
442255,130320,-52.0,1774,106,16:32:09,2012-07-31
442260,130320,-54.666668,1774,106,16:32:05,2012-07-31
442265,130320,-54.0,1774,106,16:32:05,2012-07-31
442255,130325,-52.0,1774,106,16:32:07,2012-07-31
442260,130325,-55.200001,1774,106,16:32:07,2012-07-31
442850,130330,-38.333332,1774,106,14:41:56,2012-07-30
442830,130340,-38.0,1774,106,14:41:56,2012-07-30
442805,130345,-38.0,1774,106,14:41:55,2012-07-30
442790,130355,-38.0,1774,106,14:41:54,2012-07-30
442765,130365,-38.0,1774,106,14:41:53,2012-07-30
442735,130375,-38.0,1774,106,14:41:53,2012-07-30
442710,130385,-36.5,1774,106,14:41:52,2012-07-30
442695,130395,-36.0,1774,106,14:41:51,2012-07-30
442675,130405,-36.0,1774,106,14:41:51,2012-07-30
442655,130410,-36.0,1774,106,14:41:50,2012-07-30
442640,130420,-36.0,1774,106,14:41:49,2012-07-30
442610,130435,-36.0,1774,106,14:41:48,2012-07-30
442590,130445,-36.0,1774,106,14:41:48,2012-07-30
442540,130470,-36.0,1774,106,14:41:46,2012-07-30
442515,130490,-36.0,1774,106,14:41:45,2012-07-30
442475,130510,-36.0,1774,106,14:41:44,2012-07-30
442440,130535,-36.400002,1774,106,14:41:42,2012-07-30
442415,130550,-37.0,1774,106,14:41:41,2012-07-30
442390,130570,-37.0,1774,106,14:41:40,2012-07-30
442355,130590,-37.882355,1774,106,14:41:39,2012-07-30
442330,130605,-38.0,1774,106,14:41:37,2012-07-30
442320,130615,-38.0,1774,106,14:41:37,2012-07-30
442095,130770,-59.0,1774,106,14:41:27,2012-07-30
442100,130770,-59.0,1774,106,14:41:28,2012-07-30
442195,129600,-86.0,1774,106,17:08:10,2012-07-27
442180,129605,-86.0,1774,106,17:08:09,2012-07-27
442185,129605,-86.0,1774,106,17:08:10,2012-07-27
442190,129605,-86.0,1774,106,17:08:10,2012-07-27
442180,129610,-86.800003,1774,106,17:08:09,2012-07-27
442390,129610,-87.599998,1774,106,16:35:40,2012-07-31
442170,129615,-87.0,1774,106,17:08:08,2012-07-27
442375,129615,-88.0,1774,106,16:35:39,2012-07-31
442165,129620,-85.285713,1774,106,17:08:08,2012-07-27
442360,129620,-86.181816,1774,106,16:35:38,2012-07-31
442160,129625,-85.0,1774,106,17:08:07,2012-07-27
442345,129625,-81.5,1774,106,16:35:36,2012-07-31
442350,129625,-84.0,1774,106,16:35:37,2012-07-31
442150,129630,-86.5,1774,106,17:08:06,2012-07-27
442335,129630,-80.25,1774,106,16:35:34,2012-07-31
442340,129630,-81.0,1774,106,16:35:35,2012-07-31
442325,129635,-80.0,1774,106,16:35:34,2012-07-31
442320,129640,-77.75,1774,106,16:35:33,2012-07-31
442135,129645,-85.5,1774,106,17:08:05,2012-07-27
442320,129650,-77.0,1774,106,16:35:32,2012-07-31
442125,129655,-85.0,1774,106,17:08:04,2012-07-27
442320,129655,-75.5,1774,106,16:35:32,2012-07-31
442115,129660,-84.25,1774,106,17:08:04,2012-07-27
442120,129660,-85.0,1774,106,17:08:04,2012-07-27
442320,129660,-75.800003,1774,106,16:35:30,2012-07-31
442320,129665,-76.0,1774,106,16:35:30,2012-07-31
442100,129670,-84.0,1774,106,17:08:02,2012-07-27
442105,129670,-84.0,1774,106,17:08:03,2012-07-27
442325,129670,-76.0,1774,106,16:35:29,2012-07-31
442095,129675,-84.0,1774,106,17:08:02,2012-07-27
442100,129675,-84.0,1774,106,17:08:02,2012-07-27
442325,129675,-76.0,1774,106,16:35:28,2012-07-31
442090,129680,-85.14286,1774,106,17:08:01,2012-07-27
442095,129680,-84.0,1774,106,17:08:01,2012-07-27
442335,129680,-76.0,1774,106,16:35:27,2012-07-31
442080,129685,-85.599998,1774,106,17:08:00,2012-07-27
442085,129685,-86.0,1774,106,17:08:00,2012-07-27
442340,129685,-76.0,1774,106,16:35:26,2012-07-31
442345,129685,-76.0,1774,106,16:35:26,2012-07-31
442075,129690,-85.0,1774,106,17:08:00,2012-07-27
442080,129690,-85.0,1774,106,17:08:00,2012-07-27
442350,129690,-76.0,1774,106,16:35:25,2012-07-31
442075,129695,-85.0,1774,106,17:08:00,2012-07-27
442355,129695,-76.0,1774,106,16:35:24,2012-07-31
442060,129700,-86.0,1774,106,17:07:59,2012-07-27
442065,129700,-86.0,1774,106,17:07:59,2012-07-27
442055,129705,-86.0,1774,106,17:07:58,2012-07-27
442050,129710,-86.0,1774,106,17:07:58,2012-07-27
442055,129710,-86.0,1774,106,17:07:58,2012-07-27
442050,129715,-86.0,1774,106,17:07:57,2012-07-27
442525,129845,-72.375,1774,106,16:35:00,2012-07-31
442530,129855,-70.5,1774,106,16:34:59,2012-07-31
442535,129875,-70.599998,1774,106,16:34:58,2012-07-31
442535,129890,-69.666664,1774,106,16:34:56,2012-07-31
442540,129900,-67.199997,1774,106,16:34:55,2012-07-31
442540,129905,-66.0,1774,106,16:34:54,2012-07-31
442540,129915,-67.5,1774,106,16:34:53,2012-07-31
442545,129930,-69.333336,1774,106,16:34:52,2012-07-31
442545,129950,-69.333336,1774,106,16:34:51,2012-07-31
442545,129960,-69.0,1774,106,16:34:50,2012-07-31
442545,129965,-70.199997,1774,106,16:34:49,2012-07-31
442545,129975,-71.0,1774,106,16:34:48,2012-07-31
442545,129980,-69.5,1774,106,16:34:48,2012-07-31
442550,129990,-69.0,1774,106,16:34:47,2012-07-31
442550,129995,-68.333336,1774,106,16:34:46,2012-07-31
442550,130000,-68.0,1774,106,16:34:46,2012-07-31
442250,130005,-65.5,1774,106,16:30:58,2012-07-31
442255,130005,-64.0,1774,106,16:30:58,2012-07-31
442265,130005,-62.799999,1774,106,16:30:59,2012-07-31
442270,130005,-59.75,1774,106,16:31:00,2012-07-31
442550,130005,-67.400002,1774,106,16:34:45,2012-07-31
442240,130010,-67.5,1774,106,16:30:56,2012-07-31
442280,130010,-53.142857,1774,106,16:31:02,2012-07-31
442225,130015,-69.666664,1774,106,16:30:55,2012-07-31
442285,130015,-51.0,1774,106,16:31:03,2012-07-31
442550,130015,-67.0,1774,106,16:34:44,2012-07-31
442210,130020,-78.333336,1774,106,16:30:52,2012-07-31
442220,130020,-70.0,1774,106,16:30:53,2012-07-31
442225,130020,-70.0,1774,106,16:30:53,2012-07-31
442290,130020,-51.0,1774,106,16:31:05,2012-07-31
442180,130025,-80.0,1774,106,16:30:48,2012-07-31
442190,130025,-80.0,1774,106,16:30:49,2012-07-31
442200,130025,-80.0,1774,106,16:30:51,2012-07-31
442295,130025,-51.0,1774,106,16:31:05,2012-07-31
442550,130025,-64.599998,1774,106,16:34:43,2012-07-31
442555,130025,-64.0,1774,106,16:34:43,2012-07-31
442170,130030,-80.0,1774,106,16:30:47,2012-07-31
442295,130030,-51.0,1774,106,16:31:06,2012-07-31
442555,130030,-64.0,1774,106,16:34:43,2012-07-31
442160,130035,-80.0,1774,106,16:30:46,2012-07-31
442300,130035,-51.0,1774,106,16:31:07,2012-07-31
442300,130040,-51.0,1774,106,16:31:08,2012-07-31
442305,130040,-51.0,1774,106,16:31:08,2012-07-31
442555,130040,-61.75,1774,106,16:34:42,2012-07-31
442305,130045,-52.200001,1774,106,16:31:09,2012-07-31
442555,130045,-61.0,1774,106,16:34:41,2012-07-31
442555,130050,-61.0,1774,106,16:34:41,2012-07-31
442305,130055,-54.400002,1774,106,16:31:10,2012-07-31
442555,130055,-60.333332,1774,106,16:34:41,2012-07-31
442305,130060,-55.0,1774,106,16:31:11,2012-07-31
442305,130065,-54.75,1774,106,16:31:12,2012-07-31
442555,130070,-58.5,1774,106,16:34:39,2012-07-31
442305,130075,-53.0,1774,106,16:31:13,2012-07-31
442300,130080,-53.0,1774,106,16:31:16,2012-07-31
442305,130080,-53.700001,1774,106,16:31:15,2012-07-31
442300,130085,-52.75,1774,106,16:31:17,2012-07-31
442305,130085,-53.733334,1774,106,16:31:18,2012-07-31
442555,130085,-58.0,1774,106,16:34:39,2012-07-31
442300,130090,-55.0,1774,106,16:31:27,2012-07-31
442300,130095,-55.25,1774,106,16:31:29,2012-07-31
442555,130095,-58.857143,1774,106,16:34:38,2012-07-31
442300,130100,-56.666668,1774,106,16:31:30,2012-07-31
442290,130105,-60.0,1774,106,16:33:11,2012-07-31
442300,130105,-60.0,1774,106,16:31:31,2012-07-31
442555,130105,-59.375,1774,106,16:34:37,2012-07-31
442285,130110,-59.25,1774,106,16:33:10,2012-07-31
442290,130110,-59.333332,1774,106,16:33:12,2012-07-31
442295,130110,-61.25,1774,106,16:33:13,2012-07-31
442300,130110,-58.0,1774,106,16:33:14,2012-07-31
442285,130115,-59.75,1774,106,16:33:09,2012-07-31
442290,130115,-64.5,1774,106,16:31:36,2012-07-31
442295,130115,-62.666668,1774,106,16:31:34,2012-07-31
442280,130120,-60.0,1774,106,16:33:08,2012-07-31
442285,130120,-60.0,1774,106,16:33:08,2012-07-31
442310,130120,-58.666668,1774,106,16:33:16,2012-07-31
442280,130125,-59.166668,1774,106,16:33:07,2012-07-31
442285,130125,-65.571426,1774,106,16:31:37,2012-07-31
442560,130125,-60.0,1774,106,16:34:35,2012-07-31
442280,130130,-59.0,1774,106,16:33:06,2012-07-31
442315,130130,-60.333332,1774,106,16:33:17,2012-07-31
442280,130135,-64.63636,1774,106,16:31:38,2012-07-31
442320,130135,-61.166668,1774,106,16:33:18,2012-07-31
442560,130135,-61.333332,1774,106,16:34:34,2012-07-31
442275,130140,-59.0,1774,106,16:33:05,2012-07-31
442325,130140,-62.0,1774,106,16:33:20,2012-07-31
442275,130145,-59.0,1774,106,16:33:04,2012-07-31
442280,130145,-62.555557,1774,106,16:31:40,2012-07-31
442325,130145,-62.0,1774,106,16:33:20,2012-07-31
442555,130145,-68.125,1774,106,16:34:32,2012-07-31
442270,130150,-61.0,1774,106,16:33:03,2012-07-31
442275,130150,-60.5,1774,106,16:33:03,2012-07-31
442280,130150,-61.0,1774,106,16:31:40,2012-07-31
442330,130150,-61.666668,1774,106,16:33:22,2012-07-31
442555,130150,-67.300003,1774,106,16:34:17,2012-07-31
442265,130155,-61.75,1774,106,16:33:02,2012-07-31
442330,130155,-60.799999,1774,106,16:33:23,2012-07-31
442385,130155,-57.799999,1774,106,16:33:36,2012-07-31
442390,130155,-57.0,1774,106,16:33:37,2012-07-31
442395,130155,-57.0,1774,106,16:33:38,2012-07-31
442550,130155,-64.300003,1774,106,16:34:30,2012-07-31
442260,130160,-61.25,1774,106,16:33:00,2012-07-31
442265,130160,-62.0,1774,106,16:33:01,2012-07-31
442275,130160,-60.5,1774,106,16:31:41,2012-07-31
442335,130160,-59.799999,1774,106,16:33:24,2012-07-31
442370,130160,-58.333332,1774,106,16:33:29,2012-07-31
442375,130160,-59.333332,1774,106,16:33:30,2012-07-31
442380,130160,-60.0,1774,106,16:33:31,2012-07-31
442385,130160,-59.384617,1774,106,16:33:34,2012-07-31
442395,130160,-58.0,1774,106,16:33:39,2012-07-31
442545,130160,-64.75,1774,106,16:34:27,2012-07-31
442550,130160,-62.235294,1774,106,16:34:28,2012-07-31
442255,130165,-62.5,1774,106,16:32:59,2012-07-31
442260,130165,-61.0,1774,106,16:33:00,2012-07-31
442270,130165,-59.5,1774,106,16:31:43,2012-07-31
442345,130165,-59.0,1774,106,16:33:25,2012-07-31
442350,130165,-58.200001,1774,106,16:33:26,2012-07-31
442355,130165,-57.333332,1774,106,16:33:27,2012-07-31
442400,130165,-60.5,1774,106,16:33:41,2012-07-31
442545,130165,-61.166668,1774,106,16:34:24,2012-07-31
442255,130170,-63.0,1774,106,16:32:58,2012-07-31
442265,130170,-58.142857,1774,106,16:31:43,2012-07-31
442400,130170,-61.0,1774,106,16:33:43,2012-07-31
442535,130170,-62.0,1774,106,16:34:03,2012-07-31
442540,130170,-63.5,1774,106,16:34:04,2012-07-31
442255,130175,-61.5,1774,106,16:32:58,2012-07-31
442260,130175,-59.0,1774,106,16:31:45,2012-07-31
442405,130175,-61.0,1774,106,16:33:43,2012-07-31
442530,130175,-62.0,1774,106,16:34:02,2012-07-31
442535,130175,-62.0,1774,106,16:34:03,2012-07-31
442255,130180,-61.0,1774,106,16:32:57,2012-07-31
442260,130180,-58.5,1774,106,16:31:46,2012-07-31
442405,130180,-60.666668,1774,106,16:33:44,2012-07-31
442520,130180,-61.0,1774,106,16:34:01,2012-07-31
442525,130180,-61.25,1774,106,16:34:01,2012-07-31
442255,130185,-58.75,1774,106,16:32:56,2012-07-31
442510,130185,-60.25,1774,106,16:34:00,2012-07-31
442255,130190,-58.0,1774,106,16:32:56,2012-07-31
442260,130190,-58.400002,1774,106,16:31:47,2012-07-31
442410,130190,-60.0,1774,106,16:33:45,2012-07-31
442500,130190,-60.0,1774,106,16:33:58,2012-07-31
442505,130190,-60.0,1774,106,16:33:59,2012-07-31
442255,130195,-58.0,1774,106,16:32:55,2012-07-31
442410,130195,-59.25,1774,106,16:33:46,2012-07-31
442495,130195,-60.0,1774,106,16:33:58,2012-07-31
442255,130200,-58.0,1774,106,16:32:54,2012-07-31
442260,130200,-58.200001,1774,106,16:31:49,2012-07-31
442485,130200,-58.0,1774,106,16:33:56,2012-07-31
442490,130200,-58.5,1774,106,16:33:57,2012-07-31
442260,130205,-58.0,1774,106,16:32:53,2012-07-31
442415,130205,-56.0,1774,106,16:33:47,2012-07-31
442475,130205,-55.5,1774,106,16:33:55,2012-07-31
442480,130205,-58.0,1774,106,16:33:56,2012-07-31
442260,130210,-58.0,1774,106,16:32:53,2012-07-31
442265,130210,-56.25,1774,106,16:31:50,2012-07-31
442420,130210,-53.0,1774,106,16:33:48,2012-07-31
442425,130210,-52.25,1774,106,16:33:49,2012-07-31
442465,130210,-53.666668,1774,106,16:33:54,2012-07-31
442470,130210,-55.0,1774,106,16:33:55,2012-07-31
442265,130215,-55.75,1774,106,16:32:52,2012-07-31
442430,130215,-49.5,1774,106,16:33:50,2012-07-31
442435,130215,-48.0,1774,106,16:33:51,2012-07-31
442445,130215,-48.5,1774,106,16:33:51,2012-07-31
442455,130215,-51.0,1774,106,16:33:53,2012-07-31
442265,130220,-53.599998,1774,106,16:31:51,2012-07-31
442270,130225,-53.666668,1774,106,16:32:51,2012-07-31
442270,130230,-51.285713,1774,106,16:31:53,2012-07-31
442270,130235,-53.75,1774,106,16:32:49,2012-07-31
442270,130240,-54.0,1774,106,16:32:48,2012-07-31
442275,130240,-48.799999,1774,106,16:31:54,2012-07-31
442270,130245,-52.5,1774,106,16:32:48,2012-07-31
442275,130250,-51.400002,1774,106,16:32:46,2012-07-31
442280,130255,-48.333332,1774,106,16:31:56,2012-07-31
442275,130260,-51.0,1774,106,16:32:44,2012-07-31
442280,130260,-48.799999,1774,106,16:31:57,2012-07-31
443085,130260,-67.0,1774,106,14:42:04,2012-07-30
443075,130265,-63.666668,1774,106,14:42:03,2012-07-30
442275,130270,-52.200001,1774,106,16:32:44,2012-07-31
442280,130270,-48.400002,1774,106,16:31:58,2012-07-31
443045,130270,-62.0,1774,106,14:42:02,2012-07-30
443060,130270,-62.0,1774,106,14:42:03,2012-07-30
442275,130275,-53.0,1774,106,16:32:42,2012-07-31
443040,130275,-57.333332,1774,106,14:42:02,2012-07-30
442280,130280,-50.0,1774,106,16:31:59,2012-07-31
443020,130280,-55.0,1774,106,14:42:01,2012-07-30
442270,130285,-53.0,1774,106,16:32:41,2012-07-31
442275,130285,-51.0,1774,106,16:32:00,2012-07-31
442995,130285,-55.0,1774,106,14:42:01,2012-07-30
442980,130290,-50.5,1774,106,14:42:00,2012-07-30
442270,130295,-53.0,1774,106,16:32:39,2012-07-31
442275,130295,-54.0,1774,106,16:32:00,2012-07-31
442270,130300,-52.0,1774,106,16:32:38,2012-07-31
442275,130300,-54.0,1774,106,16:32:01,2012-07-31
442940,130300,-46.333332,1774,106,14:41:59,2012-07-30
442265,130305,-51.0,1774,106,16:32:37,2012-07-31
442270,130305,-53.599998,1774,106,16:32:03,2012-07-31
442265,130310,-48.599998,1774,106,16:32:36,2012-07-31
442270,130310,-53.0,1774,106,16:32:03,2012-07-31
442255,130315,-41.376812,1774,106,16:32:21,2012-07-31
442260,130315,-44.25,1774,106,16:32:34,2012-07-31
442265,130315,-53.25,1774,106,16:32:04,2012-07-31
442895,130315,-41.0,1774,106,14:41:58,2012-07-30
442255,130320,-52.0,1774,106,16:32:09,2012-07-31
442260,130320,-54.666668,1774,106,16:32:05,2012-07-31
442265,130320,-54.0,1774,106,16:32:05,2012-07-31
442255,130325,-52.0,1774,106,16:32:07,2012-07-31
442260,130325,-55.200001,1774,106,16:32:07,2012-07-31
442850,130330,-38.333332,1774,106,14:41:56,2012-07-30
442830,130340,-38.0,1774,106,14:41:56,2012-07-30
442805,130345,-38.0,1774,106,14:41:55,2012-07-30
442790,130355,-38.0,1774,106,14:41:54,2012-07-30
442765,130365,-38.0,1774,106,14:41:53,2012-07-30
442735,130375,-38.0,1774,106,14:41:53,2012-07-30
442710,130385,-36.5,1774,106,14:41:52,2012-07-30
442695,130395,-36.0,1774,106,14:41:51,2012-07-30
442675,130405,-36.0,1774,106,14:41:51,2012-07-30
442655,130410,-36.0,1774,106,14:41:50,2012-07-30
442640,130420,-36.0,1774,106,14:41:49,2012-07-30
442610,130435,-36.0,1774,106,14:41:48,2012-07-30
442590,130445,-36.0,1774,106,14:41:48,2012-07-30
442540,130470,-36.0,1774,106,14:41:46,2012-07-30
442515,130490,-36.0,1774,106,14:41:45,2012-07-30
442475,130510,-36.0,1774,106,14:41:44,2012-07-30
442440,130535,-36.400002,1774,106,14:41:42,2012-07-30
442415,130550,-37.0,1774,106,14:41:41,2012-07-30
442390,130570,-37.0,1774,106,14:41:40,2012-07-30
442355,130590,-37.882355,1774,106,14:41:39,2012-07-30
442330,130605,-38.0,1774,106,14:41:37,2012-07-30
442320,130615,-38.0,1774,106,14:41:37,2012-07-30
442095,130770,-59.0,1774,106,14:41:27,2012-07-30
442100,130770,-59.0,1774,106,14:41:28,2012-07-30
