447420,113870,-85.0,150,672,11:06:24,2012-07-26
447405,113875,-84.5,150,672,11:06:25,2012-07-26
447395,113880,-83.5,150,672,11:06:27,2012-07-26
446850,113885,-73.0,150,672,14:30:25,2012-07-26
446860,113885,-75.333336,150,672,14:30:26,2012-07-26
446875,113885,-76.0,150,672,14:30:27,2012-07-26
446890,113885,-76.0,150,672,14:30:28,2012-07-26
446730,113890,-76.666664,150,672,14:29:53,2012-07-26
446735,113890,-78.0,150,672,14:29:53,2012-07-26
446745,113890,-73.909088,150,672,14:30:09,2012-07-26
446750,113890,-73.0,150,672,14:30:13,2012-07-26
446755,113890,-73.0,150,672,14:30:14,2012-07-26
446760,113890,-73.0,150,672,14:30:15,2012-07-26
446840,113890,-72.666664,150,672,14:30:23,2012-07-26
446850,113890,-66.0,150,672,11:07:27,2012-07-26
446860,113890,-66.0,150,672,11:07:27,2012-07-26
446870,113890,-66.0,150,672,11:07:26,2012-07-26
446880,113890,-66.0,150,672,11:07:25,2012-07-26
446905,113890,-76.5,150,672,14:30:29,2012-07-26
447380,113890,-81.0,150,672,11:06:28,2012-07-26
446725,113895,-75.333336,150,672,14:29:51,2012-07-26
446730,113895,-80.0,150,672,11:07:46,2012-07-26
446740,113895,-81.5,150,672,11:07:44,2012-07-26
446745,113895,-82.0,150,672,11:07:44,2012-07-26
446750,113895,-82.0,150,672,11:07:43,2012-07-26
446755,113895,-80.666664,150,672,11:07:42,2012-07-26
446765,113895,-80.0,150,672,11:07:41,2012-07-26
446770,113895,-73.0,150,672,14:30:16,2012-07-26
446785,113895,-72.666664,150,672,14:30:18,2012-07-26
446795,113895,-72.333336,150,672,14:30:19,2012-07-26
446805,113895,-73.0,150,672,14:30:21,2012-07-26
446820,113895,-73.0,150,672,14:30:22,2012-07-26
446830,113895,-76.0,150,672,11:07:29,2012-07-26
446840,113895,-68.5,150,672,11:07:29,2012-07-26
446860,113895,-70.5,150,672,13:04:35,2012-07-26
446880,113895,-72.666664,150,672,13:04:34,2012-07-26
446915,113895,-76.199997,150,672,14:30:30,2012-07-26
447365,113895,-78.333336,150,672,11:06:30,2012-07-26
446720,113900,-77.0,150,672,11:07:48,2012-07-26
446725,113900,-79.0,150,672,11:07:47,2012-07-26
446730,113900,-72.5,150,672,13:04:48,2012-07-26
446740,113900,-73.333336,150,672,13:04:47,2012-07-26
446760,113900,-74.666664,150,672,13:04:45,2012-07-26
446770,113900,-77.599998,150,672,11:07:40,2012-07-26
446775,113900,-75.666664,150,672,11:07:39,2012-07-26
446785,113900,-73.666664,150,672,11:07:37,2012-07-26
446790,113900,-72.333336,150,672,11:07:36,2012-07-26
446800,113900,-72.75,150,672,11:07:34,2012-07-26
446810,113900,-72.25,150,672,11:07:32,2012-07-26
446815,113900,-73.333336,150,672,11:07:32,2012-07-26
446820,113900,-75.0,150,672,11:07:30,2012-07-26
446850,113900,-71.599998,150,672,13:04:37,2012-07-26
446890,113900,-71.75,150,672,13:04:33,2012-07-26
446900,113900,-71.0,150,672,13:04:32,2012-07-26
446905,113900,-66.0,150,672,11:07:23,2012-07-26
446930,113900,-73.666664,150,672,14:30:32,2012-07-26
447355,113900,-79.666664,150,672,11:06:31,2012-07-26
446720,113905,-76.666664,150,672,11:07:49,2012-07-26
446775,113905,-75.0,150,672,13:04:44,2012-07-26
446785,113905,-74.333336,150,672,13:04:42,2012-07-26
446800,113905,-72.714287,150,672,13:04:41,2012-07-26
446810,113905,-70.599998,150,672,13:04:40,2012-07-26
446830,113905,-70.0,150,672,13:04:39,2012-07-26
446835,113905,-70.0,150,672,13:04:38,2012-07-26
446905,113905,-69.0,150,672,13:04:31,2012-07-26
446920,113905,-66.5,150,672,11:07:22,2012-07-26
446940,113905,-70.333336,150,672,14:30:33,2012-07-26
447345,113905,-81.0,150,672,11:06:32,2012-07-26
446715,113910,-75.25,150,672,11:07:50,2012-07-26
446720,113910,-76.0,150,672,11:07:49,2012-07-26
446725,113910,-72.333336,150,672,13:04:49,2012-07-26
446920,113910,-66.0,150,672,13:04:30,2012-07-26
446935,113910,-66.0,150,672,11:07:20,2012-07-26
447335,113910,-81.0,150,672,11:06:32,2012-07-26
446715,113915,-73.0,150,672,11:07:50,2012-07-26
446795,113915,-72.5,150,672,13:03:18,2012-07-26
446800,113915,-74.5,150,672,13:03:16,2012-07-26
446805,113915,-75.0,150,672,13:03:15,2012-07-26
446830,113915,-70.0,150,672,13:03:08,2012-07-26
446835,113915,-69.0,150,672,13:03:07,2012-07-26
446935,113915,-63.0,150,672,13:04:28,2012-07-26
446950,113915,-65.0,150,672,11:07:19,2012-07-26
446965,113915,-68.666664,150,672,14:30:35,2012-07-26
446715,113920,-73.5,150,672,11:07:51,2012-07-26
446720,113920,-71.333336,150,672,13:04:51,2012-07-26
446795,113920,-69.099998,150,672,13:03:19,2012-07-26
446800,113920,-68.0,150,672,13:03:22,2012-07-26
446810,113920,-74.25,150,672,13:03:14,2012-07-26
446815,113920,-73.222221,150,672,13:03:11,2012-07-26
446820,113920,-72.285713,150,672,13:03:10,2012-07-26
446825,113920,-70.666664,150,672,13:03:09,2012-07-26
446835,113920,-68.333336,150,672,13:03:29,2012-07-26
446840,113920,-69.0,150,672,13:03:06,2012-07-26
446845,113920,-68.14286,150,672,13:03:05,2012-07-26
446850,113920,-66.599998,150,672,13:03:32,2012-07-26
446855,113920,-69.833336,150,672,13:03:02,2012-07-26
446860,113920,-70.714287,150,672,13:03:01,2012-07-26
446865,113920,-69.099998,150,672,13:03:33,2012-07-26
446870,113920,-69.0,150,672,13:03:35,2012-07-26
446875,113920,-70.125,150,672,13:02:57,2012-07-26
446880,113920,-68.727272,150,672,13:03:36,2012-07-26
446885,113920,-69.826088,150,672,13:03:37,2012-07-26
446890,113920,-69.0,150,672,13:02:55,2012-07-26
446900,113920,-73.0,150,672,13:03:37,2012-07-26
446905,113920,-73.0,150,672,13:03:39,2012-07-26
446915,113920,-72.800003,150,672,13:03:40,2012-07-26
446925,113920,-72.0,150,672,13:03:41,2012-07-26
446930,113920,-71.599998,150,672,13:03:42,2012-07-26
446940,113920,-70.333336,150,672,13:03:43,2012-07-26
446955,113920,-59.799999,150,672,13:04:27,2012-07-26
446960,113920,-61.0,150,672,13:04:25,2012-07-26
446965,113920,-67.0,150,672,11:07:18,2012-07-26
446980,113920,-68.25,150,672,14:30:36,2012-07-26
446990,113920,-69.0,150,672,14:30:37,2012-07-26
446715,113925,-75.0,150,672,11:07:52,2012-07-26
446805,113925,-68.0,150,672,13:03:23,2012-07-26
446810,113925,-68.666664,150,672,13:03:25,2012-07-26
446820,113925,-69.833336,150,672,13:03:26,2012-07-26
446950,113925,-65.0,150,672,13:03:45,2012-07-26
446955,113925,-64.0,150,672,13:03:46,2012-07-26
446960,113925,-64.800003,150,672,13:03:47,2012-07-26
446970,113925,-65.0,150,672,13:04:24,2012-07-26
446985,113925,-70.25,150,672,11:07:16,2012-07-26
447000,113925,-69.25,150,672,14:30:37,2012-07-26
447010,113925,-70.0,150,672,14:30:38,2012-07-26
446710,113930,-74.333336,150,672,11:07:53,2012-07-26
446715,113930,-74.75,150,672,14:29:47,2012-07-26
446970,113930,-66.333336,150,672,13:03:49,2012-07-26
446975,113930,-68.4375,150,672,13:04:23,2012-07-26
446980,113930,-71.0,150,672,13:04:21,2012-07-26
446985,113930,-71.0,150,672,13:04:20,2012-07-26
447000,113930,-71.0,150,672,11:07:15,2012-07-26
447005,113930,-71.0,150,672,11:07:14,2012-07-26
447020,113930,-71.0,150,672,14:30:39,2012-07-26
447250,113930,-84.0,150,672,14:30:56,2012-07-26
446710,113935,-73.0,150,672,11:07:54,2012-07-26
446715,113935,-72.0,150,672,13:04:52,2012-07-26
446975,113935,-69.416664,150,672,13:03:56,2012-07-26
446980,113935,-73.666664,150,672,13:04:17,2012-07-26
446985,113935,-72.0,150,672,13:04:21,2012-07-26
447040,113935,-73.333336,150,672,14:30:40,2012-07-26
447055,113935,-74.0,150,672,14:30:41,2012-07-26
447060,113935,-74.800003,150,672,14:30:41,2012-07-26
447215,113935,-83.0,150,672,14:30:53,2012-07-26
447220,113935,-83.0,150,672,14:30:54,2012-07-26
447225,113935,-83.0,150,672,14:30:54,2012-07-26
447230,113935,-83.25,150,672,14:30:54,2012-07-26
447240,113935,-84.0,150,672,14:30:55,2012-07-26
446710,113940,-75.0,150,672,13:10:39,2012-07-26
446980,113940,-75.800003,150,672,13:03:57,2012-07-26
447030,113940,-71.833336,150,672,11:07:12,2012-07-26
447045,113940,-72.0,150,672,11:07:11,2012-07-26
447055,113940,-74.0,150,672,11:07:11,2012-07-26
447065,113940,-78.0,150,672,14:30:42,2012-07-26
447070,113940,-78.0,150,672,14:30:42,2012-07-26
447080,113940,-78.0,150,672,14:30:43,2012-07-26
447100,113940,-78.0,150,672,14:30:44,2012-07-26
447105,113940,-78.75,150,672,14:30:45,2012-07-26
447165,113940,-83.0,150,672,14:30:49,2012-07-26
447170,113940,-83.0,150,672,14:30:50,2012-07-26
447175,113940,-83.0,150,672,14:30:50,2012-07-26
447200,113940,-83.0,150,672,14:30:52,2012-07-26
447205,113940,-83.0,150,672,14:30:52,2012-07-26
446710,113945,-73.0,150,672,11:07:56,2012-07-26
447055,113945,-72.666664,150,672,11:07:11,2012-07-26
447060,113945,-74.0,150,672,11:07:10,2012-07-26
447065,113945,-75.5,150,672,11:07:09,2012-07-26
447075,113945,-76.0,150,672,11:07:08,2012-07-26
447085,113945,-78.25,150,672,11:07:08,2012-07-26
447110,113945,-81.0,150,672,14:30:45,2012-07-26
447115,113945,-81.0,150,672,14:30:45,2012-07-26
447120,113945,-81.400002,150,672,14:30:46,2012-07-26
447125,113945,-83.0,150,672,14:30:46,2012-07-26
447135,113945,-83.0,150,672,14:30:47,2012-07-26
447155,113945,-83.0,150,672,14:30:49,2012-07-26
447180,113945,-83.650002,150,672,15:16:08,2012-08-01
446710,113950,-75.0,150,672,13:10:39,2012-07-26
447095,113950,-79.0,150,672,11:07:07,2012-07-26
447105,113950,-80.5,150,672,11:07:06,2012-07-26
447110,113950,-81.0,150,672,11:07:06,2012-07-26
447120,113950,-81.0,150,672,11:07:05,2012-07-26
447125,113950,-81.0,150,672,11:07:05,2012-07-26
446710,113960,-74.599998,150,672,11:08:00,2012-07-26
446705,113965,-74.0,150,672,13:10:39,2012-07-26
446705,113970,-70.666664,150,672,11:08:03,2012-07-26
446700,113975,-68.666664,150,672,13:04:56,2012-07-26
446705,113975,-69.199997,150,672,11:08:06,2012-07-26
446695,113980,-72.800003,150,672,14:29:43,2012-07-26
446700,113985,-68.0,150,672,11:08:08,2012-07-26
446690,113990,-72.0,150,672,14:29:42,2012-07-26
446695,113990,-68.0,150,672,11:08:09,2012-07-26
446690,113995,-68.0,150,672,13:04:58,2012-07-26
446695,113995,-68.0,150,672,11:08:10,2012-07-26
446685,114000,-69.599998,150,672,14:29:41,2012-07-26
446690,114000,-68.0,150,672,13:04:59,2012-07-26
446685,114005,-66.0,150,672,13:04:59,2012-07-26
446690,114005,-68.0,150,672,11:08:11,2012-07-26
446680,114010,-65.666664,150,672,14:29:40,2012-07-26
446685,114010,-68.0,150,672,11:08:12,2012-07-26
446680,114015,-66.0,150,672,13:05:01,2012-07-26
446670,114020,-63.333332,150,672,14:29:39,2012-07-26
446675,114020,-67.0,150,672,11:08:14,2012-07-26
447325,114020,-94.0,150,672,13:45:38,2012-08-01
446665,114025,-63.0,150,672,14:29:38,2012-07-26
446670,114025,-64.400002,150,672,11:08:15,2012-07-26
447315,114025,-93.25,150,672,13:45:36,2012-08-01
447320,114025,-94.0,150,672,13:34:57,2012-08-01
447310,114030,-93.0,150,672,13:35:00,2012-08-01
446655,114035,-62.25,150,672,14:29:37,2012-07-26
446660,114035,-66.0,150,672,13:05:04,2012-07-26
446665,114035,-62.0,150,672,11:08:16,2012-07-26
446650,114040,-62.599998,150,672,14:29:36,2012-07-26
446655,114040,-61.333332,150,672,11:08:17,2012-07-26
446660,114040,-66.0,150,672,13:05:04,2012-07-26
446650,114050,-59.333332,150,672,11:08:18,2012-07-26
446640,114055,-65.0,150,672,14:29:34,2012-07-26
446645,114055,-66.0,150,672,13:05:05,2012-07-26
445735,114060,-72.0,150,672,13:57:21,2012-08-01
446645,114060,-58.333332,150,672,11:08:19,2012-07-26
445735,114065,-72.0,150,672,13:57:20,2012-08-01
445735,114070,-72.0,150,672,13:57:19,2012-08-01
446640,114070,-66.0,150,672,13:10:39,2012-07-26
445735,114075,-71.384613,150,672,13:57:18,2012-08-01
445735,114080,-71.0,150,672,13:57:17,2012-08-01
445740,114080,-71.0,150,672,13:57:15,2012-08-01
445745,114080,-71.53846,150,672,13:57:15,2012-08-01
445750,114080,-72.0,150,672,13:57:14,2012-08-01
445755,114080,-72.0,150,672,13:57:12,2012-08-01
446635,114080,-66.666664,150,672,14:29:33,2012-07-26
446630,114085,-62.0,150,672,13:05:08,2012-07-26
446635,114085,-64.0,150,672,13:10:39,2012-07-26
446630,114090,-64.571426,150,672,13:05:09,2012-07-26
446625,114100,-64.63636,150,672,13:05:10,2012-07-26
446630,114100,-61.0,150,672,11:08:23,2012-07-26
446625,114115,-61.0,150,672,11:08:24,2012-07-26
446615,114125,-69.0,150,672,14:29:29,2012-07-26
446620,114125,-61.5,150,672,11:08:25,2012-07-26
446615,114130,-66.5,150,672,14:29:28,2012-07-26
446610,114140,-62.400002,150,672,13:05:13,2012-07-26
446615,114140,-63.0,150,672,11:08:27,2012-07-26
446605,114150,-68.25,150,672,14:29:27,2012-07-26
446605,114155,-64.5,150,672,13:05:15,2012-07-26
446600,114160,-68.0,150,672,14:29:26,2012-07-26
446600,114165,-63.333332,150,672,11:08:28,2012-07-26
446590,114170,-67.5,150,672,14:29:24,2012-07-26
446590,114175,-64.0,150,672,11:08:29,2012-07-26
446585,114180,-67.0,150,672,14:29:24,2012-07-26
446575,114190,-67.0,150,672,14:29:23,2012-07-26
446580,114190,-66.0,150,672,13:05:18,2012-07-26
446585,114190,-64.333336,150,672,11:08:31,2012-07-26
446565,114200,-65.0,150,672,14:29:22,2012-07-26
446575,114200,-67.0,150,672,13:05:19,2012-07-26
446575,114205,-65.333336,150,672,11:08:32,2012-07-26
446555,114210,-62.799999,150,672,14:29:20,2012-07-26
446565,114210,-69.199997,150,672,13:05:21,2012-07-26
446565,114215,-66.5,150,672,11:08:34,2012-07-26
446545,114220,-62.0,150,672,14:29:20,2012-07-26
446550,114220,-69.599998,150,672,13:05:21,2012-07-26
446550,114225,-67.800003,150,672,11:08:35,2012-07-26
446535,114230,-62.0,150,672,14:29:19,2012-07-26
446540,114230,-68.0,150,672,13:05:23,2012-07-26
446525,114235,-62.5,150,672,14:29:17,2012-07-26
446535,114235,-67.0,150,672,11:08:36,2012-07-26
446510,114240,-61.666668,150,672,14:29:16,2012-07-26
446525,114240,-68.0,150,672,13:05:24,2012-07-26
446525,114245,-66.75,150,672,11:08:38,2012-07-26
446495,114250,-61.0,150,672,14:29:15,2012-07-26
446515,114250,-67.5,150,672,13:05:25,2012-07-26
446475,114255,-60.333332,150,672,14:29:13,2012-07-26
446500,114255,-64.800003,150,672,13:05:26,2012-07-26
446505,114255,-66.0,150,672,11:08:39,2012-07-26
446450,114260,-61.0,150,672,14:29:11,2012-07-26
446455,114260,-60.75,150,672,14:29:12,2012-07-26
446470,114260,-60.0,150,672,14:29:13,2012-07-26
446490,114260,-64.0,150,672,11:08:40,2012-07-26
446495,114260,-65.5,150,672,11:08:39,2012-07-26
446330,114265,-68.5,150,672,14:29:02,2012-07-26
446345,114265,-67.0,150,672,14:29:03,2012-07-26
446365,114265,-66.666664,150,672,14:29:05,2012-07-26
446380,114265,-66.0,150,672,14:29:05,2012-07-26
446385,114265,-65.25,150,672,14:29:06,2012-07-26
446400,114265,-62.5,150,672,14:29:08,2012-07-26
446410,114265,-61.0,150,672,14:29:08,2012-07-26
446420,114265,-61.0,150,672,14:29:09,2012-07-26
446430,114265,-61.0,150,672,14:29:10,2012-07-26
446440,114265,-61.0,150,672,14:29:10,2012-07-26
446465,114265,-61.0,150,672,11:08:41,2012-07-26
446470,114265,-61.0,150,672,11:08:41,2012-07-26
446475,114265,-61.0,150,672,11:08:41,2012-07-26
446480,114265,-63.0,150,672,11:08:41,2012-07-26
446485,114265,-62.75,150,672,13:05:28,2012-07-26
446295,114270,-69.0,150,672,14:28:59,2012-07-26
446310,114270,-69.0,150,672,14:29:01,2012-07-26
446320,114270,-69.0,150,672,14:29:01,2012-07-26
446395,114270,-58.400002,150,672,11:08:46,2012-07-26
446420,114270,-59.333332,150,672,11:08:45,2012-07-26
446435,114270,-60.75,150,672,11:08:44,2012-07-26
446450,114270,-61.0,150,672,11:08:43,2012-07-26
446455,114270,-61.0,150,672,11:08:42,2012-07-26
446460,114270,-61.0,150,672,11:08:42,2012-07-26
446465,114270,-61.0,150,672,11:08:42,2012-07-26
446270,114275,-69.0,150,672,14:28:58,2012-07-26
446300,114275,-71.0,150,672,13:05:41,2012-07-26
446305,114275,-71.0,150,672,13:05:41,2012-07-26
446310,114275,-70.0,150,672,13:10:39,2012-07-26
446315,114275,-70.0,150,672,13:05:40,2012-07-26
446320,114275,-65.0,150,672,13:10:39,2012-07-26
446335,114275,-62.5,150,672,11:08:52,2012-07-26
446340,114275,-64.0,150,672,13:10:39,2012-07-26
446350,114275,-59.666668,150,672,11:08:51,2012-07-26
446355,114275,-61.333332,150,672,13:05:37,2012-07-26
446365,114275,-58.25,150,672,11:08:49,2012-07-26
446370,114275,-60.0,150,672,13:05:36,2012-07-26
446375,114275,-58.599998,150,672,11:08:48,2012-07-26
446385,114275,-60.0,150,672,13:05:35,2012-07-26
446405,114275,-58.5,150,672,13:05:33,2012-07-26
446430,114275,-58.666668,150,672,13:05:32,2012-07-26
446260,114280,-68.333336,150,672,14:28:56,2012-07-26
446280,114280,-75.0,150,672,11:08:56,2012-07-26
446285,114280,-74.0,150,672,13:05:42,2012-07-26
446295,114280,-72.0,150,672,13:10:39,2012-07-26
446300,114280,-71.0,150,672,13:05:41,2012-07-26
446250,114285,-68.0,150,672,14:28:56,2012-07-26
446265,114285,-74.0,150,672,13:05:44,2012-07-26
446270,114285,-74.0,150,672,13:05:44,2012-07-26
446275,114285,-74.0,150,672,13:05:43,2012-07-26
446240,114290,-68.75,150,672,14:28:55,2012-07-26
446255,114290,-75.333336,150,672,11:08:58,2012-07-26
446260,114290,-74.0,150,672,13:05:45,2012-07-26
446245,114295,-73.333336,150,672,13:05:46,2012-07-26
446230,114300,-70.333336,150,672,14:28:54,2012-07-26
446240,114300,-75.666664,150,672,11:08:59,2012-07-26
446220,114310,-74.333336,150,672,14:28:52,2012-07-26
446225,114310,-72.0,150,672,13:05:47,2012-07-26
446230,114310,-75.0,150,672,11:09:00,2012-07-26
446225,114315,-75.0,150,672,11:09:01,2012-07-26
446215,114320,-71.0,150,672,13:05:49,2012-07-26
446220,114320,-75.0,150,672,11:09:02,2012-07-26
446205,114335,-75.0,150,672,13:10:39,2012-07-26
446200,114345,-79.0,150,672,14:28:49,2012-07-26
446195,114350,-76.0,150,672,13:05:52,2012-07-26
446195,114355,-79.333336,150,672,11:09:05,2012-07-26
446190,114360,-78.0,150,672,13:05:52,2012-07-26
446190,114365,-78.5,150,672,13:05:53,2012-07-26
446190,114370,-82.0,150,672,11:09:06,2012-07-26
446185,114375,-80.0,150,672,13:05:54,2012-07-26
446185,114385,-80.0,150,672,13:10:39,2012-07-26
446180,114400,-83.666664,150,672,13:05:56,2012-07-26
446185,114400,-86.0,150,672,11:09:09,2012-07-26
446180,114410,-86.571426,150,672,11:09:10,2012-07-26
446175,114420,-85.333336,150,672,13:05:57,2012-07-26
446175,114425,-87.0,150,672,14:28:42,2012-07-26
446180,114425,-87.599998,150,672,11:09:11,2012-07-26
446175,114430,-86.0,150,672,13:05:58,2012-07-26
446175,114440,-86.0,150,672,13:10:39,2012-07-26
446170,114450,-86.25,150,672,14:28:41,2012-07-26
446170,114455,-84.0,150,672,13:10:39,2012-07-26
446165,114465,-82.0,150,672,14:28:39,2012-07-26
446165,114470,-78.0,150,672,14:28:38,2012-07-26
446170,114470,-83.199997,150,672,11:09:15,2012-07-26
446160,114475,-78.0,150,672,14:28:37,2012-07-26
446160,114480,-78.28125,150,672,14:28:28,2012-07-26
446165,114480,-82.25,150,672,11:09:16,2012-07-26
446160,114485,-81.285713,150,672,14:28:22,2012-07-26
446155,114490,-81.333336,150,672,14:28:21,2012-07-26
446155,114495,-81.0,150,672,14:28:20,2012-07-26
446155,114500,-82.0,150,672,13:06:04,2012-07-26
446160,114500,-82.599998,150,672,11:09:17,2012-07-26
446150,114505,-81.666664,150,672,14:28:18,2012-07-26
446150,114510,-82.0,150,672,14:28:17,2012-07-26
446155,114510,-81.0,150,672,11:09:18,2012-07-26
446145,114515,-82.0,150,672,14:28:17,2012-07-26
446145,114520,-82.599998,150,672,11:09:19,2012-07-26
446140,114525,-81.599998,150,672,13:06:06,2012-07-26
446135,114530,-80.0,150,672,14:28:15,2012-07-26
446140,114530,-85.0,150,672,11:09:20,2012-07-26
446135,114535,-82.0,150,672,13:06:07,2012-07-26
446125,114540,-80.0,150,672,13:06:09,2012-07-26
446130,114540,-85.0,150,672,11:09:22,2012-07-26
446120,114545,-79.0,150,672,14:28:13,2012-07-26
446115,114550,-85.0,150,672,11:09:23,2012-07-26
446105,114555,-70.0,150,672,14:28:12,2012-07-26
446110,114555,-73.599998,150,672,14:28:12,2012-07-26
446115,114555,-82.0,150,672,13:06:09,2012-07-26
446095,114560,-70.0,150,672,14:28:12,2012-07-26
446100,114560,-70.0,150,672,14:28:12,2012-07-26
446090,114565,-70.0,150,672,14:28:11,2012-07-26
446095,114565,-85.0,150,672,11:09:24,2012-07-26
446100,114565,-82.0,150,672,13:06:11,2012-07-26
446080,114570,-70.0,150,672,14:28:10,2012-07-26
446085,114570,-85.0,150,672,11:09:25,2012-07-26
446090,114570,-82.0,150,672,13:06:12,2012-07-26
446070,114575,-70.0,150,672,14:28:09,2012-07-26
446080,114575,-82.0,150,672,13:06:13,2012-07-26
446065,114580,-70.0,150,672,14:28:08,2012-07-26
446070,114580,-85.0,150,672,11:09:26,2012-07-26
446075,114580,-85.0,150,672,11:09:26,2012-07-26
446055,114585,-70.0,150,672,14:28:08,2012-07-26
446060,114585,-83.5,150,672,11:09:27,2012-07-26
446070,114585,-81.0,150,672,13:06:14,2012-07-26
446045,114590,-70.0,150,672,14:28:07,2012-07-26
446050,114590,-70.0,150,672,14:28:07,2012-07-26
446055,114590,-78.0,150,672,13:10:39,2012-07-26
446035,114595,-70.0,150,672,14:28:06,2012-07-26
446045,114595,-78.75,150,672,11:09:29,2012-07-26
446030,114600,-70.0,150,672,14:28:05,2012-07-26
446040,114600,-76.400002,150,672,13:06:16,2012-07-26
446020,114605,-70.0,150,672,14:28:05,2012-07-26
446030,114605,-77.666664,150,672,11:09:30,2012-07-26
446010,114610,-70.0,150,672,14:28:04,2012-07-26
446015,114610,-70.0,150,672,14:28:04,2012-07-26
446025,114610,-73.333336,150,672,13:06:18,2012-07-26
446005,114615,-70.0,150,672,14:28:03,2012-07-26
446015,114615,-76.333336,150,672,11:09:32,2012-07-26
446000,114620,-74.75,150,672,11:09:33,2012-07-26
446010,114620,-72.333336,150,672,13:06:20,2012-07-26
445990,114625,-73.0,150,672,14:28:02,2012-07-26
445995,114625,-74.0,150,672,11:09:34,2012-07-26
445980,114630,-73.0,150,672,14:28:01,2012-07-26
445985,114630,-73.666664,150,672,11:09:34,2012-07-26
445995,114630,-72.666664,150,672,13:06:21,2012-07-26
444580,114635,-86.0,150,672,13:07:47,2012-07-26
444595,114635,-86.0,150,672,13:10:39,2012-07-26
444610,114635,-84.199997,150,672,13:07:46,2012-07-26
445970,114635,-76.75,150,672,14:28:00,2012-07-26
444625,114640,-84.0,150,672,10:31:57,2012-07-30
444640,114640,-84.0,150,672,10:31:56,2012-07-30
444645,114640,-81.0,150,672,13:07:44,2012-07-26
445960,114640,-78.0,150,672,14:27:59,2012-07-26
445965,114640,-72.666664,150,672,11:09:36,2012-07-26
445975,114640,-72.0,150,672,13:06:23,2012-07-26
444650,114645,-83.0,150,672,11:11:00,2012-07-26
445955,114645,-82.5,150,672,14:27:59,2012-07-26
445960,114645,-72.0,150,672,13:06:24,2012-07-26
444660,114650,-81.75,150,672,10:31:56,2012-07-30
444665,114650,-80.0,150,672,13:07:43,2012-07-26
444670,114650,-80.0,150,672,13:10:39,2012-07-26
445955,114650,-71.666664,150,672,11:09:37,2012-07-26
444675,114655,-81.0,150,672,13:07:42,2012-07-26
444680,114655,-81.0,150,672,13:07:42,2012-07-26
444680,114655,-81.0,150,672,10:31:54,2012-07-30
445930,114655,-86.0,150,672,14:27:57,2012-07-26
445935,114655,-86.0,150,672,14:27:57,2012-07-26
445940,114655,-71.333336,150,672,11:09:39,2012-07-26
445945,114655,-71.599998,150,672,13:06:25,2012-07-26
444690,114660,-81.0,150,672,13:10:39,2012-07-26
444695,114660,-81.0,150,672,13:07:42,2012-07-26
444700,114660,-81.0,150,672,13:07:41,2012-07-26
444705,114660,-81.0,150,672,13:07:41,2012-07-26
445920,114660,-86.599998,150,672,14:27:56,2012-07-26
444705,114665,-80.333336,150,672,10:31:53,2012-07-30
444710,114665,-81.0,150,672,13:10:39,2012-07-26
444720,114665,-81.0,150,672,13:07:40,2012-07-26
445905,114665,-87.0,150,672,14:27:55,2012-07-26
445910,114665,-87.0,150,672,14:27:55,2012-07-26
445920,114665,-72.666664,150,672,11:09:40,2012-07-26
445925,114665,-71.25,150,672,13:06:27,2012-07-26
444720,114670,-81.0,150,672,13:07:40,2012-07-26
444720,114670,-79.5,150,672,10:31:51,2012-07-30
444725,114670,-81.0,150,672,13:07:40,2012-07-26
445905,114670,-75.5,150,672,11:09:41,2012-07-26
445910,114670,-74.0,150,672,11:09:41,2012-07-26
445915,114670,-74.0,150,672,11:09:41,2012-07-26
444730,114675,-80.0,150,672,11:10:56,2012-07-26
444740,114675,-81.0,150,672,13:07:39,2012-07-26
445890,114675,-77.400002,150,672,11:09:43,2012-07-26
445895,114675,-77.0,150,672,11:09:42,2012-07-26
444760,114680,-81.0,150,672,13:07:39,2012-07-26
445855,114680,-82.666664,150,672,11:09:46,2012-07-26
445865,114680,-80.0,150,672,13:10:39,2012-07-26
445870,114680,-77.0,150,672,13:10:39,2012-07-26
445880,114680,-77.0,150,672,13:06:30,2012-07-26
444760,114685,-80.0,150,672,11:10:55,2012-07-26
444760,114685,-79.666664,150,672,10:31:50,2012-07-30
444775,114685,-81.0,150,672,13:07:38,2012-07-26
445835,114685,-83.5,150,672,13:06:34,2012-07-26
445840,114685,-86.666664,150,672,11:09:47,2012-07-26
445845,114685,-83.0,150,672,13:06:33,2012-07-26
445855,114685,-81.0,150,672,13:06:33,2012-07-26
444780,114690,-80.0,150,672,11:10:55,2012-07-26
444785,114690,-81.75,150,672,13:07:37,2012-07-26
444800,114690,-82.0,150,672,13:07:36,2012-07-26
445790,114690,-92.75,150,672,14:27:46,2012-07-26
445800,114690,-92.0,150,672,14:27:47,2012-07-26
445815,114690,-85.333336,150,672,13:06:35,2012-07-26
445820,114690,-88.0,150,672,11:09:48,2012-07-26
445825,114690,-85.0,150,672,13:06:35,2012-07-26
444785,114695,-80.0,150,672,10:31:48,2012-07-30
444795,114695,-80.0,150,672,10:31:48,2012-07-30
444805,114695,-81.5,150,672,11:10:53,2012-07-26
445775,114695,-92.0,150,672,14:27:45,2012-07-26
445800,114695,-86.0,150,672,13:10:39,2012-07-26
444825,114700,-80.0,150,672,13:10:39,2012-07-26
444845,114700,-78.800003,150,672,13:07:34,2012-07-26
445750,114700,-89.5,150,672,14:27:43,2012-07-26
445765,114700,-91.0,150,672,14:27:44,2012-07-26
445775,114700,-87.0,150,672,13:06:39,2012-07-26
445780,114700,-87.0,150,672,13:06:38,2012-07-26
445790,114700,-87.0,150,672,13:06:37,2012-07-26
444835,114705,-80.333336,150,672,10:31:46,2012-07-30
444855,114705,-83.0,150,672,11:10:51,2012-07-26
445735,114705,-89.0,150,672,14:27:42,2012-07-26
445765,114705,-87.666664,150,672,13:06:40,2012-07-26
444855,114710,-81.0,150,672,10:31:45,2012-07-30
444875,114710,-83.800003,150,672,11:10:50,2012-07-26
444875,114710,-81.0,150,672,10:31:44,2012-07-30
444880,114710,-78.0,150,672,13:07:33,2012-07-26
444885,114710,-81.0,150,672,14:26:45,2012-07-26
444895,114710,-81.0,150,672,14:26:45,2012-07-26
444900,114710,-81.0,150,672,14:26:46,2012-07-26
445710,114710,-89.0,150,672,14:27:40,2012-07-26
445725,114710,-89.0,150,672,14:27:41,2012-07-26
445745,114710,-89.0,150,672,13:06:41,2012-07-26
445750,114710,-89.0,150,672,13:06:40,2012-07-26
445755,114710,-89.0,150,672,13:06:40,2012-07-26
444900,114715,-83.14286,150,672,11:10:48,2012-07-26
445665,114715,-88.0,150,672,14:27:36,2012-07-26
445670,114715,-86.0,150,672,14:27:37,2012-07-26
445685,114715,-86.333336,150,672,14:27:38,2012-07-26
445700,114715,-87.666664,150,672,14:27:39,2012-07-26
444915,114720,-78.0,150,672,13:07:32,2012-07-26
444920,114720,-83.0,150,672,11:10:47,2012-07-26
444925,114720,-82.0,150,672,14:26:47,2012-07-26
445630,114720,-89.0,150,672,14:27:33,2012-07-26
445635,114720,-89.0,150,672,14:27:34,2012-07-26
445640,114720,-89.0,150,672,14:27:34,2012-07-26
445650,114720,-88.75,150,672,14:27:35,2012-07-26
444935,114725,-78.0,150,672,13:07:31,2012-07-26
444940,114725,-84.0,150,672,14:26:48,2012-07-26
444955,114735,-84.400002,150,672,14:26:48,2012-07-26
444965,114735,-85.0,150,672,14:26:49,2012-07-26
444975,114745,-85.25,150,672,14:26:50,2012-07-26
444995,114755,-81.5,150,672,13:07:28,2012-07-26
445010,114760,-84.428574,150,672,13:07:27,2012-07-26
445040,114765,-84.0,150,672,13:07:26,2012-07-26
445695,116310,-94.199997,150,672,15:00:42,2012-08-01
445690,116325,-93.0,150,672,15:00:44,2012-08-01
445680,116340,-94.5,150,672,15:00:45,2012-08-01
445665,116360,-95.0,150,672,15:00:46,2012-08-01
447420,113870,-85.0,150,672,11:06:24,2012-07-26
447405,113875,-84.5,150,672,11:06:25,2012-07-26
447395,113880,-83.5,150,672,11:06:27,2012-07-26
446850,113885,-73.0,150,672,14:30:25,2012-07-26
446860,113885,-75.333336,150,672,14:30:26,2012-07-26
446875,113885,-76.0,150,672,14:30:27,2012-07-26
446890,113885,-76.0,150,672,14:30:28,2012-07-26
446730,113890,-76.666664,150,672,14:29:53,2012-07-26
446735,113890,-78.0,150,672,14:29:53,2012-07-26
446745,113890,-73.909088,150,672,14:30:09,2012-07-26
446750,113890,-73.0,150,672,14:30:13,2012-07-26
446755,113890,-73.0,150,672,14:30:14,2012-07-26
446760,113890,-73.0,150,672,14:30:15,2012-07-26
446840,113890,-72.666664,150,672,14:30:23,2012-07-26
446850,113890,-66.0,150,672,11:07:27,2012-07-26
446860,113890,-66.0,150,672,11:07:27,2012-07-26
446870,113890,-66.0,150,672,11:07:26,2012-07-26
446880,113890,-66.0,150,672,11:07:25,2012-07-26
446905,113890,-76.5,150,672,14:30:29,2012-07-26
447380,113890,-81.0,150,672,11:06:28,2012-07-26
446725,113895,-75.333336,150,672,14:29:51,2012-07-26
446730,113895,-80.0,150,672,11:07:46,2012-07-26
446740,113895,-81.5,150,672,11:07:44,2012-07-26
446745,113895,-82.0,150,672,11:07:44,2012-07-26
446750,113895,-82.0,150,672,11:07:43,2012-07-26
446755,113895,-80.666664,150,672,11:07:42,2012-07-26
446765,113895,-80.0,150,672,11:07:41,2012-07-26
446770,113895,-73.0,150,672,14:30:16,2012-07-26
446785,113895,-72.666664,150,672,14:30:18,2012-07-26
446795,113895,-72.333336,150,672,14:30:19,2012-07-26
446805,113895,-73.0,150,672,14:30:21,2012-07-26
446820,113895,-73.0,150,672,14:30:22,2012-07-26
446830,113895,-76.0,150,672,11:07:29,2012-07-26
446840,113895,-68.5,150,672,11:07:29,2012-07-26
446860,113895,-70.5,150,672,13:04:35,2012-07-26
446880,113895,-72.666664,150,672,13:04:34,2012-07-26
446915,113895,-76.199997,150,672,14:30:30,2012-07-26
447365,113895,-78.333336,150,672,11:06:30,2012-07-26
446720,113900,-77.0,150,672,11:07:48,2012-07-26
446725,113900,-79.0,150,672,11:07:47,2012-07-26
446730,113900,-72.5,150,672,13:04:48,2012-07-26
446740,113900,-73.333336,150,672,13:04:47,2012-07-26
446760,113900,-74.666664,150,672,13:04:45,2012-07-26
446770,113900,-77.599998,150,672,11:07:40,2012-07-26
446775,113900,-75.666664,150,672,11:07:39,2012-07-26
446785,113900,-73.666664,150,672,11:07:37,2012-07-26
446790,113900,-72.333336,150,672,11:07:36,2012-07-26
446800,113900,-72.75,150,672,11:07:34,2012-07-26
446810,113900,-72.25,150,672,11:07:32,2012-07-26
446815,113900,-73.333336,150,672,11:07:32,2012-07-26
446820,113900,-75.0,150,672,11:07:30,2012-07-26
446850,113900,-71.599998,150,672,13:04:37,2012-07-26
446890,113900,-71.75,150,672,13:04:33,2012-07-26
446900,113900,-71.0,150,672,13:04:32,2012-07-26
446905,113900,-66.0,150,672,11:07:23,2012-07-26
446930,113900,-73.666664,150,672,14:30:32,2012-07-26
447355,113900,-79.666664,150,672,11:06:31,2012-07-26
446720,113905,-76.666664,150,672,11:07:49,2012-07-26
446775,113905,-75.0,150,672,13:04:44,2012-07-26
446785,113905,-74.333336,150,672,13:04:42,2012-07-26
446800,113905,-72.714287,150,672,13:04:41,2012-07-26
446810,113905,-70.599998,150,672,13:04:40,2012-07-26
446830,113905,-70.0,150,672,13:04:39,2012-07-26
446835,113905,-70.0,150,672,13:04:38,2012-07-26
446905,113905,-69.0,150,672,13:04:31,2012-07-26
446920,113905,-66.5,150,672,11:07:22,2012-07-26
446940,113905,-70.333336,150,672,14:30:33,2012-07-26
447345,113905,-81.0,150,672,11:06:32,2012-07-26
446715,113910,-75.25,150,672,11:07:50,2012-07-26
446720,113910,-76.0,150,672,11:07:49,2012-07-26
446725,113910,-72.333336,150,672,13:04:49,2012-07-26
446920,113910,-66.0,150,672,13:04:30,2012-07-26
446935,113910,-66.0,150,672,11:07:20,2012-07-26
447335,113910,-81.0,150,672,11:06:32,2012-07-26
446715,113915,-73.0,150,672,11:07:50,2012-07-26
446795,113915,-72.5,150,672,13:03:18,2012-07-26
446800,113915,-74.5,150,672,13:03:16,2012-07-26
446805,113915,-75.0,150,672,13:03:15,2012-07-26
446830,113915,-70.0,150,672,13:03:08,2012-07-26
446835,113915,-69.0,150,672,13:03:07,2012-07-26
446935,113915,-63.0,150,672,13:04:28,2012-07-26
446950,113915,-65.0,150,672,11:07:19,2012-07-26
446965,113915,-68.666664,150,672,14:30:35,2012-07-26
446715,113920,-73.5,150,672,11:07:51,2012-07-26
446720,113920,-71.333336,150,672,13:04:51,2012-07-26
446795,113920,-69.099998,150,672,13:03:19,2012-07-26
446800,113920,-68.0,150,672,13:03:22,2012-07-26
446810,113920,-74.25,150,672,13:03:14,2012-07-26
446815,113920,-73.222221,150,672,13:03:11,2012-07-26
446820,113920,-72.285713,150,672,13:03:10,2012-07-26
446825,113920,-70.666664,150,672,13:03:09,2012-07-26
446835,113920,-68.333336,150,672,13:03:29,2012-07-26
446840,113920,-69.0,150,672,13:03:06,2012-07-26
446845,113920,-68.14286,150,672,13:03:05,2012-07-26
446850,113920,-66.599998,150,672,13:03:32,2012-07-26
446855,113920,-69.833336,150,672,13:03:02,2012-07-26
446860,113920,-70.714287,150,672,13:03:01,2012-07-26
446865,113920,-69.099998,150,672,13:03:33,2012-07-26
446870,113920,-69.0,150,672,13:03:35,2012-07-26
446875,113920,-70.125,150,672,13:02:57,2012-07-26
446880,113920,-68.727272,150,672,13:03:36,2012-07-26
446885,113920,-69.826088,150,672,13:03:37,2012-07-26
446890,113920,-69.0,150,672,13:02:55,2012-07-26
446900,113920,-73.0,150,672,13:03:37,2012-07-26
446905,113920,-73.0,150,672,13:03:39,2012-07-26
446915,113920,-72.800003,150,672,13:03:40,2012-07-26
446925,113920,-72.0,150,672,13:03:41,2012-07-26
446930,113920,-71.599998,150,672,13:03:42,2012-07-26
446940,113920,-70.333336,150,672,13:03:43,2012-07-26
446955,113920,-59.799999,150,672,13:04:27,2012-07-26
446960,113920,-61.0,150,672,13:04:25,2012-07-26
446965,113920,-67.0,150,672,11:07:18,2012-07-26
446980,113920,-68.25,150,672,14:30:36,2012-07-26
446990,113920,-69.0,150,672,14:30:37,2012-07-26
446715,113925,-75.0,150,672,11:07:52,2012-07-26
446805,113925,-68.0,150,672,13:03:23,2012-07-26
446810,113925,-68.666664,150,672,13:03:25,2012-07-26
446820,113925,-69.833336,150,672,13:03:26,2012-07-26
446950,113925,-65.0,150,672,13:03:45,2012-07-26
446955,113925,-64.0,150,672,13:03:46,2012-07-26
446960,113925,-64.800003,150,672,13:03:47,2012-07-26
446970,113925,-65.0,150,672,13:04:24,2012-07-26
446985,113925,-70.25,150,672,11:07:16,2012-07-26
447000,113925,-69.25,150,672,14:30:37,2012-07-26
447010,113925,-70.0,150,672,14:30:38,2012-07-26
446710,113930,-74.333336,150,672,11:07:53,2012-07-26
446715,113930,-74.75,150,672,14:29:47,2012-07-26
446970,113930,-66.333336,150,672,13:03:49,2012-07-26
446975,113930,-68.4375,150,672,13:04:23,2012-07-26
446980,113930,-71.0,150,672,13:04:21,2012-07-26
446985,113930,-71.0,150,672,13:04:20,2012-07-26
447000,113930,-71.0,150,672,11:07:15,2012-07-26
447005,113930,-71.0,150,672,11:07:14,2012-07-26
447020,113930,-71.0,150,672,14:30:39,2012-07-26
447250,113930,-84.0,150,672,14:30:56,2012-07-26
446710,113935,-73.0,150,672,11:07:54,2012-07-26
446715,113935,-72.0,150,672,13:04:52,2012-07-26
446975,113935,-69.416664,150,672,13:03:56,2012-07-26
446980,113935,-73.666664,150,672,13:04:17,2012-07-26
446985,113935,-72.0,150,672,13:04:21,2012-07-26
447040,113935,-73.333336,150,672,14:30:40,2012-07-26
447055,113935,-74.0,150,672,14:30:41,2012-07-26
447060,113935,-74.800003,150,672,14:30:41,2012-07-26
447215,113935,-83.0,150,672,14:30:53,2012-07-26
447220,113935,-83.0,150,672,14:30:54,2012-07-26
447225,113935,-83.0,150,672,14:30:54,2012-07-26
447230,113935,-83.25,150,672,14:30:54,2012-07-26
447240,113935,-84.0,150,672,14:30:55,2012-07-26
446710,113940,-75.0,150,672,13:10:39,2012-07-26
446980,113940,-75.800003,150,672,13:03:57,2012-07-26
447030,113940,-71.833336,150,672,11:07:12,2012-07-26
447045,113940,-72.0,150,672,11:07:11,2012-07-26
447055,113940,-74.0,150,672,11:07:11,2012-07-26
447065,113940,-78.0,150,672,14:30:42,2012-07-26
447070,113940,-78.0,150,672,14:30:42,2012-07-26
447080,113940,-78.0,150,672,14:30:43,2012-07-26
447100,113940,-78.0,150,672,14:30:44,2012-07-26
447105,113940,-78.75,150,672,14:30:45,2012-07-26
447165,113940,-83.0,150,672,14:30:49,2012-07-26
447170,113940,-83.0,150,672,14:30:50,2012-07-26
447175,113940,-83.0,150,672,14:30:50,2012-07-26
447200,113940,-83.0,150,672,14:30:52,2012-07-26
447205,113940,-83.0,150,672,14:30:52,2012-07-26
446710,113945,-73.0,150,672,11:07:56,2012-07-26
447055,113945,-72.666664,150,672,11:07:11,2012-07-26
447060,113945,-74.0,150,672,11:07:10,2012-07-26
447065,113945,-75.5,150,672,11:07:09,2012-07-26
447075,113945,-76.0,150,672,11:07:08,2012-07-26
447085,113945,-78.25,150,672,11:07:08,2012-07-26
447110,113945,-81.0,150,672,14:30:45,2012-07-26
447115,113945,-81.0,150,672,14:30:45,2012-07-26
447120,113945,-81.400002,150,672,14:30:46,2012-07-26
447125,113945,-83.0,150,672,14:30:46,2012-07-26
447135,113945,-83.0,150,672,14:30:47,2012-07-26
447155,113945,-83.0,150,672,14:30:49,2012-07-26
447180,113945,-83.650002,150,672,15:16:08,2012-08-01
446710,113950,-75.0,150,672,13:10:39,2012-07-26
447095,113950,-79.0,150,672,11:07:07,2012-07-26
447105,113950,-80.5,150,672,11:07:06,2012-07-26
447110,113950,-81.0,150,672,11:07:06,2012-07-26
447120,113950,-81.0,150,672,11:07:05,2012-07-26
447125,113950,-81.0,150,672,11:07:05,2012-07-26
446710,113960,-74.599998,150,672,11:08:00,2012-07-26
446705,113965,-74.0,150,672,13:10:39,2012-07-26
446705,113970,-70.666664,150,672,11:08:03,2012-07-26
446700,113975,-68.666664,150,672,13:04:56,2012-07-26
446705,113975,-69.199997,150,672,11:08:06,2012-07-26
446695,113980,-72.800003,150,672,14:29:43,2012-07-26
446700,113985,-68.0,150,672,11:08:08,2012-07-26
446690,113990,-72.0,150,672,14:29:42,2012-07-26
446695,113990,-68.0,150,672,11:08:09,2012-07-26
446690,113995,-68.0,150,672,13:04:58,2012-07-26
446695,113995,-68.0,150,672,11:08:10,2012-07-26
446685,114000,-69.599998,150,672,14:29:41,2012-07-26
446690,114000,-68.0,150,672,13:04:59,2012-07-26
446685,114005,-66.0,150,672,13:04:59,2012-07-26
446690,114005,-68.0,150,672,11:08:11,2012-07-26
446680,114010,-65.666664,150,672,14:29:40,2012-07-26
446685,114010,-68.0,150,672,11:08:12,2012-07-26
446680,114015,-66.0,150,672,13:05:01,2012-07-26
446670,114020,-63.333332,150,672,14:29:39,2012-07-26
446675,114020,-67.0,150,672,11:08:14,2012-07-26
447325,114020,-94.0,150,672,13:45:38,2012-08-01
446665,114025,-63.0,150,672,14:29:38,2012-07-26
446670,114025,-64.400002,150,672,11:08:15,2012-07-26
447315,114025,-93.25,150,672,13:45:36,2012-08-01
447320,114025,-94.0,150,672,13:34:57,2012-08-01
447310,114030,-93.0,150,672,13:35:00,2012-08-01
446655,114035,-62.25,150,672,14:29:37,2012-07-26
446660,114035,-66.0,150,672,13:05:04,2012-07-26
446665,114035,-62.0,150,672,11:08:16,2012-07-26
446650,114040,-62.599998,150,672,14:29:36,2012-07-26
446655,114040,-61.333332,150,672,11:08:17,2012-07-26
446660,114040,-66.0,150,672,13:05:04,2012-07-26
446650,114050,-59.333332,150,672,11:08:18,2012-07-26
446640,114055,-65.0,150,672,14:29:34,2012-07-26
446645,114055,-66.0,150,672,13:05:05,2012-07-26
445735,114060,-72.0,150,672,13:57:21,2012-08-01
446645,114060,-58.333332,150,672,11:08:19,2012-07-26
445735,114065,-72.0,150,672,13:57:20,2012-08-01
445735,114070,-72.0,150,672,13:57:19,2012-08-01
446640,114070,-66.0,150,672,13:10:39,2012-07-26
445735,114075,-71.384613,150,672,13:57:18,2012-08-01
445735,114080,-71.0,150,672,13:57:17,2012-08-01
445740,114080,-71.0,150,672,13:57:15,2012-08-01
445745,114080,-71.53846,150,672,13:57:15,2012-08-01
445750,114080,-72.0,150,672,13:57:14,2012-08-01
445755,114080,-72.0,150,672,13:57:12,2012-08-01
446635,114080,-66.666664,150,672,14:29:33,2012-07-26
446630,114085,-62.0,150,672,13:05:08,2012-07-26
446635,114085,-64.0,150,672,13:10:39,2012-07-26
446630,114090,-64.571426,150,672,13:05:09,2012-07-26
446625,114100,-64.63636,150,672,13:05:10,2012-07-26
446630,114100,-61.0,150,672,11:08:23,2012-07-26
446625,114115,-61.0,150,672,11:08:24,2012-07-26
446615,114125,-69.0,150,672,14:29:29,2012-07-26
446620,114125,-61.5,150,672,11:08:25,2012-07-26
446615,114130,-66.5,150,672,14:29:28,2012-07-26
446610,114140,-62.400002,150,672,13:05:13,2012-07-26
446615,114140,-63.0,150,672,11:08:27,2012-07-26
446605,114150,-68.25,150,672,14:29:27,2012-07-26
446605,114155,-64.5,150,672,13:05:15,2012-07-26
446600,114160,-68.0,150,672,14:29:26,2012-07-26
446600,114165,-63.333332,150,672,11:08:28,2012-07-26
446590,114170,-67.5,150,672,14:29:24,2012-07-26
446590,114175,-64.0,150,672,11:08:29,2012-07-26
446585,114180,-67.0,150,672,14:29:24,2012-07-26
446575,114190,-67.0,150,672,14:29:23,2012-07-26
446580,114190,-66.0,150,672,13:05:18,2012-07-26
446585,114190,-64.333336,150,672,11:08:31,2012-07-26
446565,114200,-65.0,150,672,14:29:22,2012-07-26
446575,114200,-67.0,150,672,13:05:19,2012-07-26
446575,114205,-65.333336,150,672,11:08:32,2012-07-26
446555,114210,-62.799999,150,672,14:29:20,2012-07-26
446565,114210,-69.199997,150,672,13:05:21,2012-07-26
446565,114215,-66.5,150,672,11:08:34,2012-07-26
446545,114220,-62.0,150,672,14:29:20,2012-07-26
446550,114220,-69.599998,150,672,13:05:21,2012-07-26
446550,114225,-67.800003,150,672,11:08:35,2012-07-26
446535,114230,-62.0,150,672,14:29:19,2012-07-26
446540,114230,-68.0,150,672,13:05:23,2012-07-26
446525,114235,-62.5,150,672,14:29:17,2012-07-26
446535,114235,-67.0,150,672,11:08:36,2012-07-26
446510,114240,-61.666668,150,672,14:29:16,2012-07-26
446525,114240,-68.0,150,672,13:05:24,2012-07-26
446525,114245,-66.75,150,672,11:08:38,2012-07-26
446495,114250,-61.0,150,672,14:29:15,2012-07-26
446515,114250,-67.5,150,672,13:05:25,2012-07-26
446475,114255,-60.333332,150,672,14:29:13,2012-07-26
446500,114255,-64.800003,150,672,13:05:26,2012-07-26
446505,114255,-66.0,150,672,11:08:39,2012-07-26
446450,114260,-61.0,150,672,14:29:11,2012-07-26
446455,114260,-60.75,150,672,14:29:12,2012-07-26
446470,114260,-60.0,150,672,14:29:13,2012-07-26
446490,114260,-64.0,150,672,11:08:40,2012-07-26
446495,114260,-65.5,150,672,11:08:39,2012-07-26
446330,114265,-68.5,150,672,14:29:02,2012-07-26
446345,114265,-67.0,150,672,14:29:03,2012-07-26
446365,114265,-66.666664,150,672,14:29:05,2012-07-26
446380,114265,-66.0,150,672,14:29:05,2012-07-26
446385,114265,-65.25,150,672,14:29:06,2012-07-26
446400,114265,-62.5,150,672,14:29:08,2012-07-26
446410,114265,-61.0,150,672,14:29:08,2012-07-26
446420,114265,-61.0,150,672,14:29:09,2012-07-26
446430,114265,-61.0,150,672,14:29:10,2012-07-26
446440,114265,-61.0,150,672,14:29:10,2012-07-26
446465,114265,-61.0,150,672,11:08:41,2012-07-26
446470,114265,-61.0,150,672,11:08:41,2012-07-26
446475,114265,-61.0,150,672,11:08:41,2012-07-26
446480,114265,-63.0,150,672,11:08:41,2012-07-26
446485,114265,-62.75,150,672,13:05:28,2012-07-26
446295,114270,-69.0,150,672,14:28:59,2012-07-26
446310,114270,-69.0,150,672,14:29:01,2012-07-26
446320,114270,-69.0,150,672,14:29:01,2012-07-26
446395,114270,-58.400002,150,672,11:08:46,2012-07-26
446420,114270,-59.333332,150,672,11:08:45,2012-07-26
446435,114270,-60.75,150,672,11:08:44,2012-07-26
446450,114270,-61.0,150,672,11:08:43,2012-07-26
446455,114270,-61.0,150,672,11:08:42,2012-07-26
446460,114270,-61.0,150,672,11:08:42,2012-07-26
446465,114270,-61.0,150,672,11:08:42,2012-07-26
446270,114275,-69.0,150,672,14:28:58,2012-07-26
446300,114275,-71.0,150,672,13:05:41,2012-07-26
446305,114275,-71.0,150,672,13:05:41,2012-07-26
446310,114275,-70.0,150,672,13:10:39,2012-07-26
446315,114275,-70.0,150,672,13:05:40,2012-07-26
446320,114275,-65.0,150,672,13:10:39,2012-07-26
446335,114275,-62.5,150,672,11:08:52,2012-07-26
446340,114275,-64.0,150,672,13:10:39,2012-07-26
446350,114275,-59.666668,150,672,11:08:51,2012-07-26
446355,114275,-61.333332,150,672,13:05:37,2012-07-26
446365,114275,-58.25,150,672,11:08:49,2012-07-26
446370,114275,-60.0,150,672,13:05:36,2012-07-26
446375,114275,-58.599998,150,672,11:08:48,2012-07-26
446385,114275,-60.0,150,672,13:05:35,2012-07-26
446405,114275,-58.5,150,672,13:05:33,2012-07-26
446430,114275,-58.666668,150,672,13:05:32,2012-07-26
446260,114280,-68.333336,150,672,14:28:56,2012-07-26
446280,114280,-75.0,150,672,11:08:56,2012-07-26
446285,114280,-74.0,150,672,13:05:42,2012-07-26
446295,114280,-72.0,150,672,13:10:39,2012-07-26
446300,114280,-71.0,150,672,13:05:41,2012-07-26
446250,114285,-68.0,150,672,14:28:56,2012-07-26
446265,114285,-74.0,150,672,13:05:44,2012-07-26
446270,114285,-74.0,150,672,13:05:44,2012-07-26
446275,114285,-74.0,150,672,13:05:43,2012-07-26
446240,114290,-68.75,150,672,14:28:55,2012-07-26
446255,114290,-75.333336,150,672,11:08:58,2012-07-26
446260,114290,-74.0,150,672,13:05:45,2012-07-26
446245,114295,-73.333336,150,672,13:05:46,2012-07-26
446230,114300,-70.333336,150,672,14:28:54,2012-07-26
446240,114300,-75.666664,150,672,11:08:59,2012-07-26
446220,114310,-74.333336,150,672,14:28:52,2012-07-26
446225,114310,-72.0,150,672,13:05:47,2012-07-26
446230,114310,-75.0,150,672,11:09:00,2012-07-26
446225,114315,-75.0,150,672,11:09:01,2012-07-26
446215,114320,-71.0,150,672,13:05:49,2012-07-26
446220,114320,-75.0,150,672,11:09:02,2012-07-26
446205,114335,-75.0,150,672,13:10:39,2012-07-26
446200,114345,-79.0,150,672,14:28:49,2012-07-26
446195,114350,-76.0,150,672,13:05:52,2012-07-26
446195,114355,-79.333336,150,672,11:09:05,2012-07-26
446190,114360,-78.0,150,672,13:05:52,2012-07-26
446190,114365,-78.5,150,672,13:05:53,2012-07-26
446190,114370,-82.0,150,672,11:09:06,2012-07-26
446185,114375,-80.0,150,672,13:05:54,2012-07-26
446185,114385,-80.0,150,672,13:10:39,2012-07-26
446180,114400,-83.666664,150,672,13:05:56,2012-07-26
446185,114400,-86.0,150,672,11:09:09,2012-07-26
446180,114410,-86.571426,150,672,11:09:10,2012-07-26
446175,114420,-85.333336,150,672,13:05:57,2012-07-26
446175,114425,-87.0,150,672,14:28:42,2012-07-26
446180,114425,-87.599998,150,672,11:09:11,2012-07-26
446175,114430,-86.0,150,672,13:05:58,2012-07-26
446175,114440,-86.0,150,672,13:10:39,2012-07-26
446170,114450,-86.25,150,672,14:28:41,2012-07-26
446170,114455,-84.0,150,672,13:10:39,2012-07-26
446165,114465,-82.0,150,672,14:28:39,2012-07-26
446165,114470,-78.0,150,672,14:28:38,2012-07-26
446170,114470,-83.199997,150,672,11:09:15,2012-07-26
446160,114475,-78.0,150,672,14:28:37,2012-07-26
446160,114480,-78.28125,150,672,14:28:28,2012-07-26
446165,114480,-82.25,150,672,11:09:16,2012-07-26
446160,114485,-81.285713,150,672,14:28:22,2012-07-26
446155,114490,-81.333336,150,672,14:28:21,2012-07-26
446155,114495,-81.0,150,672,14:28:20,2012-07-26
446155,114500,-82.0,150,672,13:06:04,2012-07-26
446160,114500,-82.599998,150,672,11:09:17,2012-07-26
446150,114505,-81.666664,150,672,14:28:18,2012-07-26
446150,114510,-82.0,150,672,14:28:17,2012-07-26
446155,114510,-81.0,150,672,11:09:18,2012-07-26
446145,114515,-82.0,150,672,14:28:17,2012-07-26
446145,114520,-82.599998,150,672,11:09:19,2012-07-26
446140,114525,-81.599998,150,672,13:06:06,2012-07-26
446135,114530,-80.0,150,672,14:28:15,2012-07-26
446140,114530,-85.0,150,672,11:09:20,2012-07-26
446135,114535,-82.0,150,672,13:06:07,2012-07-26
446125,114540,-80.0,150,672,13:06:09,2012-07-26
446130,114540,-85.0,150,672,11:09:22,2012-07-26
446120,114545,-79.0,150,672,14:28:13,2012-07-26
446115,114550,-85.0,150,672,11:09:23,2012-07-26
446105,114555,-70.0,150,672,14:28:12,2012-07-26
446110,114555,-73.599998,150,672,14:28:12,2012-07-26
446115,114555,-82.0,150,672,13:06:09,2012-07-26
446095,114560,-70.0,150,672,14:28:12,2012-07-26
446100,114560,-70.0,150,672,14:28:12,2012-07-26
446090,114565,-70.0,150,672,14:28:11,2012-07-26
446095,114565,-85.0,150,672,11:09:24,2012-07-26
446100,114565,-82.0,150,672,13:06:11,2012-07-26
446080,114570,-70.0,150,672,14:28:10,2012-07-26
446085,114570,-85.0,150,672,11:09:25,2012-07-26
446090,114570,-82.0,150,672,13:06:12,2012-07-26
446070,114575,-70.0,150,672,14:28:09,2012-07-26
446080,114575,-82.0,150,672,13:06:13,2012-07-26
446065,114580,-70.0,150,672,14:28:08,2012-07-26
446070,114580,-85.0,150,672,11:09:26,2012-07-26
446075,114580,-85.0,150,672,11:09:26,2012-07-26
446055,114585,-70.0,150,672,14:28:08,2012-07-26
446060,114585,-83.5,150,672,11:09:27,2012-07-26
446070,114585,-81.0,150,672,13:06:14,2012-07-26
446045,114590,-70.0,150,672,14:28:07,2012-07-26
446050,114590,-70.0,150,672,14:28:07,2012-07-26
446055,114590,-78.0,150,672,13:10:39,2012-07-26
446035,114595,-70.0,150,672,14:28:06,2012-07-26
446045,114595,-78.75,150,672,11:09:29,2012-07-26
446030,114600,-70.0,150,672,14:28:05,2012-07-26
446040,114600,-76.400002,150,672,13:06:16,2012-07-26
446020,114605,-70.0,150,672,14:28:05,2012-07-26
446030,114605,-77.666664,150,672,11:09:30,2012-07-26
446010,114610,-70.0,150,672,14:28:04,2012-07-26
446015,114610,-70.0,150,672,14:28:04,2012-07-26
446025,114610,-73.333336,150,672,13:06:18,2012-07-26
446005,114615,-70.0,150,672,14:28:03,2012-07-26
446015,114615,-76.333336,150,672,11:09:32,2012-07-26
446000,114620,-74.75,150,672,11:09:33,2012-07-26
446010,114620,-72.333336,150,672,13:06:20,2012-07-26
445990,114625,-73.0,150,672,14:28:02,2012-07-26
445995,114625,-74.0,150,672,11:09:34,2012-07-26
445980,114630,-73.0,150,672,14:28:01,2012-07-26
445985,114630,-73.666664,150,672,11:09:34,2012-07-26
445995,114630,-72.666664,150,672,13:06:21,2012-07-26
444580,114635,-86.0,150,672,13:07:47,2012-07-26
444595,114635,-86.0,150,672,13:10:39,2012-07-26
444610,114635,-84.199997,150,672,13:07:46,2012-07-26
445970,114635,-76.75,150,672,14:28:00,2012-07-26
444625,114640,-84.0,150,672,10:31:57,2012-07-30
444640,114640,-84.0,150,672,10:31:56,2012-07-30
444645,114640,-81.0,150,672,13:07:44,2012-07-26
445960,114640,-78.0,150,672,14:27:59,2012-07-26
445965,114640,-72.666664,150,672,11:09:36,2012-07-26
445975,114640,-72.0,150,672,13:06:23,2012-07-26
444650,114645,-83.0,150,672,11:11:00,2012-07-26
445955,114645,-82.5,150,672,14:27:59,2012-07-26
445960,114645,-72.0,150,672,13:06:24,2012-07-26
444660,114650,-81.75,150,672,10:31:56,2012-07-30
444665,114650,-80.0,150,672,13:07:43,2012-07-26
444670,114650,-80.0,150,672,13:10:39,2012-07-26
445955,114650,-71.666664,150,672,11:09:37,2012-07-26
444675,114655,-81.0,150,672,13:07:42,2012-07-26
444680,114655,-81.0,150,672,13:07:42,2012-07-26
444680,114655,-81.0,150,672,10:31:54,2012-07-30
445930,114655,-86.0,150,672,14:27:57,2012-07-26
445935,114655,-86.0,150,672,14:27:57,2012-07-26
445940,114655,-71.333336,150,672,11:09:39,2012-07-26
445945,114655,-71.599998,150,672,13:06:25,2012-07-26
444690,114660,-81.0,150,672,13:10:39,2012-07-26
444695,114660,-81.0,150,672,13:07:42,2012-07-26
444700,114660,-81.0,150,672,13:07:41,2012-07-26
444705,114660,-81.0,150,672,13:07:41,2012-07-26
445920,114660,-86.599998,150,672,14:27:56,2012-07-26
444705,114665,-80.333336,150,672,10:31:53,2012-07-30
444710,114665,-81.0,150,672,13:10:39,2012-07-26
444720,114665,-81.0,150,672,13:07:40,2012-07-26
445905,114665,-87.0,150,672,14:27:55,2012-07-26
445910,114665,-87.0,150,672,14:27:55,2012-07-26
445920,114665,-72.666664,150,672,11:09:40,2012-07-26
445925,114665,-71.25,150,672,13:06:27,2012-07-26
444720,114670,-81.0,150,672,13:07:40,2012-07-26
444720,114670,-79.5,150,672,10:31:51,2012-07-30
444725,114670,-81.0,150,672,13:07:40,2012-07-26
445905,114670,-75.5,150,672,11:09:41,2012-07-26
445910,114670,-74.0,150,672,11:09:41,2012-07-26
445915,114670,-74.0,150,672,11:09:41,2012-07-26
444730,114675,-80.0,150,672,11:10:56,2012-07-26
444740,114675,-81.0,150,672,13:07:39,2012-07-26
445890,114675,-77.400002,150,672,11:09:43,2012-07-26
445895,114675,-77.0,150,672,11:09:42,2012-07-26
444760,114680,-81.0,150,672,13:07:39,2012-07-26
445855,114680,-82.666664,150,672,11:09:46,2012-07-26
445865,114680,-80.0,150,672,13:10:39,2012-07-26
445870,114680,-77.0,150,672,13:10:39,2012-07-26
445880,114680,-77.0,150,672,13:06:30,2012-07-26
444760,114685,-80.0,150,672,11:10:55,2012-07-26
444760,114685,-79.666664,150,672,10:31:50,2012-07-30
444775,114685,-81.0,150,672,13:07:38,2012-07-26
445835,114685,-83.5,150,672,13:06:34,2012-07-26
445840,114685,-86.666664,150,672,11:09:47,2012-07-26
445845,114685,-83.0,150,672,13:06:33,2012-07-26
445855,114685,-81.0,150,672,13:06:33,2012-07-26
444780,114690,-80.0,150,672,11:10:55,2012-07-26
444785,114690,-81.75,150,672,13:07:37,2012-07-26
444800,114690,-82.0,150,672,13:07:36,2012-07-26
445790,114690,-92.75,150,672,14:27:46,2012-07-26
445800,114690,-92.0,150,672,14:27:47,2012-07-26
445815,114690,-85.333336,150,672,13:06:35,2012-07-26
445820,114690,-88.0,150,672,11:09:48,2012-07-26
445825,114690,-85.0,150,672,13:06:35,2012-07-26
444785,114695,-80.0,150,672,10:31:48,2012-07-30
444795,114695,-80.0,150,672,10:31:48,2012-07-30
444805,114695,-81.5,150,672,11:10:53,2012-07-26
445775,114695,-92.0,150,672,14:27:45,2012-07-26
445800,114695,-86.0,150,672,13:10:39,2012-07-26
444825,114700,-80.0,150,672,13:10:39,2012-07-26
444845,114700,-78.800003,150,672,13:07:34,2012-07-26
445750,114700,-89.5,150,672,14:27:43,2012-07-26
445765,114700,-91.0,150,672,14:27:44,2012-07-26
445775,114700,-87.0,150,672,13:06:39,2012-07-26
445780,114700,-87.0,150,672,13:06:38,2012-07-26
445790,114700,-87.0,150,672,13:06:37,2012-07-26
444835,114705,-80.333336,150,672,10:31:46,2012-07-30
444855,114705,-83.0,150,672,11:10:51,2012-07-26
445735,114705,-89.0,150,672,14:27:42,2012-07-26
445765,114705,-87.666664,150,672,13:06:40,2012-07-26
444855,114710,-81.0,150,672,10:31:45,2012-07-30
444875,114710,-83.800003,150,672,11:10:50,2012-07-26
444875,114710,-81.0,150,672,10:31:44,2012-07-30
444880,114710,-78.0,150,672,13:07:33,2012-07-26
444885,114710,-81.0,150,672,14:26:45,2012-07-26
444895,114710,-81.0,150,672,14:26:45,2012-07-26
444900,114710,-81.0,150,672,14:26:46,2012-07-26
445710,114710,-89.0,150,672,14:27:40,2012-07-26
445725,114710,-89.0,150,672,14:27:41,2012-07-26
445745,114710,-89.0,150,672,13:06:41,2012-07-26
445750,114710,-89.0,150,672,13:06:40,2012-07-26
445755,114710,-89.0,150,672,13:06:40,2012-07-26
444900,114715,-83.14286,150,672,11:10:48,2012-07-26
445665,114715,-88.0,150,672,14:27:36,2012-07-26
445670,114715,-86.0,150,672,14:27:37,2012-07-26
445685,114715,-86.333336,150,672,14:27:38,2012-07-26
445700,114715,-87.666664,150,672,14:27:39,2012-07-26
444915,114720,-78.0,150,672,13:07:32,2012-07-26
444920,114720,-83.0,150,672,11:10:47,2012-07-26
444925,114720,-82.0,150,672,14:26:47,2012-07-26
445630,114720,-89.0,150,672,14:27:33,2012-07-26
445635,114720,-89.0,150,672,14:27:34,2012-07-26
445640,114720,-89.0,150,672,14:27:34,2012-07-26
445650,114720,-88.75,150,672,14:27:35,2012-07-26
444935,114725,-78.0,150,672,13:07:31,2012-07-26
444940,114725,-84.0,150,672,14:26:48,2012-07-26
444955,114735,-84.400002,150,672,14:26:48,2012-07-26
444965,114735,-85.0,150,672,14:26:49,2012-07-26
444975,114745,-85.25,150,672,14:26:50,2012-07-26
444995,114755,-81.5,150,672,13:07:28,2012-07-26
445010,114760,-84.428574,150,672,13:07:27,2012-07-26
445040,114765,-84.0,150,672,13:07:26,2012-07-26
445695,116310,-94.199997,150,672,15:00:42,2012-08-01
445690,116325,-93.0,150,672,15:00:44,2012-08-01
445680,116340,-94.5,150,672,15:00:45,2012-08-01
445665,116360,-95.0,150,672,15:00:46,2012-08-01
