446730,113890,-69.0,1397,123,14:29:53,2012-07-26
446735,113890,-69.0,1397,123,14:29:53,2012-07-26
446725,113895,-67.0,1397,123,14:29:51,2012-07-26
446715,113930,-58.75,1397,123,14:29:47,2012-07-26
446710,113940,-58.0,1397,123,13:10:39,2012-07-26
446710,113950,-57.0,1397,123,13:10:39,2012-07-26
446705,113965,-58.333332,1397,123,13:10:39,2012-07-26
446695,113980,-58.400002,1397,123,14:29:43,2012-07-26
446700,113985,-57.0,1397,123,11:08:08,2012-07-26
446690,113990,-58.0,1397,123,14:29:42,2012-07-26
446695,113990,-57.0,1397,123,11:08:09,2012-07-26
446695,113995,-57.0,1397,123,11:08:10,2012-07-26
446685,114000,-57.200001,1397,123,14:29:41,2012-07-26
446690,114005,-57.0,1397,123,11:08:11,2012-07-26
446680,114010,-57.0,1397,123,14:29:40,2012-07-26
446685,114010,-57.0,1397,123,11:08:12,2012-07-26
446670,114020,-57.0,1397,123,14:29:39,2012-07-26
446675,114020,-57.333332,1397,123,11:08:14,2012-07-26
446665,114025,-57.0,1397,123,14:29:38,2012-07-26
446670,114025,-57.799999,1397,123,11:08:15,2012-07-26
446655,114035,-57.0,1397,123,14:29:37,2012-07-26
446660,114035,-58.0,1397,123,13:05:04,2012-07-26
446665,114035,-57.0,1397,123,11:08:16,2012-07-26
446650,114040,-58.200001,1397,123,14:29:36,2012-07-26
446655,114040,-57.333332,1397,123,11:08:17,2012-07-26
446660,114040,-58.0,1397,123,13:05:04,2012-07-26
446650,114050,-57.666668,1397,123,11:08:18,2012-07-26
446640,114055,-60.333332,1397,123,14:29:34,2012-07-26
446645,114055,-58.0,1397,123,13:05:05,2012-07-26
446645,114060,-57.666668,1397,123,11:08:19,2012-07-26
446640,114070,-58.0,1397,123,13:10:39,2012-07-26
446635,114080,-62.333332,1397,123,14:29:33,2012-07-26
446630,114085,-62.0,1397,123,13:05:08,2012-07-26
446635,114085,-59.333332,1397,123,13:10:39,2012-07-26
446630,114090,-63.857143,1397,123,13:05:09,2012-07-26
446625,114100,-66.63636,1397,123,13:05:10,2012-07-26
446630,114100,-62.0,1397,123,11:08:23,2012-07-26
446625,114115,-61.75,1397,123,11:08:24,2012-07-26
446615,114125,-67.333336,1397,123,14:29:29,2012-07-26
446620,114125,-61.5,1397,123,11:08:25,2012-07-26
446615,114130,-68.0,1397,123,14:29:28,2012-07-26
446610,114140,-69.0,1397,123,13:05:13,2012-07-26
446615,114140,-63.0,1397,123,11:08:27,2012-07-26
446605,114150,-67.0,1397,123,14:29:27,2012-07-26
446605,114155,-68.666664,1397,123,13:05:15,2012-07-26
446600,114160,-65.0,1397,123,14:29:26,2012-07-26
446600,114165,-63.333332,1397,123,11:08:28,2012-07-26
446590,114170,-63.0,1397,123,14:29:24,2012-07-26
446590,114175,-64.0,1397,123,11:08:29,2012-07-26
446585,114180,-62.0,1397,123,14:29:24,2012-07-26
446575,114190,-61.25,1397,123,14:29:23,2012-07-26
446580,114190,-65.0,1397,123,13:05:18,2012-07-26
446585,114190,-64.0,1397,123,11:08:31,2012-07-26
446565,114200,-60.333332,1397,123,14:29:22,2012-07-26
446575,114200,-62.0,1397,123,13:05:19,2012-07-26
446575,114205,-64.0,1397,123,11:08:32,2012-07-26
446555,114210,-60.599998,1397,123,14:29:20,2012-07-26
446565,114210,-61.799999,1397,123,13:05:21,2012-07-26
446565,114215,-64.5,1397,123,11:08:34,2012-07-26
446545,114220,-61.0,1397,123,14:29:20,2012-07-26
446550,114220,-61.400002,1397,123,13:05:21,2012-07-26
446550,114225,-65.599998,1397,123,11:08:35,2012-07-26
446535,114230,-61.0,1397,123,14:29:19,2012-07-26
446540,114230,-63.0,1397,123,13:05:23,2012-07-26
446525,114235,-61.0,1397,123,14:29:17,2012-07-26
446535,114235,-63.666668,1397,123,11:08:36,2012-07-26
446510,114240,-60.333332,1397,123,14:29:16,2012-07-26
446525,114240,-63.0,1397,123,13:05:24,2012-07-26
446525,114245,-63.0,1397,123,11:08:38,2012-07-26
446495,114250,-60.0,1397,123,14:29:15,2012-07-26
446515,114250,-63.0,1397,123,13:05:25,2012-07-26
446475,114255,-59.333332,1397,123,14:29:13,2012-07-26
446500,114255,-63.0,1397,123,13:05:26,2012-07-26
446505,114255,-63.0,1397,123,11:08:39,2012-07-26
446450,114260,-60.0,1397,123,14:29:11,2012-07-26
446455,114260,-59.75,1397,123,14:29:12,2012-07-26
446470,114260,-59.0,1397,123,14:29:13,2012-07-26
446490,114260,-61.0,1397,123,11:08:40,2012-07-26
446495,114260,-62.5,1397,123,11:08:39,2012-07-26
446330,114265,-59.5,1397,123,14:29:02,2012-07-26
446345,114265,-61.333332,1397,123,14:29:03,2012-07-26
446365,114265,-62.333332,1397,123,14:29:05,2012-07-26
446380,114265,-63.0,1397,123,14:29:05,2012-07-26
446385,114265,-62.25,1397,123,14:29:06,2012-07-26
446400,114265,-60.5,1397,123,14:29:08,2012-07-26
446410,114265,-62.0,1397,123,14:29:08,2012-07-26
446420,114265,-61.5,1397,123,14:29:09,2012-07-26
446430,114265,-60.0,1397,123,14:29:10,2012-07-26
446440,114265,-60.0,1397,123,14:29:10,2012-07-26
446465,114265,-57.0,1397,123,11:08:41,2012-07-26
446470,114265,-57.0,1397,123,11:08:41,2012-07-26
446475,114265,-57.0,1397,123,11:08:41,2012-07-26
446480,114265,-59.666668,1397,123,11:08:41,2012-07-26
446485,114265,-63.25,1397,123,13:05:28,2012-07-26
446295,114270,-53.0,1397,123,14:28:59,2012-07-26
446310,114270,-57.5,1397,123,14:29:01,2012-07-26
446320,114270,-59.0,1397,123,14:29:01,2012-07-26
446395,114270,-55.400002,1397,123,11:08:46,2012-07-26
446420,114270,-55.0,1397,123,11:08:45,2012-07-26
446435,114270,-56.5,1397,123,11:08:44,2012-07-26
446450,114270,-57.0,1397,123,11:08:43,2012-07-26
446455,114270,-57.0,1397,123,11:08:42,2012-07-26
446460,114270,-57.0,1397,123,11:08:42,2012-07-26
446465,114270,-57.0,1397,123,11:08:42,2012-07-26
446270,114275,-50.333332,1397,123,14:28:58,2012-07-26
446300,114275,-52.0,1397,123,13:05:41,2012-07-26
446305,114275,-52.0,1397,123,13:05:41,2012-07-26
446310,114275,-52.0,1397,123,13:10:39,2012-07-26
446315,114275,-52.0,1397,123,13:05:40,2012-07-26
446320,114275,-53.5,1397,123,13:10:39,2012-07-26
446335,114275,-58.75,1397,123,11:08:52,2012-07-26
446340,114275,-54.0,1397,123,13:10:39,2012-07-26
446350,114275,-57.0,1397,123,11:08:51,2012-07-26
446355,114275,-54.666668,1397,123,13:05:37,2012-07-26
446365,114275,-56.75,1397,123,11:08:49,2012-07-26
446370,114275,-55.666668,1397,123,13:05:36,2012-07-26
446375,114275,-56.400002,1397,123,11:08:48,2012-07-26
446385,114275,-57.333332,1397,123,13:05:35,2012-07-26
446405,114275,-59.5,1397,123,13:05:33,2012-07-26
446430,114275,-59.333332,1397,123,13:05:32,2012-07-26
446260,114280,-50.0,1397,123,14:28:56,2012-07-26
446280,114280,-56.666668,1397,123,11:08:56,2012-07-26
446285,114280,-53.0,1397,123,13:05:42,2012-07-26
446295,114280,-52.400002,1397,123,13:10:39,2012-07-26
446300,114280,-52.0,1397,123,13:05:41,2012-07-26
446250,114285,-50.0,1397,123,14:28:56,2012-07-26
446265,114285,-53.0,1397,123,13:05:44,2012-07-26
446270,114285,-53.0,1397,123,13:05:44,2012-07-26
446275,114285,-53.0,1397,123,13:05:43,2012-07-26
446240,114290,-49.25,1397,123,14:28:55,2012-07-26
446255,114290,-54.666668,1397,123,11:08:58,2012-07-26
446260,114290,-53.0,1397,123,13:05:45,2012-07-26
446245,114295,-53.0,1397,123,13:05:46,2012-07-26
446230,114300,-49.0,1397,123,14:28:54,2012-07-26
446240,114300,-51.666668,1397,123,11:08:59,2012-07-26
446220,114310,-51.0,1397,123,14:28:52,2012-07-26
446225,114310,-52.666668,1397,123,13:05:47,2012-07-26
446230,114310,-51.0,1397,123,11:09:00,2012-07-26
446225,114315,-51.0,1397,123,11:09:01,2012-07-26
446215,114320,-52.0,1397,123,13:05:49,2012-07-26
446220,114320,-51.333332,1397,123,11:09:02,2012-07-26
446205,114335,-53.0,1397,123,13:10:39,2012-07-26
446200,114345,-55.0,1397,123,14:28:49,2012-07-26
446195,114350,-57.0,1397,123,13:05:52,2012-07-26
446195,114355,-57.333332,1397,123,11:09:05,2012-07-26
446190,114360,-57.0,1397,123,13:05:52,2012-07-26
446195,114360,-58.0,1397,123,14:28:48,2012-07-26
446190,114365,-57.5,1397,123,13:05:53,2012-07-26
446190,114370,-59.333332,1397,123,11:09:06,2012-07-26
446185,114375,-58.0,1397,123,13:05:54,2012-07-26
446185,114385,-58.18182,1397,123,13:10:39,2012-07-26
446180,114400,-60.0,1397,123,13:05:56,2012-07-26
446185,114400,-62.5,1397,123,11:09:09,2012-07-26
446180,114405,-58.0,1397,123,14:28:45,2012-07-26
446180,114410,-62.42857,1397,123,11:09:10,2012-07-26
446180,114415,-58.0,1397,123,14:28:44,2012-07-26
446175,114420,-60.0,1397,123,13:05:57,2012-07-26
446180,114425,-61.799999,1397,123,11:09:11,2012-07-26
446175,114430,-60.0,1397,123,13:05:58,2012-07-26
446175,114440,-60.0,1397,123,13:10:39,2012-07-26
446170,114455,-62.5,1397,123,13:10:39,2012-07-26
446170,114470,-64.800003,1397,123,11:09:15,2012-07-26
446165,114480,-66.25,1397,123,11:09:16,2012-07-26
446155,114500,-73.0,1397,123,13:06:04,2012-07-26
446160,114500,-67.400002,1397,123,11:09:17,2012-07-26
446155,114510,-69.0,1397,123,11:09:18,2012-07-26
446145,114520,-68.599998,1397,123,11:09:19,2012-07-26
446140,114525,-73.0,1397,123,13:06:06,2012-07-26
446140,114530,-68.0,1397,123,11:09:20,2012-07-26
446135,114535,-73.0,1397,123,13:06:07,2012-07-26
446160,114920,-84.0,1397,123,14:58:43,2012-08-01
446160,114925,-84.0,1397,123,14:58:43,2012-08-01
446145,115015,-86.0,1397,123,14:58:50,2012-08-01
446145,115020,-86.0,1397,123,14:58:51,2012-08-01
446145,115025,-88.5,1397,123,14:58:51,2012-08-01
446145,115030,-89.0,1397,123,14:58:51,2012-08-01
446145,115035,-89.0,1397,123,14:58:52,2012-08-01
446145,115040,-89.0,1397,123,14:58:52,2012-08-01
446145,115045,-89.333336,1397,123,14:58:53,2012-08-01
446145,115050,-90.0,1397,123,14:58:53,2012-08-01
446145,115055,-90.0,1397,123,14:58:53,2012-08-01
446145,115060,-90.785713,1397,123,14:58:54,2012-08-01
446145,115065,-91.0,1397,123,14:58:54,2012-08-01
446145,115075,-91.0,1397,123,14:58:55,2012-08-01
446145,115085,-89.888885,1397,123,14:58:56,2012-08-01
446145,115090,-89.0,1397,123,14:58:56,2012-08-01
446145,115095,-88.800003,1397,123,14:58:57,2012-08-01
446145,115105,-88.0,1397,123,14:58:58,2012-08-01
446140,115115,-87.666664,1397,123,14:58:58,2012-08-01
446140,115120,-87.0,1397,123,14:58:59,2012-08-01
446140,115125,-87.0,1397,123,14:58:59,2012-08-01
446130,115135,-82.0,1397,123,15:11:44,2012-08-01
446130,115140,-82.0,1397,123,15:11:44,2012-08-01
446135,115140,-87.0,1397,123,14:59:01,2012-08-01
446125,115145,-82.0,1397,123,15:11:43,2012-08-01
446130,115145,-82.0,1397,123,15:11:44,2012-08-01
446130,115150,-86.666664,1397,123,14:59:01,2012-08-01
446125,115155,-82.0,1397,123,15:11:43,2012-08-01
446120,115160,-86.0,1397,123,15:11:42,2012-08-01
446120,115170,-86.0,1397,123,14:59:03,2012-08-01
446115,115175,-87.0,1397,123,14:59:03,2012-08-01
446110,115185,-86.5,1397,123,14:59:04,2012-08-01
446105,115190,-88.0,1397,123,15:11:40,2012-08-01
446110,115190,-87.0,1397,123,14:59:04,2012-08-01
447290,115190,-80.0,1397,123,14:44:01,2012-08-01
446105,115195,-87.0,1397,123,14:59:05,2012-08-01
446100,115200,-88.0,1397,123,15:11:39,2012-08-01
446105,115200,-87.0,1397,123,14:59:05,2012-08-01
447300,115200,-80.0,1397,123,14:44:02,2012-08-01
446100,115205,-88.0,1397,123,15:11:38,2012-08-01
446100,115210,-88.0,1397,123,15:11:38,2012-08-01
446095,115215,-88.0,1397,123,15:11:38,2012-08-01
446095,115220,-88.0,1397,123,15:11:37,2012-08-01
446095,115225,-88.0,1397,123,15:11:37,2012-08-01
446095,115230,-88.0,1397,123,15:11:37,2012-08-01
446095,115240,-79.0,1397,123,15:11:36,2012-08-01
447345,115240,-92.0,1397,123,14:44:06,2012-08-01
446090,115245,-79.0,1397,123,15:11:36,2012-08-01
447350,115245,-92.0,1397,123,14:44:07,2012-08-01
446090,115250,-79.0,1397,123,15:11:35,2012-08-01
447350,115250,-92.0,1397,123,14:44:07,2012-08-01
446090,115255,-79.0,1397,123,15:11:35,2012-08-01
447355,115255,-92.0,1397,123,14:44:07,2012-08-01
446090,115260,-79.0,1397,123,15:11:34,2012-08-01
447355,115260,-92.0,1397,123,14:44:08,2012-08-01
446090,115265,-79.0,1397,123,15:11:34,2012-08-01
447360,115265,-92.0,1397,123,14:44:09,2012-08-01
446090,115270,-79.0,1397,123,15:11:34,2012-08-01
447365,115270,-92.0,1397,123,14:44:09,2012-08-01
446090,115275,-79.0,1397,123,15:11:33,2012-08-01
446095,115280,-79.0,1397,123,15:11:33,2012-08-01
447375,115285,-92.0,1397,123,14:44:11,2012-08-01
446095,115290,-79.0,1397,123,15:11:32,2012-08-01
447385,115300,-92.75,1397,123,14:44:12,2012-08-01
447390,115305,-95.0,1397,123,14:44:12,2012-08-01
447400,115310,-95.0,1397,123,14:44:13,2012-08-01
446100,115355,-95.0,1397,123,15:11:28,2012-08-01
447450,115355,-92.0,1397,123,14:44:18,2012-08-01
446100,115360,-95.0,1397,123,15:11:27,2012-08-01
446095,115365,-95.0,1397,123,15:11:27,2012-08-01
446095,115370,-95.0,1397,123,15:11:26,2012-08-01
446095,115375,-95.0,1397,123,15:11:26,2012-08-01
446090,115380,-95.0,1397,123,15:11:25,2012-08-01
446090,115385,-95.0,1397,123,15:11:25,2012-08-01
446085,115395,-95.0,1397,123,15:11:24,2012-08-01
446085,115400,-95.0,1397,123,15:11:24,2012-08-01
446065,115450,-80.0,1397,123,15:11:20,2012-08-01
446070,115450,-80.0,1397,123,15:11:20,2012-08-01
446065,115455,-80.0,1397,123,15:11:20,2012-08-01
446065,115460,-80.0,1397,123,15:11:19,2012-08-01
446060,115465,-80.0,1397,123,15:11:19,2012-08-01
446610,115495,-67.0,1397,123,14:50:44,2012-08-01
446605,115515,-69.666664,1397,123,14:50:44,2012-08-01
446605,115525,-73.0,1397,123,14:50:43,2012-08-01
446600,115535,-74.400002,1397,123,14:50:41,2012-08-01
446600,115550,-77.25,1397,123,14:50:40,2012-08-01
446600,115555,-78.0,1397,123,14:50:39,2012-08-01
446600,115560,-78.0,1397,123,14:50:39,2012-08-01
446600,115565,-76.666664,1397,123,14:50:38,2012-08-01
446600,115575,-76.0,1397,123,14:50:37,2012-08-01
446600,115580,-75.400002,1397,123,14:50:37,2012-08-01
446600,115585,-75.0,1397,123,14:50:37,2012-08-01
446600,115590,-75.0,1397,123,14:50:36,2012-08-01
446605,115625,-78.0,1397,123,14:50:33,2012-08-01
446605,115630,-78.0,1397,123,14:50:33,2012-08-01
446605,115635,-78.0,1397,123,14:50:32,2012-08-01
446605,115640,-78.699997,1397,123,14:50:32,2012-08-01
446605,115645,-79.0,1397,123,14:50:31,2012-08-01
446605,115655,-79.0,1397,123,14:50:31,2012-08-01
446575,115750,-77.0,1397,123,14:50:22,2012-08-01
446570,115760,-77.0,1397,123,14:50:21,2012-08-01
446730,113890,-69.0,1397,123,14:29:53,2012-07-26
446735,113890,-69.0,1397,123,14:29:53,2012-07-26
446725,113895,-67.0,1397,123,14:29:51,2012-07-26
446715,113930,-58.75,1397,123,14:29:47,2012-07-26
446710,113940,-58.0,1397,123,13:10:39,2012-07-26
446710,113950,-57.0,1397,123,13:10:39,2012-07-26
446705,113965,-58.333332,1397,123,13:10:39,2012-07-26
446695,113980,-58.400002,1397,123,14:29:43,2012-07-26
446700,113985,-57.0,1397,123,11:08:08,2012-07-26
446690,113990,-58.0,1397,123,14:29:42,2012-07-26
446695,113990,-57.0,1397,123,11:08:09,2012-07-26
446695,113995,-57.0,1397,123,11:08:10,2012-07-26
446685,114000,-57.200001,1397,123,14:29:41,2012-07-26
446690,114005,-57.0,1397,123,11:08:11,2012-07-26
446680,114010,-57.0,1397,123,14:29:40,2012-07-26
446685,114010,-57.0,1397,123,11:08:12,2012-07-26
446670,114020,-57.0,1397,123,14:29:39,2012-07-26
446675,114020,-57.333332,1397,123,11:08:14,2012-07-26
446665,114025,-57.0,1397,123,14:29:38,2012-07-26
446670,114025,-57.799999,1397,123,11:08:15,2012-07-26
446655,114035,-57.0,1397,123,14:29:37,2012-07-26
446660,114035,-58.0,1397,123,13:05:04,2012-07-26
446665,114035,-57.0,1397,123,11:08:16,2012-07-26
446650,114040,-58.200001,1397,123,14:29:36,2012-07-26
446655,114040,-57.333332,1397,123,11:08:17,2012-07-26
446660,114040,-58.0,1397,123,13:05:04,2012-07-26
446650,114050,-57.666668,1397,123,11:08:18,2012-07-26
446640,114055,-60.333332,1397,123,14:29:34,2012-07-26
446645,114055,-58.0,1397,123,13:05:05,2012-07-26
446645,114060,-57.666668,1397,123,11:08:19,2012-07-26
446640,114070,-58.0,1397,123,13:10:39,2012-07-26
446635,114080,-62.333332,1397,123,14:29:33,2012-07-26
446630,114085,-62.0,1397,123,13:05:08,2012-07-26
446635,114085,-59.333332,1397,123,13:10:39,2012-07-26
446630,114090,-63.857143,1397,123,13:05:09,2012-07-26
446625,114100,-66.63636,1397,123,13:05:10,2012-07-26
446630,114100,-62.0,1397,123,11:08:23,2012-07-26
446625,114115,-61.75,1397,123,11:08:24,2012-07-26
446615,114125,-67.333336,1397,123,14:29:29,2012-07-26
446620,114125,-61.5,1397,123,11:08:25,2012-07-26
446615,114130,-68.0,1397,123,14:29:28,2012-07-26
446610,114140,-69.0,1397,123,13:05:13,2012-07-26
446615,114140,-63.0,1397,123,11:08:27,2012-07-26
446605,114150,-67.0,1397,123,14:29:27,2012-07-26
446605,114155,-68.666664,1397,123,13:05:15,2012-07-26
446600,114160,-65.0,1397,123,14:29:26,2012-07-26
446600,114165,-63.333332,1397,123,11:08:28,2012-07-26
446590,114170,-63.0,1397,123,14:29:24,2012-07-26
446590,114175,-64.0,1397,123,11:08:29,2012-07-26
446585,114180,-62.0,1397,123,14:29:24,2012-07-26
446575,114190,-61.25,1397,123,14:29:23,2012-07-26
446580,114190,-65.0,1397,123,13:05:18,2012-07-26
446585,114190,-64.0,1397,123,11:08:31,2012-07-26
446565,114200,-60.333332,1397,123,14:29:22,2012-07-26
446575,114200,-62.0,1397,123,13:05:19,2012-07-26
446575,114205,-64.0,1397,123,11:08:32,2012-07-26
446555,114210,-60.599998,1397,123,14:29:20,2012-07-26
446565,114210,-61.799999,1397,123,13:05:21,2012-07-26
446565,114215,-64.5,1397,123,11:08:34,2012-07-26
446545,114220,-61.0,1397,123,14:29:20,2012-07-26
446550,114220,-61.400002,1397,123,13:05:21,2012-07-26
446550,114225,-65.599998,1397,123,11:08:35,2012-07-26
446535,114230,-61.0,1397,123,14:29:19,2012-07-26
446540,114230,-63.0,1397,123,13:05:23,2012-07-26
446525,114235,-61.0,1397,123,14:29:17,2012-07-26
446535,114235,-63.666668,1397,123,11:08:36,2012-07-26
446510,114240,-60.333332,1397,123,14:29:16,2012-07-26
446525,114240,-63.0,1397,123,13:05:24,2012-07-26
446525,114245,-63.0,1397,123,11:08:38,2012-07-26
446495,114250,-60.0,1397,123,14:29:15,2012-07-26
446515,114250,-63.0,1397,123,13:05:25,2012-07-26
446475,114255,-59.333332,1397,123,14:29:13,2012-07-26
446500,114255,-63.0,1397,123,13:05:26,2012-07-26
446505,114255,-63.0,1397,123,11:08:39,2012-07-26
446450,114260,-60.0,1397,123,14:29:11,2012-07-26
446455,114260,-59.75,1397,123,14:29:12,2012-07-26
446470,114260,-59.0,1397,123,14:29:13,2012-07-26
446490,114260,-61.0,1397,123,11:08:40,2012-07-26
446495,114260,-62.5,1397,123,11:08:39,2012-07-26
446330,114265,-59.5,1397,123,14:29:02,2012-07-26
446345,114265,-61.333332,1397,123,14:29:03,2012-07-26
446365,114265,-62.333332,1397,123,14:29:05,2012-07-26
446380,114265,-63.0,1397,123,14:29:05,2012-07-26
446385,114265,-62.25,1397,123,14:29:06,2012-07-26
446400,114265,-60.5,1397,123,14:29:08,2012-07-26
446410,114265,-62.0,1397,123,14:29:08,2012-07-26
446420,114265,-61.5,1397,123,14:29:09,2012-07-26
446430,114265,-60.0,1397,123,14:29:10,2012-07-26
446440,114265,-60.0,1397,123,14:29:10,2012-07-26
446465,114265,-57.0,1397,123,11:08:41,2012-07-26
446470,114265,-57.0,1397,123,11:08:41,2012-07-26
446475,114265,-57.0,1397,123,11:08:41,2012-07-26
446480,114265,-59.666668,1397,123,11:08:41,2012-07-26
446485,114265,-63.25,1397,123,13:05:28,2012-07-26
446295,114270,-53.0,1397,123,14:28:59,2012-07-26
446310,114270,-57.5,1397,123,14:29:01,2012-07-26
446320,114270,-59.0,1397,123,14:29:01,2012-07-26
446395,114270,-55.400002,1397,123,11:08:46,2012-07-26
446420,114270,-55.0,1397,123,11:08:45,2012-07-26
446435,114270,-56.5,1397,123,11:08:44,2012-07-26
446450,114270,-57.0,1397,123,11:08:43,2012-07-26
446455,114270,-57.0,1397,123,11:08:42,2012-07-26
446460,114270,-57.0,1397,123,11:08:42,2012-07-26
446465,114270,-57.0,1397,123,11:08:42,2012-07-26
446270,114275,-50.333332,1397,123,14:28:58,2012-07-26
446300,114275,-52.0,1397,123,13:05:41,2012-07-26
446305,114275,-52.0,1397,123,13:05:41,2012-07-26
446310,114275,-52.0,1397,123,13:10:39,2012-07-26
446315,114275,-52.0,1397,123,13:05:40,2012-07-26
446320,114275,-53.5,1397,123,13:10:39,2012-07-26
446335,114275,-58.75,1397,123,11:08:52,2012-07-26
446340,114275,-54.0,1397,123,13:10:39,2012-07-26
446350,114275,-57.0,1397,123,11:08:51,2012-07-26
446355,114275,-54.666668,1397,123,13:05:37,2012-07-26
446365,114275,-56.75,1397,123,11:08:49,2012-07-26
446370,114275,-55.666668,1397,123,13:05:36,2012-07-26
446375,114275,-56.400002,1397,123,11:08:48,2012-07-26
446385,114275,-57.333332,1397,123,13:05:35,2012-07-26
446405,114275,-59.5,1397,123,13:05:33,2012-07-26
446430,114275,-59.333332,1397,123,13:05:32,2012-07-26
446260,114280,-50.0,1397,123,14:28:56,2012-07-26
446280,114280,-56.666668,1397,123,11:08:56,2012-07-26
446285,114280,-53.0,1397,123,13:05:42,2012-07-26
446295,114280,-52.400002,1397,123,13:10:39,2012-07-26
446300,114280,-52.0,1397,123,13:05:41,2012-07-26
446250,114285,-50.0,1397,123,14:28:56,2012-07-26
446265,114285,-53.0,1397,123,13:05:44,2012-07-26
446270,114285,-53.0,1397,123,13:05:44,2012-07-26
446275,114285,-53.0,1397,123,13:05:43,2012-07-26
446240,114290,-49.25,1397,123,14:28:55,2012-07-26
446255,114290,-54.666668,1397,123,11:08:58,2012-07-26
446260,114290,-53.0,1397,123,13:05:45,2012-07-26
446245,114295,-53.0,1397,123,13:05:46,2012-07-26
446230,114300,-49.0,1397,123,14:28:54,2012-07-26
446240,114300,-51.666668,1397,123,11:08:59,2012-07-26
446220,114310,-51.0,1397,123,14:28:52,2012-07-26
446225,114310,-52.666668,1397,123,13:05:47,2012-07-26
446230,114310,-51.0,1397,123,11:09:00,2012-07-26
446225,114315,-51.0,1397,123,11:09:01,2012-07-26
446215,114320,-52.0,1397,123,13:05:49,2012-07-26
446220,114320,-51.333332,1397,123,11:09:02,2012-07-26
446205,114335,-53.0,1397,123,13:10:39,2012-07-26
446200,114345,-55.0,1397,123,14:28:49,2012-07-26
446195,114350,-57.0,1397,123,13:05:52,2012-07-26
446195,114355,-57.333332,1397,123,11:09:05,2012-07-26
446190,114360,-57.0,1397,123,13:05:52,2012-07-26
446195,114360,-58.0,1397,123,14:28:48,2012-07-26
446190,114365,-57.5,1397,123,13:05:53,2012-07-26
446190,114370,-59.333332,1397,123,11:09:06,2012-07-26
446185,114375,-58.0,1397,123,13:05:54,2012-07-26
446185,114385,-58.18182,1397,123,13:10:39,2012-07-26
446180,114400,-60.0,1397,123,13:05:56,2012-07-26
446185,114400,-62.5,1397,123,11:09:09,2012-07-26
446180,114405,-58.0,1397,123,14:28:45,2012-07-26
446180,114410,-62.42857,1397,123,11:09:10,2012-07-26
446180,114415,-58.0,1397,123,14:28:44,2012-07-26
446175,114420,-60.0,1397,123,13:05:57,2012-07-26
446180,114425,-61.799999,1397,123,11:09:11,2012-07-26
446175,114430,-60.0,1397,123,13:05:58,2012-07-26
446175,114440,-60.0,1397,123,13:10:39,2012-07-26
446170,114455,-62.5,1397,123,13:10:39,2012-07-26
446170,114470,-64.800003,1397,123,11:09:15,2012-07-26
446165,114480,-66.25,1397,123,11:09:16,2012-07-26
446155,114500,-73.0,1397,123,13:06:04,2012-07-26
446160,114500,-67.400002,1397,123,11:09:17,2012-07-26
446155,114510,-69.0,1397,123,11:09:18,2012-07-26
446145,114520,-68.599998,1397,123,11:09:19,2012-07-26
446140,114525,-73.0,1397,123,13:06:06,2012-07-26
446140,114530,-68.0,1397,123,11:09:20,2012-07-26
446135,114535,-73.0,1397,123,13:06:07,2012-07-26
446160,114920,-84.0,1397,123,14:58:43,2012-08-01
446160,114925,-84.0,1397,123,14:58:43,2012-08-01
446145,115015,-86.0,1397,123,14:58:50,2012-08-01
446145,115020,-86.0,1397,123,14:58:51,2012-08-01
446145,115025,-88.5,1397,123,14:58:51,2012-08-01
446145,115030,-89.0,1397,123,14:58:51,2012-08-01
446145,115035,-89.0,1397,123,14:58:52,2012-08-01
446145,115040,-89.0,1397,123,14:58:52,2012-08-01
446145,115045,-89.333336,1397,123,14:58:53,2012-08-01
446145,115050,-90.0,1397,123,14:58:53,2012-08-01
446145,115055,-90.0,1397,123,14:58:53,2012-08-01
446145,115060,-90.785713,1397,123,14:58:54,2012-08-01
446145,115065,-91.0,1397,123,14:58:54,2012-08-01
446145,115075,-91.0,1397,123,14:58:55,2012-08-01
446145,115085,-89.888885,1397,123,14:58:56,2012-08-01
446145,115090,-89.0,1397,123,14:58:56,2012-08-01
446145,115095,-88.800003,1397,123,14:58:57,2012-08-01
446145,115105,-88.0,1397,123,14:58:58,2012-08-01
446140,115115,-87.666664,1397,123,14:58:58,2012-08-01
446140,115120,-87.0,1397,123,14:58:59,2012-08-01
446140,115125,-87.0,1397,123,14:58:59,2012-08-01
446130,115135,-82.0,1397,123,15:11:44,2012-08-01
446130,115140,-82.0,1397,123,15:11:44,2012-08-01
446135,115140,-87.0,1397,123,14:59:01,2012-08-01
446125,115145,-82.0,1397,123,15:11:43,2012-08-01
446130,115145,-82.0,1397,123,15:11:44,2012-08-01
446130,115150,-86.666664,1397,123,14:59:01,2012-08-01
446125,115155,-82.0,1397,123,15:11:43,2012-08-01
446120,115160,-86.0,1397,123,15:11:42,2012-08-01
446120,115170,-86.0,1397,123,14:59:03,2012-08-01
446115,115175,-87.0,1397,123,14:59:03,2012-08-01
446110,115185,-86.5,1397,123,14:59:04,2012-08-01
446105,115190,-88.0,1397,123,15:11:40,2012-08-01
446110,115190,-87.0,1397,123,14:59:04,2012-08-01
447290,115190,-80.0,1397,123,14:44:01,2012-08-01
446105,115195,-87.0,1397,123,14:59:05,2012-08-01
446100,115200,-88.0,1397,123,15:11:39,2012-08-01
446105,115200,-87.0,1397,123,14:59:05,2012-08-01
447300,115200,-80.0,1397,123,14:44:02,2012-08-01
446100,115205,-88.0,1397,123,15:11:38,2012-08-01
446100,115210,-88.0,1397,123,15:11:38,2012-08-01
446095,115215,-88.0,1397,123,15:11:38,2012-08-01
446095,115220,-88.0,1397,123,15:11:37,2012-08-01
446095,115225,-88.0,1397,123,15:11:37,2012-08-01
446095,115230,-88.0,1397,123,15:11:37,2012-08-01
446095,115240,-79.0,1397,123,15:11:36,2012-08-01
447345,115240,-92.0,1397,123,14:44:06,2012-08-01
446090,115245,-79.0,1397,123,15:11:36,2012-08-01
447350,115245,-92.0,1397,123,14:44:07,2012-08-01
446090,115250,-79.0,1397,123,15:11:35,2012-08-01
447350,115250,-92.0,1397,123,14:44:07,2012-08-01
446090,115255,-79.0,1397,123,15:11:35,2012-08-01
447355,115255,-92.0,1397,123,14:44:07,2012-08-01
446090,115260,-79.0,1397,123,15:11:34,2012-08-01
447355,115260,-92.0,1397,123,14:44:08,2012-08-01
446090,115265,-79.0,1397,123,15:11:34,2012-08-01
447360,115265,-92.0,1397,123,14:44:09,2012-08-01
446090,115270,-79.0,1397,123,15:11:34,2012-08-01
447365,115270,-92.0,1397,123,14:44:09,2012-08-01
446090,115275,-79.0,1397,123,15:11:33,2012-08-01
446095,115280,-79.0,1397,123,15:11:33,2012-08-01
447375,115285,-92.0,1397,123,14:44:11,2012-08-01
446095,115290,-79.0,1397,123,15:11:32,2012-08-01
447385,115300,-92.75,1397,123,14:44:12,2012-08-01
447390,115305,-95.0,1397,123,14:44:12,2012-08-01
447400,115310,-95.0,1397,123,14:44:13,2012-08-01
446100,115355,-95.0,1397,123,15:11:28,2012-08-01
447450,115355,-92.0,1397,123,14:44:18,2012-08-01
446100,115360,-95.0,1397,123,15:11:27,2012-08-01
446095,115365,-95.0,1397,123,15:11:27,2012-08-01
446095,115370,-95.0,1397,123,15:11:26,2012-08-01
446095,115375,-95.0,1397,123,15:11:26,2012-08-01
446090,115380,-95.0,1397,123,15:11:25,2012-08-01
446090,115385,-95.0,1397,123,15:11:25,2012-08-01
446085,115395,-95.0,1397,123,15:11:24,2012-08-01
446085,115400,-95.0,1397,123,15:11:24,2012-08-01
446065,115450,-80.0,1397,123,15:11:20,2012-08-01
446070,115450,-80.0,1397,123,15:11:20,2012-08-01
446065,115455,-80.0,1397,123,15:11:20,2012-08-01
446065,115460,-80.0,1397,123,15:11:19,2012-08-01
446060,115465,-80.0,1397,123,15:11:19,2012-08-01
446610,115495,-67.0,1397,123,14:50:44,2012-08-01
446605,115515,-69.666664,1397,123,14:50:44,2012-08-01
446605,115525,-73.0,1397,123,14:50:43,2012-08-01
446600,115535,-74.400002,1397,123,14:50:41,2012-08-01
446600,115550,-77.25,1397,123,14:50:40,2012-08-01
446600,115555,-78.0,1397,123,14:50:39,2012-08-01
446600,115560,-78.0,1397,123,14:50:39,2012-08-01
446600,115565,-76.666664,1397,123,14:50:38,2012-08-01
446600,115575,-76.0,1397,123,14:50:37,2012-08-01
446600,115580,-75.400002,1397,123,14:50:37,2012-08-01
446600,115585,-75.0,1397,123,14:50:37,2012-08-01
446600,115590,-75.0,1397,123,14:50:36,2012-08-01
446605,115625,-78.0,1397,123,14:50:33,2012-08-01
446605,115630,-78.0,1397,123,14:50:33,2012-08-01
446605,115635,-78.0,1397,123,14:50:32,2012-08-01
446605,115640,-78.699997,1397,123,14:50:32,2012-08-01
446605,115645,-79.0,1397,123,14:50:31,2012-08-01
446605,115655,-79.0,1397,123,14:50:31,2012-08-01
446575,115750,-77.0,1397,123,14:50:22,2012-08-01
446570,115760,-77.0,1397,123,14:50:21,2012-08-01
