446175,114425,-60.0,149,112,14:28:42,2012-07-26
446170,114450,-60.75,149,112,14:28:41,2012-07-26
446165,114465,-62.0,149,112,14:28:39,2012-07-26
446165,114470,-62.0,149,112,14:28:38,2012-07-26
446160,114475,-62.0,149,112,14:28:37,2012-07-26
446160,114480,-61.625,149,112,14:28:28,2012-07-26
446160,114485,-64.571426,149,112,14:28:22,2012-07-26
446155,114490,-66.0,149,112,14:28:21,2012-07-26
446155,114495,-66.0,149,112,14:28:20,2012-07-26
446150,114505,-67.333336,149,112,14:28:18,2012-07-26
446150,114510,-68.0,149,112,14:28:17,2012-07-26
446145,114515,-68.0,149,112,14:28:17,2012-07-26
446135,114530,-69.0,149,112,14:28:15,2012-07-26
446125,114540,-68.800003,149,112,13:06:09,2012-07-26
446130,114540,-64.0,149,112,11:09:22,2012-07-26
446120,114545,-69.0,149,112,14:28:13,2012-07-26
446115,114550,-64.0,149,112,11:09:23,2012-07-26
446105,114555,-66.0,149,112,14:28:12,2012-07-26
446110,114555,-67.199997,149,112,14:28:12,2012-07-26
446115,114555,-68.0,149,112,13:06:09,2012-07-26
446095,114560,-66.0,149,112,14:28:12,2012-07-26
446100,114560,-66.0,149,112,14:28:12,2012-07-26
446090,114565,-66.0,149,112,14:28:11,2012-07-26
446095,114565,-64.0,149,112,11:09:24,2012-07-26
446100,114565,-68.0,149,112,13:06:11,2012-07-26
446080,114570,-66.0,149,112,14:28:10,2012-07-26
446085,114570,-64.0,149,112,11:09:25,2012-07-26
446090,114570,-68.0,149,112,13:06:12,2012-07-26
446070,114575,-66.0,149,112,14:28:09,2012-07-26
446080,114575,-68.0,149,112,13:06:13,2012-07-26
446065,114580,-66.0,149,112,14:28:08,2012-07-26
446070,114580,-64.0,149,112,11:09:26,2012-07-26
446075,114580,-64.0,149,112,11:09:26,2012-07-26
446055,114585,-66.0,149,112,14:28:08,2012-07-26
446060,114585,-64.25,149,112,11:09:27,2012-07-26
446070,114585,-66.333336,149,112,13:06:14,2012-07-26
446045,114590,-66.0,149,112,14:28:07,2012-07-26
446050,114590,-66.0,149,112,14:28:07,2012-07-26
446055,114590,-63.400002,149,112,13:10:39,2012-07-26
446035,114595,-66.0,149,112,14:28:06,2012-07-26
446045,114595,-65.0,149,112,11:09:29,2012-07-26
446030,114600,-66.0,149,112,14:28:05,2012-07-26
446040,114600,-64.199997,149,112,13:06:16,2012-07-26
446030,114605,-65.0,149,112,11:09:30,2012-07-26
446025,114610,-65.0,149,112,13:06:18,2012-07-26
446015,114615,-64.666664,149,112,11:09:32,2012-07-26
446000,114620,-64.5,149,112,11:09:33,2012-07-26
446010,114620,-65.666664,149,112,13:06:20,2012-07-26
445995,114625,-66.0,149,112,11:09:34,2012-07-26
445985,114630,-66.0,149,112,11:09:34,2012-07-26
445995,114630,-67.333336,149,112,13:06:21,2012-07-26
445965,114640,-65.0,149,112,11:09:36,2012-07-26
445975,114640,-67.0,149,112,13:06:23,2012-07-26
445960,114645,-64.5,149,112,13:06:24,2012-07-26
445955,114650,-62.333332,149,112,11:09:37,2012-07-26
445940,114655,-61.333332,149,112,11:09:39,2012-07-26
445945,114655,-63.400002,149,112,13:06:25,2012-07-26
445920,114665,-61.333332,149,112,11:09:40,2012-07-26
445925,114665,-64.5,149,112,13:06:27,2012-07-26
445905,114670,-61.5,149,112,11:09:41,2012-07-26
445910,114670,-60.0,149,112,11:09:41,2012-07-26
445915,114670,-60.0,149,112,11:09:41,2012-07-26
445890,114675,-63.400002,149,112,11:09:43,2012-07-26
445895,114675,-63.0,149,112,11:09:42,2012-07-26
445855,114680,-66.333336,149,112,11:09:46,2012-07-26
445865,114680,-66.0,149,112,13:10:39,2012-07-26
445870,114680,-64.5,149,112,13:10:39,2012-07-26
445880,114680,-64.0,149,112,13:06:30,2012-07-26
445835,114685,-64.5,149,112,13:06:34,2012-07-26
445840,114685,-65.666664,149,112,11:09:47,2012-07-26
445845,114685,-65.0,149,112,13:06:33,2012-07-26
445855,114685,-65.666664,149,112,13:06:33,2012-07-26
445805,114690,-66.0,149,112,11:09:50,2012-07-26
445815,114690,-63.333332,149,112,13:06:35,2012-07-26
445820,114690,-66.333336,149,112,11:09:48,2012-07-26
445825,114690,-63.0,149,112,13:06:35,2012-07-26
445800,114695,-64.5,149,112,13:10:39,2012-07-26
445770,114700,-68.400002,149,112,11:09:53,2012-07-26
445775,114700,-66.0,149,112,13:06:39,2012-07-26
445780,114700,-66.0,149,112,13:06:38,2012-07-26
445785,114700,-68.0,149,112,11:09:52,2012-07-26
445790,114700,-66.0,149,112,13:06:37,2012-07-26
445760,114705,-68.5,149,112,11:09:54,2012-07-26
445765,114705,-66.0,149,112,13:06:40,2012-07-26
445730,114710,-64.333336,149,112,11:09:57,2012-07-26
445740,114710,-66.0,149,112,13:10:39,2012-07-26
445745,114710,-66.0,149,112,13:06:41,2012-07-26
445750,114710,-66.0,149,112,13:06:40,2012-07-26
445755,114710,-66.0,149,112,13:06:40,2012-07-26
445705,114715,-61.0,149,112,11:09:59,2012-07-26
445715,114715,-61.0,149,112,11:09:58,2012-07-26
445725,114715,-66.0,149,112,13:06:42,2012-07-26
445660,114720,-63.25,149,112,11:10:02,2012-07-26
445670,114720,-61.5,149,112,11:10:01,2012-07-26
445685,114720,-61.0,149,112,11:10:00,2012-07-26
445520,114725,-63.0,149,112,10:30:16,2012-07-30
445620,114725,-67.0,149,112,13:06:50,2012-07-26
445630,114725,-66.333336,149,112,11:10:05,2012-07-26
445635,114725,-67.0,149,112,13:06:49,2012-07-26
445640,114725,-64.666664,149,112,11:10:04,2012-07-26
445650,114725,-67.0,149,112,13:06:48,2012-07-26
445580,114730,-67.0,149,112,13:10:39,2012-07-26
445585,114730,-66.25,149,112,13:06:54,2012-07-26
445600,114730,-65.25,149,112,13:10:39,2012-07-26
445605,114730,-65.0,149,112,13:06:52,2012-07-26
445615,114730,-66.333336,149,112,13:06:51,2012-07-26
445555,114735,-67.0,149,112,13:10:39,2012-07-26
445565,114735,-67.0,149,112,13:06:56,2012-07-26
445570,114735,-67.0,149,112,13:10:39,2012-07-26
445575,114735,-67.0,149,112,13:06:55,2012-07-26
445505,114740,-66.0,149,112,10:30:58,2012-07-30
445525,114740,-68.75,149,112,11:10:12,2012-07-26
445540,114740,-67.0,149,112,13:10:39,2012-07-26
445545,114740,-68.0,149,112,13:10:39,2012-07-26
445505,114745,-66.0,149,112,10:31:01,2012-07-30
445520,114745,-68.0,149,112,11:10:13,2012-07-26
445525,114745,-68.0,149,112,13:06:59,2012-07-26
445495,114750,-66.0,149,112,10:31:03,2012-07-30
445500,114750,-66.0,149,112,10:31:02,2012-07-30
445505,114750,-68.0,149,112,11:10:14,2012-07-26
445510,114750,-67.75,149,112,13:07:01,2012-07-26
445485,114755,-67.0,149,112,10:31:05,2012-07-30
445490,114755,-68.0,149,112,11:10:15,2012-07-26
445495,114755,-66.25,149,112,10:31:04,2012-07-30
445500,114755,-67.166664,149,112,13:07:01,2012-07-26
445470,114760,-66.599998,149,112,10:31:06,2012-07-30
445475,114760,-67.0,149,112,10:31:06,2012-07-30
445480,114760,-68.0,149,112,11:10:16,2012-07-26
445480,114760,-67.0,149,112,10:31:05,2012-07-30
445485,114760,-68.0,149,112,13:07:03,2012-07-26
445100,114765,-57.666668,149,112,11:10:38,2012-07-26
445130,114765,-55.666668,149,112,11:10:36,2012-07-26
445455,114765,-64.0,149,112,10:31:08,2012-07-30
445460,114765,-65.599998,149,112,10:31:08,2012-07-30
445465,114765,-67.666664,149,112,11:10:17,2012-07-26
445055,114770,-60.0,149,112,11:10:39,2012-07-26
445150,114770,-53.0,149,112,11:10:35,2012-07-26
445445,114770,-63.75,149,112,10:31:09,2012-07-30
445450,114770,-67.0,149,112,11:10:18,2012-07-26
445450,114770,-64.0,149,112,10:31:08,2012-07-30
445165,114775,-51.0,149,112,10:31:27,2012-07-30
445170,114775,-50.333332,149,112,11:10:34,2012-07-26
445180,114780,-51.5,149,112,10:31:26,2012-07-30
445195,114780,-50.0,149,112,11:10:32,2012-07-26
445420,114780,-62.0,149,112,10:31:11,2012-07-30
445425,114780,-66.666664,149,112,11:10:19,2012-07-26
445425,114780,-62.75,149,112,10:31:11,2012-07-30
445200,114785,-52.0,149,112,10:31:25,2012-07-30
445205,114785,-50.0,149,112,11:10:32,2012-07-26
445220,114785,-50.666668,149,112,11:10:31,2012-07-26
445385,114785,-61.0,149,112,11:10:22,2012-07-26
445390,114785,-60.0,149,112,10:31:14,2012-07-30
445400,114785,-60.0,149,112,10:31:13,2012-07-30
445410,114785,-61.5,149,112,10:31:12,2012-07-30
445215,114790,-52.0,149,112,10:31:25,2012-07-30
445230,114790,-52.0,149,112,10:31:23,2012-07-30
445305,114790,-53.0,149,112,11:10:27,2012-07-26
445315,114790,-53.0,149,112,10:31:18,2012-07-30
445320,114790,-56.0,149,112,10:31:18,2012-07-30
445330,114790,-57.0,149,112,10:31:17,2012-07-30
445335,114790,-56.0,149,112,11:10:25,2012-07-26
445340,114790,-57.0,149,112,10:31:17,2012-07-30
445345,114790,-58.333332,149,112,10:31:16,2012-07-30
445355,114790,-57.666668,149,112,11:10:24,2012-07-26
445365,114790,-59.0,149,112,10:31:15,2012-07-30
445370,114790,-59.666668,149,112,10:31:15,2012-07-30
446200,114790,-69.714287,149,112,15:12:18,2012-08-01
445255,114795,-51.0,149,112,11:10:29,2012-07-26
445265,114795,-52.75,149,112,10:31:22,2012-07-30
445275,114795,-54.0,149,112,10:31:21,2012-07-30
445280,114795,-51.0,149,112,11:10:28,2012-07-26
445280,114795,-53.0,149,112,10:31:21,2012-07-30
445295,114795,-53.25,149,112,10:31:19,2012-07-30
445310,114795,-53.0,149,112,10:31:18,2012-07-30
446200,114795,-68.199997,149,112,15:12:17,2012-08-01
446200,114800,-66.199997,149,112,15:12:16,2012-08-01
446195,114805,-66.599998,149,112,15:12:14,2012-08-01
446195,114815,-67.0,149,112,15:12:13,2012-08-01
446195,114820,-71.0,149,112,15:12:11,2012-08-01
446190,114830,-74.333336,149,112,15:12:10,2012-08-01
446185,114840,-77.0,149,112,15:12:09,2012-08-01
446180,114855,-79.333336,149,112,15:12:07,2012-08-01
446175,114870,-80.0,149,112,15:12:06,2012-08-01
446170,114880,-80.0,149,112,15:12:05,2012-08-01
446170,114890,-78.5,149,112,15:12:04,2012-08-01
446165,114895,-78.0,149,112,15:12:04,2012-08-01
446165,114900,-78.0,149,112,15:12:03,2012-08-01
446155,114920,-77.333336,149,112,15:12:01,2012-08-01
446155,114925,-77.0,149,112,15:12:01,2012-08-01
446150,114930,-77.0,149,112,15:12:00,2012-08-01
446150,114935,-76.25,149,112,15:12:00,2012-08-01
446150,114940,-76.0,149,112,15:11:59,2012-08-01
446145,114945,-76.0,149,112,15:11:59,2012-08-01
446145,114950,-76.0,149,112,15:11:59,2012-08-01
446145,114965,-76.0,149,112,15:11:57,2012-08-01
446145,114970,-76.0,149,112,15:11:57,2012-08-01
446145,114980,-76.0,149,112,15:11:56,2012-08-01
446145,114985,-76.800003,149,112,15:11:56,2012-08-01
446145,114990,-77.0,149,112,15:11:55,2012-08-01
446140,115000,-77.0,149,112,15:11:55,2012-08-01
446140,115005,-77.75,149,112,15:11:54,2012-08-01
446140,115010,-78.0,149,112,15:11:54,2012-08-01
446140,115015,-78.0,149,112,15:11:54,2012-08-01
446140,115020,-78.0,149,112,15:11:53,2012-08-01
446140,115025,-78.0,149,112,15:11:53,2012-08-01
446140,115030,-78.0,149,112,15:11:52,2012-08-01
446140,115035,-77.230766,149,112,15:11:52,2012-08-01
446140,115040,-76.0,149,112,15:11:51,2012-08-01
446140,115045,-75.625,149,112,15:11:51,2012-08-01
446140,115050,-75.0,149,112,15:11:51,2012-08-01
446140,115055,-75.0,149,112,15:11:50,2012-08-01
446140,115060,-73.714287,149,112,15:11:50,2012-08-01
446140,115065,-72.0,149,112,15:11:50,2012-08-01
446140,115070,-72.0,149,112,15:11:49,2012-08-01
446140,115075,-72.0,149,112,15:11:49,2012-08-01
446140,115080,-72.0,149,112,15:11:48,2012-08-01
446140,115085,-72.0,149,112,15:11:48,2012-08-01
446140,115090,-72.0,149,112,15:11:48,2012-08-01
446140,115110,-72.0,149,112,15:11:46,2012-08-01
446135,115130,-72.0,149,112,15:11:45,2012-08-01
446105,115205,-77.0,149,112,14:59:05,2012-08-01
446100,115225,-77.0,149,112,14:59:07,2012-08-01
446095,115235,-77.0,149,112,14:59:08,2012-08-01
446095,115245,-77.0,149,112,14:59:09,2012-08-01
446095,115260,-77.0,149,112,14:59:10,2012-08-01
446095,115275,-77.0,149,112,14:59:11,2012-08-01
446095,115285,-77.0,149,112,14:59:12,2012-08-01
446100,115300,-77.0,149,112,14:59:13,2012-08-01
446100,115310,-78.714287,149,112,14:59:14,2012-08-01
446105,115330,-79.666664,149,112,14:59:15,2012-08-01
446105,115340,-79.0,149,112,14:59:16,2012-08-01
446105,115355,-79.0,149,112,14:59:17,2012-08-01
446100,115365,-78.599998,149,112,14:59:18,2012-08-01
446095,115380,-78.0,149,112,14:59:20,2012-08-01
446090,115390,-78.0,149,112,14:59:20,2012-08-01
446090,115400,-79.0,149,112,14:59:21,2012-08-01
446080,115420,-79.0,149,112,14:59:22,2012-08-01
446075,115430,-79.0,149,112,14:59:24,2012-08-01
446075,115445,-79.333336,149,112,14:59:25,2012-08-01
446645,115455,-61.0,149,112,14:46:32,2012-08-01
446650,115455,-61.0,149,112,14:46:32,2012-08-01
446655,115460,-59.400002,149,112,14:46:31,2012-08-01
446065,115465,-80.400002,149,112,14:59:27,2012-08-01
446655,115465,-59.0,149,112,14:46:31,2012-08-01
446660,115465,-59.0,149,112,14:46:30,2012-08-01
446665,115465,-68.333336,149,112,14:46:30,2012-08-01
446675,115475,-73.0,149,112,14:46:28,2012-08-01
446060,115480,-81.0,149,112,14:59:28,2012-08-01
446685,115480,-73.0,149,112,14:46:28,2012-08-01
446690,115485,-73.0,149,112,14:46:27,2012-08-01
446695,115490,-73.0,149,112,14:46:26,2012-08-01
446705,115495,-73.0,149,112,14:46:26,2012-08-01
446710,115500,-73.0,149,112,14:46:25,2012-08-01
446055,115505,-80.333336,149,112,14:59:29,2012-08-01
446715,115505,-73.0,149,112,14:46:24,2012-08-01
446720,115510,-73.0,149,112,14:46:24,2012-08-01
446725,115510,-73.0,149,112,14:46:23,2012-08-01
446730,115515,-73.0,149,112,14:46:23,2012-08-01
446050,115520,-79.333336,149,112,14:59:31,2012-08-01
446045,115530,-80.0,149,112,14:59:32,2012-08-01
446045,115535,-80.0,149,112,14:59:32,2012-08-01
446040,115540,-80.0,149,112,14:59:33,2012-08-01
446040,115545,-80.0,149,112,14:59:33,2012-08-01
446040,115550,-80.0,149,112,14:59:34,2012-08-01
446035,115555,-80.0,149,112,14:59:34,2012-08-01
446035,115560,-80.0,149,112,14:59:35,2012-08-01
446030,115570,-80.333336,149,112,14:59:35,2012-08-01
446030,115575,-81.0,149,112,14:59:36,2012-08-01
446025,115585,-81.333336,149,112,14:59:36,2012-08-01
446600,115595,-71.0,149,112,14:46:50,2012-08-01
446020,115600,-81.75,149,112,14:59:38,2012-08-01
446600,115600,-71.0,149,112,14:46:50,2012-08-01
446600,115605,-71.0,149,112,14:46:50,2012-08-01
446600,115610,-71.0,149,112,14:46:50,2012-08-01
446600,115615,-72.0,149,112,14:46:51,2012-08-01
446015,115620,-81.0,149,112,14:59:39,2012-08-01
446600,115620,-72.0,149,112,14:46:51,2012-08-01
446600,115625,-72.0,149,112,14:46:51,2012-08-01
446010,115630,-81.0,149,112,14:59:40,2012-08-01
446600,115630,-72.666664,149,112,14:46:52,2012-08-01
446010,115635,-81.0,149,112,14:59:41,2012-08-01
446600,115635,-73.0,149,112,14:46:52,2012-08-01
446010,115640,-81.0,149,112,14:59:41,2012-08-01
446600,115640,-73.5,149,112,14:46:52,2012-08-01
446010,115645,-81.0,149,112,14:59:41,2012-08-01
446600,115645,-74.0,149,112,14:46:53,2012-08-01
446005,115650,-80.714287,149,112,14:59:42,2012-08-01
446600,115650,-74.0,149,112,14:46:53,2012-08-01
446605,115650,-74.0,149,112,14:46:53,2012-08-01
446005,115660,-79.0,149,112,14:59:42,2012-08-01
446605,115660,-75.0,149,112,14:46:54,2012-08-01
446605,115665,-75.0,149,112,14:46:55,2012-08-01
446005,115670,-79.0,149,112,14:59:43,2012-08-01
446605,115670,-75.0,149,112,14:46:55,2012-08-01
446000,115675,-79.0,149,112,14:59:44,2012-08-01
446605,115675,-78.0,149,112,14:46:55,2012-08-01
446605,115680,-78.0,149,112,14:46:56,2012-08-01
446605,115685,-77.75,149,112,14:46:57,2012-08-01
446605,115690,-77.0,149,112,14:46:57,2012-08-01
446000,115695,-79.0,149,112,14:59:45,2012-08-01
446605,115695,-77.0,149,112,14:46:57,2012-08-01
446605,115700,-77.0,149,112,14:46:58,2012-08-01
446605,115705,-77.0,149,112,14:46:58,2012-08-01
445995,115715,-79.666664,149,112,14:59:46,2012-08-01
446605,115720,-77.0,149,112,14:47:00,2012-08-01
445995,115725,-81.0,149,112,14:59:47,2012-08-01
446605,115725,-77.0,149,112,14:47:00,2012-08-01
446605,115730,-77.0,149,112,14:47:00,2012-08-01
445990,115735,-80.75,149,112,14:59:48,2012-08-01
446605,115735,-77.0,149,112,14:47:01,2012-08-01
446605,115740,-76.666664,149,112,14:47:01,2012-08-01
446610,115745,-76.0,149,112,14:47:02,2012-08-01
445985,115750,-80.5,149,112,14:59:49,2012-08-01
446610,115755,-75.800003,149,112,14:47:04,2012-08-01
445985,115760,-82.0,149,112,14:59:50,2012-08-01
446610,115765,-76.0,149,112,14:47:05,2012-08-01
445980,115770,-82.25,149,112,14:59:51,2012-08-01
445975,115780,-83.0,149,112,14:59:51,2012-08-01
445970,115785,-83.25,149,112,14:59:52,2012-08-01
445970,115790,-84.0,149,112,14:59:53,2012-08-01
446605,115790,-77.666664,149,112,14:47:07,2012-08-01
445965,115795,-84.0,149,112,14:59:53,2012-08-01
445965,115800,-83.333336,149,112,14:59:53,2012-08-01
446605,115800,-77.5,149,112,14:47:08,2012-08-01
446605,115805,-77.666664,149,112,14:47:09,2012-08-01
445960,115810,-82.0,149,112,14:59:54,2012-08-01
446605,115815,-76.090912,149,112,14:47:10,2012-08-01
445955,115820,-82.25,149,112,14:59:55,2012-08-01
445950,115830,-83.0,149,112,14:59:56,2012-08-01
446605,115830,-77.0,149,112,14:47:12,2012-08-01
445945,115835,-83.0,149,112,14:59:56,2012-08-01
445935,115840,-83.0,149,112,14:59:57,2012-08-01
446610,115840,-75.285713,149,112,14:47:12,2012-08-01
445930,115850,-82.666664,149,112,14:59:58,2012-08-01
446610,115850,-74.25,149,112,14:47:14,2012-08-01
446605,115860,-74.666664,149,112,14:47:15,2012-08-01
445920,115865,-82.0,149,112,14:59:59,2012-08-01
445920,115870,-82.0,149,112,15:00:00,2012-08-01
446605,115870,-74.166664,149,112,14:47:16,2012-08-01
446605,115880,-75.0,149,112,14:47:17,2012-08-01
446605,115890,-74.75,149,112,14:47:18,2012-08-01
446600,115895,-74.199997,149,112,14:47:19,2012-08-01
446600,115905,-75.0,149,112,14:47:20,2012-08-01
445895,115915,-80.0,149,112,15:10:46,2012-08-01
446600,115915,-74.599998,149,112,14:47:21,2012-08-01
445895,115920,-80.0,149,112,15:10:46,2012-08-01
446600,115925,-73.599998,149,112,14:47:22,2012-08-01
445895,115935,-78.666664,149,112,15:10:45,2012-08-01
446605,115935,-73.0,149,112,14:47:23,2012-08-01
446605,115940,-73.0,149,112,14:47:24,2012-08-01
445895,115945,-78.0,149,112,15:10:44,2012-08-01
445900,115955,-78.75,149,112,15:10:43,2012-08-01
446610,115955,-72.5,149,112,14:47:26,2012-08-01
446610,115965,-71.666664,149,112,14:47:28,2012-08-01
445910,115970,-79.0,149,112,15:10:42,2012-08-01
445915,115985,-79.0,149,112,15:10:40,2012-08-01
446610,115985,-70.599998,149,112,14:47:29,2012-08-01
445915,115990,-79.0,149,112,15:10:40,2012-08-01
446430,115990,-68.0,149,112,14:50:02,2012-08-01
446610,115995,-70.0,149,112,14:47:31,2012-08-01
445915,116000,-79.0,149,112,15:10:40,2012-08-01
446425,116000,-68.0,149,112,14:50:02,2012-08-01
446425,116005,-68.0,149,112,14:50:01,2012-08-01
445915,116010,-79.0,149,112,15:10:39,2012-08-01
446425,116010,-69.5,149,112,14:50:01,2012-08-01
446610,116010,-69.5,149,112,14:47:32,2012-08-01
445915,116015,-79.0,149,112,15:10:39,2012-08-01
446420,116015,-70.0,149,112,14:50:00,2012-08-01
446425,116015,-70.0,149,112,14:50:00,2012-08-01
446420,116020,-70.0,149,112,14:50:00,2012-08-01
446610,116020,-68.5,149,112,14:47:33,2012-08-01
445910,116025,-79.0,149,112,15:10:37,2012-08-01
446420,116025,-70.75,149,112,14:50:00,2012-08-01
445905,116040,-87.0,149,112,15:00:16,2012-08-01
445910,116040,-87.0,149,112,15:00:16,2012-08-01
446615,116040,-66.666664,149,112,14:47:35,2012-08-01
445900,116045,-87.0,149,112,15:00:17,2012-08-01
445905,116045,-87.0,149,112,15:00:17,2012-08-01
446405,116045,-74.0,149,112,14:49:58,2012-08-01
446615,116045,-66.0,149,112,14:47:35,2012-08-01
445890,116050,-87.0,149,112,15:00:19,2012-08-01
445895,116050,-87.0,149,112,15:00:18,2012-08-01
446395,116050,-75.0,149,112,14:49:57,2012-08-01
446400,116050,-75.0,149,112,14:49:58,2012-08-01
446620,116050,-66.0,149,112,14:47:36,2012-08-01
445890,116055,-87.0,149,112,15:00:19,2012-08-01
446395,116055,-76.199997,149,112,14:49:57,2012-08-01
446385,116060,-77.0,149,112,14:49:56,2012-08-01
446390,116060,-77.0,149,112,14:49:56,2012-08-01
446385,116065,-77.0,149,112,14:49:56,2012-08-01
446620,116065,-66.0,149,112,14:47:38,2012-08-01
446375,116070,-78.0,149,112,14:49:55,2012-08-01
446380,116070,-77.833336,149,112,14:49:55,2012-08-01
446370,116075,-78.0,149,112,14:49:54,2012-08-01
446375,116075,-78.0,149,112,14:49:54,2012-08-01
446625,116075,-66.75,149,112,14:47:39,2012-08-01
445860,116080,-87.0,149,112,15:00:25,2012-08-01
446370,116080,-78.0,149,112,14:49:54,2012-08-01
446630,116080,-69.0,149,112,14:47:39,2012-08-01
445855,116085,-87.0,149,112,15:00:24,2012-08-01
446365,116085,-78.0,149,112,14:49:53,2012-08-01
446630,116085,-69.0,149,112,14:47:39,2012-08-01
445855,116090,-87.0,149,112,15:00:24,2012-08-01
446360,116090,-79.0,149,112,14:49:53,2012-08-01
446365,116090,-78.75,149,112,14:49:53,2012-08-01
446630,116090,-69.0,149,112,14:47:40,2012-08-01
446635,116090,-69.5,149,112,14:47:40,2012-08-01
445850,116095,-86.0,149,112,15:00:25,2012-08-01
446360,116095,-79.0,149,112,14:49:52,2012-08-01
446355,116100,-81.0,149,112,14:49:52,2012-08-01
446360,116100,-80.199997,149,112,14:49:52,2012-08-01
446640,116100,-71.333336,149,112,14:47:42,2012-08-01
446355,116105,-81.0,149,112,14:49:52,2012-08-01
446640,116105,-72.0,149,112,14:47:43,2012-08-01
446645,116105,-72.0,149,112,14:47:43,2012-08-01
446355,116110,-83.181816,149,112,14:49:51,2012-08-01
446645,116110,-72.0,149,112,14:47:43,2012-08-01
446650,116110,-72.0,149,112,14:47:44,2012-08-01
446350,116115,-84.0,149,112,14:49:51,2012-08-01
446355,116115,-84.0,149,112,14:49:51,2012-08-01
446650,116115,-72.0,149,112,14:47:45,2012-08-01
445830,116120,-86.0,149,112,15:00:27,2012-08-01
446350,116120,-84.0,149,112,14:49:50,2012-08-01
446655,116120,-72.0,149,112,14:47:46,2012-08-01
446660,116125,-72.0,149,112,14:47:47,2012-08-01
446660,116130,-72.0,149,112,14:47:48,2012-08-01
445825,116135,-86.0,149,112,15:00:28,2012-08-01
446665,116135,-75.333336,149,112,14:47:49,2012-08-01
446670,116140,-82.0,149,112,14:47:49,2012-08-01
445815,116145,-85.428574,149,112,15:00:30,2012-08-01
446670,116145,-82.5,149,112,14:47:50,2012-08-01
446670,116150,-84.0,149,112,14:47:51,2012-08-01
445805,116155,-85.25,149,112,15:00:31,2012-08-01
446675,116160,-84.5,149,112,14:47:52,2012-08-01
446675,116165,-85.25,149,112,14:47:53,2012-08-01
446675,116175,-86.333336,149,112,14:47:55,2012-08-01
445785,116180,-86.0,149,112,15:00:32,2012-08-01
446675,116185,-87.0,149,112,14:47:56,2012-08-01
445775,116195,-87.333336,149,112,15:00:34,2012-08-01
446675,116195,-87.0,149,112,14:47:57,2012-08-01
446680,116205,-87.0,149,112,14:47:58,2012-08-01
445760,116215,-88.333336,149,112,15:00:35,2012-08-01
446310,116220,-75.0,149,112,14:49:43,2012-08-01
446305,116230,-75.0,149,112,14:49:42,2012-08-01
445730,116255,-90.25,149,112,15:00:38,2012-08-01
446685,116305,-79.0,149,112,14:48:16,2012-08-01
445695,116310,-90.599998,149,112,15:00:42,2012-08-01
446265,116310,-57.75,149,112,14:49:33,2012-08-01
446680,116315,-79.0,149,112,14:48:17,2012-08-01
446675,116320,-79.0,149,112,14:48:19,2012-08-01
445690,116325,-90.333336,149,112,15:00:44,2012-08-01
446265,116325,-59.0,149,112,14:49:32,2012-08-01
446675,116325,-79.0,149,112,14:48:20,2012-08-01
446265,116330,-59.0,149,112,14:49:31,2012-08-01
446265,116335,-59.0,149,112,14:49:31,2012-08-01
446670,116335,-83.5,149,112,14:48:21,2012-08-01
445680,116340,-90.25,149,112,15:00:45,2012-08-01
446265,116340,-60.333332,149,112,14:49:31,2012-08-01
446670,116340,-88.333336,149,112,14:48:23,2012-08-01
446265,116350,-61.0,149,112,14:49:30,2012-08-01
446270,116350,-61.0,149,112,14:49:30,2012-08-01
446665,116350,-88.666664,149,112,14:48:24,2012-08-01
446270,116355,-61.0,149,112,14:49:29,2012-08-01
446660,116355,-87.666664,149,112,14:48:26,2012-08-01
445665,116360,-90.0,149,112,15:00:46,2012-08-01
446270,116360,-61.0,149,112,14:49:29,2012-08-01
446655,116365,-86.666664,149,112,14:48:27,2012-08-01
446270,116370,-61.0,149,112,14:49:28,2012-08-01
445640,116375,-92.0,149,112,15:00:48,2012-08-01
446270,116375,-62.599998,149,112,14:49:28,2012-08-01
446650,116375,-85.0,149,112,14:48:29,2012-08-01
445630,116380,-92.25,149,112,15:00:49,2012-08-01
446650,116380,-81.666664,149,112,14:48:30,2012-08-01
445615,116385,-93.0,149,112,15:00:51,2012-08-01
446275,116385,-64.333336,149,112,14:49:26,2012-08-01
446645,116385,-79.0,149,112,14:48:31,2012-08-01
445605,116390,-93.0,149,112,15:00:51,2012-08-01
446645,116390,-78.666664,149,112,14:48:33,2012-08-01
445590,116395,-94.333336,149,112,15:00:52,2012-08-01
446640,116395,-78.0,149,112,14:48:34,2012-08-01
445560,116400,-97.0,149,112,15:00:55,2012-08-01
445570,116400,-97.0,149,112,15:00:54,2012-08-01
446275,116400,-66.0,149,112,14:49:25,2012-08-01
446635,116400,-78.25,149,112,14:48:36,2012-08-01
446640,116400,-78.0,149,112,14:48:35,2012-08-01
445540,116405,-96.666664,149,112,15:00:56,2012-08-01
446275,116405,-67.0,149,112,14:49:24,2012-08-01
445525,116410,-96.666664,149,112,15:00:58,2012-08-01
446275,116410,-67.0,149,112,14:49:24,2012-08-01
446630,116410,-80.599998,149,112,14:48:37,2012-08-01
446280,116415,-69.0,149,112,14:49:24,2012-08-01
446575,116415,-67.0,149,112,14:48:46,2012-08-01
446580,116415,-69.25,149,112,14:48:45,2012-08-01
446585,116415,-70.0,149,112,14:48:45,2012-08-01
446590,116415,-73.75,149,112,14:48:44,2012-08-01
446615,116415,-83.833336,149,112,14:48:40,2012-08-01
446620,116415,-84.0,149,112,14:48:39,2012-08-01
446625,116415,-83.333336,149,112,14:48:38,2012-08-01
445510,116420,-97.666664,149,112,15:00:59,2012-08-01
446525,116420,-73.0,149,112,14:48:52,2012-08-01
446530,116420,-73.0,149,112,14:48:52,2012-08-01
446590,116420,-75.0,149,112,14:48:43,2012-08-01
446595,116420,-78.199997,149,112,14:48:43,2012-08-01
446600,116420,-79.0,149,112,14:48:42,2012-08-01
446605,116420,-82.0,149,112,14:48:41,2012-08-01
446610,116420,-83.0,149,112,14:48:40,2012-08-01
446615,116420,-83.0,149,112,14:48:40,2012-08-01
445485,116425,-96.0,149,112,15:01:01,2012-08-01
445495,116425,-96.666664,149,112,15:01:01,2012-08-01
446285,116425,-72.666664,149,112,14:49:22,2012-08-01
446510,116425,-73.0,149,112,14:48:54,2012-08-01
446515,116425,-73.0,149,112,14:48:53,2012-08-01
446520,116425,-73.0,149,112,14:48:53,2012-08-01
445475,116430,-96.25,149,112,15:01:02,2012-08-01
446295,116435,-74.0,149,112,14:49:21,2012-08-01
445455,116440,-97.333336,149,112,15:01:03,2012-08-01
446465,116440,-87.0,149,112,14:48:59,2012-08-01
446470,116440,-87.0,149,112,14:48:58,2012-08-01
445440,116445,-97.5,149,112,15:01:05,2012-08-01
446300,116445,-76.0,149,112,14:49:19,2012-08-01
446455,116445,-87.0,149,112,14:49:00,2012-08-01
446460,116445,-87.0,149,112,14:48:59,2012-08-01
445425,116450,-96.0,149,112,15:01:06,2012-08-01
445435,116450,-96.0,149,112,15:01:05,2012-08-01
446305,116450,-79.0,149,112,14:49:18,2012-08-01
446365,116450,-82.0,149,112,14:49:10,2012-08-01
446370,116450,-82.846153,149,112,14:49:10,2012-08-01
446375,116450,-83.0,149,112,14:49:09,2012-08-01
446380,116450,-84.666664,149,112,14:49:09,2012-08-01
446385,116450,-85.1875,149,112,14:49:08,2012-08-01
446390,116450,-86.0,149,112,14:49:07,2012-08-01
446395,116450,-86.0,149,112,14:49:07,2012-08-01
446440,116450,-87.0,149,112,14:49:01,2012-08-01
446445,116450,-87.0,149,112,14:49:01,2012-08-01
445415,116455,-96.0,149,112,15:01:07,2012-08-01
446310,116455,-80.0,149,112,14:49:17,2012-08-01
446335,116455,-81.0,149,112,14:49:14,2012-08-01
446340,116455,-81.0,149,112,14:49:13,2012-08-01
446345,116455,-81.0,149,112,14:49:12,2012-08-01
446350,116455,-79.199997,149,112,14:49:12,2012-08-01
446355,116455,-79.0,149,112,14:49:11,2012-08-01
446360,116455,-80.5,149,112,14:49:11,2012-08-01
445410,116460,-96.25,149,112,15:01:08,2012-08-01
446310,116460,-79.333336,149,112,14:49:17,2012-08-01
446325,116460,-80.333336,149,112,14:49:15,2012-08-01
445390,116465,-96.666664,149,112,15:01:10,2012-08-01
445395,116465,-96.666664,149,112,15:01:09,2012-08-01
445370,116475,-98.0,149,112,15:01:12,2012-08-01
445375,116475,-98.0,149,112,15:01:12,2012-08-01
445355,116480,-98.0,149,112,15:01:13,2012-08-01
441855,121925,-85.0,149,112,10:59:43,2012-07-30
441855,121930,-85.0,149,112,10:59:43,2012-07-30
441860,121930,-85.0,149,112,10:59:42,2012-07-30
441865,121935,-85.0,149,112,10:59:41,2012-07-30
441875,121940,-85.0,149,112,10:59:39,2012-07-30
441890,121940,-85.0,149,112,10:59:38,2012-07-30
441900,121945,-85.0,149,112,10:59:37,2012-07-30
441875,121975,-85.0,149,112,10:59:04,2012-07-30
441880,121975,-85.0,149,112,10:59:04,2012-07-30
441835,121980,-85.0,149,112,10:58:56,2012-07-30
441840,121980,-85.0,149,112,10:58:57,2012-07-30
441845,121980,-85.0,149,112,10:58:58,2012-07-30
441860,121980,-85.0,149,112,10:59:01,2012-07-30
441865,121980,-85.0,149,112,10:59:02,2012-07-30
441870,121980,-85.0,149,112,10:59:03,2012-07-30
441850,121985,-85.0,149,112,10:58:59,2012-07-30
441855,121985,-85.0,149,112,10:59:00,2012-07-30
449120,122365,-63.0,149,112,12:54:49,2012-07-30
449125,122365,-63.0,149,112,12:54:48,2012-07-30
449130,122365,-63.0,149,112,12:54:47,2012-07-30
449135,122365,-63.0,149,112,12:54:47,2012-07-30
449110,122380,-63.0,149,112,12:54:51,2012-07-30
449105,122385,-72.599998,149,112,12:54:52,2012-07-30
449105,122395,-79.0,149,112,12:54:53,2012-07-30
449100,122400,-78.599998,149,112,12:54:54,2012-07-30
449100,122405,-78.0,149,112,12:54:54,2012-07-30
449100,122410,-78.0,149,112,12:54:55,2012-07-30
449100,122415,-78.0,149,112,12:54:55,2012-07-30
446175,114425,-60.0,149,112,14:28:42,2012-07-26
446170,114450,-60.75,149,112,14:28:41,2012-07-26
446165,114465,-62.0,149,112,14:28:39,2012-07-26
446165,114470,-62.0,149,112,14:28:38,2012-07-26
446160,114475,-62.0,149,112,14:28:37,2012-07-26
446160,114480,-61.625,149,112,14:28:28,2012-07-26
446160,114485,-64.571426,149,112,14:28:22,2012-07-26
446155,114490,-66.0,149,112,14:28:21,2012-07-26
446155,114495,-66.0,149,112,14:28:20,2012-07-26
446150,114505,-67.333336,149,112,14:28:18,2012-07-26
446150,114510,-68.0,149,112,14:28:17,2012-07-26
446145,114515,-68.0,149,112,14:28:17,2012-07-26
446135,114530,-69.0,149,112,14:28:15,2012-07-26
446125,114540,-68.800003,149,112,13:06:09,2012-07-26
446130,114540,-64.0,149,112,11:09:22,2012-07-26
446120,114545,-69.0,149,112,14:28:13,2012-07-26
446115,114550,-64.0,149,112,11:09:23,2012-07-26
446105,114555,-66.0,149,112,14:28:12,2012-07-26
446110,114555,-67.199997,149,112,14:28:12,2012-07-26
446115,114555,-68.0,149,112,13:06:09,2012-07-26
446095,114560,-66.0,149,112,14:28:12,2012-07-26
446100,114560,-66.0,149,112,14:28:12,2012-07-26
446090,114565,-66.0,149,112,14:28:11,2012-07-26
446095,114565,-64.0,149,112,11:09:24,2012-07-26
446100,114565,-68.0,149,112,13:06:11,2012-07-26
446080,114570,-66.0,149,112,14:28:10,2012-07-26
446085,114570,-64.0,149,112,11:09:25,2012-07-26
446090,114570,-68.0,149,112,13:06:12,2012-07-26
446070,114575,-66.0,149,112,14:28:09,2012-07-26
446080,114575,-68.0,149,112,13:06:13,2012-07-26
446065,114580,-66.0,149,112,14:28:08,2012-07-26
446070,114580,-64.0,149,112,11:09:26,2012-07-26
446075,114580,-64.0,149,112,11:09:26,2012-07-26
446055,114585,-66.0,149,112,14:28:08,2012-07-26
446060,114585,-64.25,149,112,11:09:27,2012-07-26
446070,114585,-66.333336,149,112,13:06:14,2012-07-26
446045,114590,-66.0,149,112,14:28:07,2012-07-26
446050,114590,-66.0,149,112,14:28:07,2012-07-26
446055,114590,-63.400002,149,112,13:10:39,2012-07-26
446035,114595,-66.0,149,112,14:28:06,2012-07-26
446045,114595,-65.0,149,112,11:09:29,2012-07-26
446030,114600,-66.0,149,112,14:28:05,2012-07-26
446040,114600,-64.199997,149,112,13:06:16,2012-07-26
446030,114605,-65.0,149,112,11:09:30,2012-07-26
446025,114610,-65.0,149,112,13:06:18,2012-07-26
446015,114615,-64.666664,149,112,11:09:32,2012-07-26
446000,114620,-64.5,149,112,11:09:33,2012-07-26
446010,114620,-65.666664,149,112,13:06:20,2012-07-26
445995,114625,-66.0,149,112,11:09:34,2012-07-26
445985,114630,-66.0,149,112,11:09:34,2012-07-26
445995,114630,-67.333336,149,112,13:06:21,2012-07-26
445965,114640,-65.0,149,112,11:09:36,2012-07-26
445975,114640,-67.0,149,112,13:06:23,2012-07-26
445960,114645,-64.5,149,112,13:06:24,2012-07-26
445955,114650,-62.333332,149,112,11:09:37,2012-07-26
445940,114655,-61.333332,149,112,11:09:39,2012-07-26
445945,114655,-63.400002,149,112,13:06:25,2012-07-26
445920,114665,-61.333332,149,112,11:09:40,2012-07-26
445925,114665,-64.5,149,112,13:06:27,2012-07-26
445905,114670,-61.5,149,112,11:09:41,2012-07-26
445910,114670,-60.0,149,112,11:09:41,2012-07-26
445915,114670,-60.0,149,112,11:09:41,2012-07-26
445890,114675,-63.400002,149,112,11:09:43,2012-07-26
445895,114675,-63.0,149,112,11:09:42,2012-07-26
445855,114680,-66.333336,149,112,11:09:46,2012-07-26
445865,114680,-66.0,149,112,13:10:39,2012-07-26
445870,114680,-64.5,149,112,13:10:39,2012-07-26
445880,114680,-64.0,149,112,13:06:30,2012-07-26
445835,114685,-64.5,149,112,13:06:34,2012-07-26
445840,114685,-65.666664,149,112,11:09:47,2012-07-26
445845,114685,-65.0,149,112,13:06:33,2012-07-26
445855,114685,-65.666664,149,112,13:06:33,2012-07-26
445805,114690,-66.0,149,112,11:09:50,2012-07-26
445815,114690,-63.333332,149,112,13:06:35,2012-07-26
445820,114690,-66.333336,149,112,11:09:48,2012-07-26
445825,114690,-63.0,149,112,13:06:35,2012-07-26
445800,114695,-64.5,149,112,13:10:39,2012-07-26
445770,114700,-68.400002,149,112,11:09:53,2012-07-26
445775,114700,-66.0,149,112,13:06:39,2012-07-26
445780,114700,-66.0,149,112,13:06:38,2012-07-26
445785,114700,-68.0,149,112,11:09:52,2012-07-26
445790,114700,-66.0,149,112,13:06:37,2012-07-26
445760,114705,-68.5,149,112,11:09:54,2012-07-26
445765,114705,-66.0,149,112,13:06:40,2012-07-26
445730,114710,-64.333336,149,112,11:09:57,2012-07-26
445740,114710,-66.0,149,112,13:10:39,2012-07-26
445745,114710,-66.0,149,112,13:06:41,2012-07-26
445750,114710,-66.0,149,112,13:06:40,2012-07-26
445755,114710,-66.0,149,112,13:06:40,2012-07-26
445705,114715,-61.0,149,112,11:09:59,2012-07-26
445715,114715,-61.0,149,112,11:09:58,2012-07-26
445725,114715,-66.0,149,112,13:06:42,2012-07-26
445660,114720,-63.25,149,112,11:10:02,2012-07-26
445670,114720,-61.5,149,112,11:10:01,2012-07-26
445685,114720,-61.0,149,112,11:10:00,2012-07-26
445520,114725,-63.0,149,112,10:30:16,2012-07-30
445620,114725,-67.0,149,112,13:06:50,2012-07-26
445630,114725,-66.333336,149,112,11:10:05,2012-07-26
445635,114725,-67.0,149,112,13:06:49,2012-07-26
445640,114725,-64.666664,149,112,11:10:04,2012-07-26
445650,114725,-67.0,149,112,13:06:48,2012-07-26
445580,114730,-67.0,149,112,13:10:39,2012-07-26
445585,114730,-66.25,149,112,13:06:54,2012-07-26
445600,114730,-65.25,149,112,13:10:39,2012-07-26
445605,114730,-65.0,149,112,13:06:52,2012-07-26
445615,114730,-66.333336,149,112,13:06:51,2012-07-26
445555,114735,-67.0,149,112,13:10:39,2012-07-26
445565,114735,-67.0,149,112,13:06:56,2012-07-26
445570,114735,-67.0,149,112,13:10:39,2012-07-26
445575,114735,-67.0,149,112,13:06:55,2012-07-26
445505,114740,-66.0,149,112,10:30:58,2012-07-30
445525,114740,-68.75,149,112,11:10:12,2012-07-26
445540,114740,-67.0,149,112,13:10:39,2012-07-26
445545,114740,-68.0,149,112,13:10:39,2012-07-26
445505,114745,-66.0,149,112,10:31:01,2012-07-30
445520,114745,-68.0,149,112,11:10:13,2012-07-26
445525,114745,-68.0,149,112,13:06:59,2012-07-26
445495,114750,-66.0,149,112,10:31:03,2012-07-30
445500,114750,-66.0,149,112,10:31:02,2012-07-30
445505,114750,-68.0,149,112,11:10:14,2012-07-26
445510,114750,-67.75,149,112,13:07:01,2012-07-26
445485,114755,-67.0,149,112,10:31:05,2012-07-30
445490,114755,-68.0,149,112,11:10:15,2012-07-26
445495,114755,-66.25,149,112,10:31:04,2012-07-30
445500,114755,-67.166664,149,112,13:07:01,2012-07-26
445470,114760,-66.599998,149,112,10:31:06,2012-07-30
445475,114760,-67.0,149,112,10:31:06,2012-07-30
445480,114760,-68.0,149,112,11:10:16,2012-07-26
445480,114760,-67.0,149,112,10:31:05,2012-07-30
445485,114760,-68.0,149,112,13:07:03,2012-07-26
445100,114765,-57.666668,149,112,11:10:38,2012-07-26
445130,114765,-55.666668,149,112,11:10:36,2012-07-26
445455,114765,-64.0,149,112,10:31:08,2012-07-30
445460,114765,-65.599998,149,112,10:31:08,2012-07-30
445465,114765,-67.666664,149,112,11:10:17,2012-07-26
445055,114770,-60.0,149,112,11:10:39,2012-07-26
445150,114770,-53.0,149,112,11:10:35,2012-07-26
445445,114770,-63.75,149,112,10:31:09,2012-07-30
445450,114770,-67.0,149,112,11:10:18,2012-07-26
445450,114770,-64.0,149,112,10:31:08,2012-07-30
445165,114775,-51.0,149,112,10:31:27,2012-07-30
445170,114775,-50.333332,149,112,11:10:34,2012-07-26
445180,114780,-51.5,149,112,10:31:26,2012-07-30
445195,114780,-50.0,149,112,11:10:32,2012-07-26
445420,114780,-62.0,149,112,10:31:11,2012-07-30
445425,114780,-66.666664,149,112,11:10:19,2012-07-26
445425,114780,-62.75,149,112,10:31:11,2012-07-30
445200,114785,-52.0,149,112,10:31:25,2012-07-30
445205,114785,-50.0,149,112,11:10:32,2012-07-26
445220,114785,-50.666668,149,112,11:10:31,2012-07-26
445385,114785,-61.0,149,112,11:10:22,2012-07-26
445390,114785,-60.0,149,112,10:31:14,2012-07-30
445400,114785,-60.0,149,112,10:31:13,2012-07-30
445410,114785,-61.5,149,112,10:31:12,2012-07-30
445215,114790,-52.0,149,112,10:31:25,2012-07-30
445230,114790,-52.0,149,112,10:31:23,2012-07-30
445305,114790,-53.0,149,112,11:10:27,2012-07-26
445315,114790,-53.0,149,112,10:31:18,2012-07-30
445320,114790,-56.0,149,112,10:31:18,2012-07-30
445330,114790,-57.0,149,112,10:31:17,2012-07-30
445335,114790,-56.0,149,112,11:10:25,2012-07-26
445340,114790,-57.0,149,112,10:31:17,2012-07-30
445345,114790,-58.333332,149,112,10:31:16,2012-07-30
445355,114790,-57.666668,149,112,11:10:24,2012-07-26
445365,114790,-59.0,149,112,10:31:15,2012-07-30
445370,114790,-59.666668,149,112,10:31:15,2012-07-30
446200,114790,-69.714287,149,112,15:12:18,2012-08-01
445255,114795,-51.0,149,112,11:10:29,2012-07-26
445265,114795,-52.75,149,112,10:31:22,2012-07-30
445275,114795,-54.0,149,112,10:31:21,2012-07-30
445280,114795,-51.0,149,112,11:10:28,2012-07-26
445280,114795,-53.0,149,112,10:31:21,2012-07-30
445295,114795,-53.25,149,112,10:31:19,2012-07-30
445310,114795,-53.0,149,112,10:31:18,2012-07-30
446200,114795,-68.199997,149,112,15:12:17,2012-08-01
446200,114800,-66.199997,149,112,15:12:16,2012-08-01
446195,114805,-66.599998,149,112,15:12:14,2012-08-01
446195,114815,-67.0,149,112,15:12:13,2012-08-01
446195,114820,-71.0,149,112,15:12:11,2012-08-01
446190,114830,-74.333336,149,112,15:12:10,2012-08-01
446185,114840,-77.0,149,112,15:12:09,2012-08-01
446180,114855,-79.333336,149,112,15:12:07,2012-08-01
446175,114870,-80.0,149,112,15:12:06,2012-08-01
446170,114880,-80.0,149,112,15:12:05,2012-08-01
446170,114890,-78.5,149,112,15:12:04,2012-08-01
446165,114895,-78.0,149,112,15:12:04,2012-08-01
446165,114900,-78.0,149,112,15:12:03,2012-08-01
446155,114920,-77.333336,149,112,15:12:01,2012-08-01
446155,114925,-77.0,149,112,15:12:01,2012-08-01
446150,114930,-77.0,149,112,15:12:00,2012-08-01
446150,114935,-76.25,149,112,15:12:00,2012-08-01
446150,114940,-76.0,149,112,15:11:59,2012-08-01
446145,114945,-76.0,149,112,15:11:59,2012-08-01
446145,114950,-76.0,149,112,15:11:59,2012-08-01
446145,114965,-76.0,149,112,15:11:57,2012-08-01
446145,114970,-76.0,149,112,15:11:57,2012-08-01
446145,114980,-76.0,149,112,15:11:56,2012-08-01
446145,114985,-76.800003,149,112,15:11:56,2012-08-01
446145,114990,-77.0,149,112,15:11:55,2012-08-01
446140,115000,-77.0,149,112,15:11:55,2012-08-01
446140,115005,-77.75,149,112,15:11:54,2012-08-01
446140,115010,-78.0,149,112,15:11:54,2012-08-01
446140,115015,-78.0,149,112,15:11:54,2012-08-01
446140,115020,-78.0,149,112,15:11:53,2012-08-01
446140,115025,-78.0,149,112,15:11:53,2012-08-01
446140,115030,-78.0,149,112,15:11:52,2012-08-01
446140,115035,-77.230766,149,112,15:11:52,2012-08-01
446140,115040,-76.0,149,112,15:11:51,2012-08-01
446140,115045,-75.625,149,112,15:11:51,2012-08-01
446140,115050,-75.0,149,112,15:11:51,2012-08-01
446140,115055,-75.0,149,112,15:11:50,2012-08-01
446140,115060,-73.714287,149,112,15:11:50,2012-08-01
446140,115065,-72.0,149,112,15:11:50,2012-08-01
446140,115070,-72.0,149,112,15:11:49,2012-08-01
446140,115075,-72.0,149,112,15:11:49,2012-08-01
446140,115080,-72.0,149,112,15:11:48,2012-08-01
446140,115085,-72.0,149,112,15:11:48,2012-08-01
446140,115090,-72.0,149,112,15:11:48,2012-08-01
446140,115110,-72.0,149,112,15:11:46,2012-08-01
446135,115130,-72.0,149,112,15:11:45,2012-08-01
446105,115205,-77.0,149,112,14:59:05,2012-08-01
446100,115225,-77.0,149,112,14:59:07,2012-08-01
446095,115235,-77.0,149,112,14:59:08,2012-08-01
446095,115245,-77.0,149,112,14:59:09,2012-08-01
446095,115260,-77.0,149,112,14:59:10,2012-08-01
446095,115275,-77.0,149,112,14:59:11,2012-08-01
446095,115285,-77.0,149,112,14:59:12,2012-08-01
446100,115300,-77.0,149,112,14:59:13,2012-08-01
446100,115310,-78.714287,149,112,14:59:14,2012-08-01
446105,115330,-79.666664,149,112,14:59:15,2012-08-01
446105,115340,-79.0,149,112,14:59:16,2012-08-01
446105,115355,-79.0,149,112,14:59:17,2012-08-01
446100,115365,-78.599998,149,112,14:59:18,2012-08-01
446095,115380,-78.0,149,112,14:59:20,2012-08-01
446090,115390,-78.0,149,112,14:59:20,2012-08-01
446090,115400,-79.0,149,112,14:59:21,2012-08-01
446080,115420,-79.0,149,112,14:59:22,2012-08-01
446075,115430,-79.0,149,112,14:59:24,2012-08-01
446075,115445,-79.333336,149,112,14:59:25,2012-08-01
446645,115455,-61.0,149,112,14:46:32,2012-08-01
446650,115455,-61.0,149,112,14:46:32,2012-08-01
446655,115460,-59.400002,149,112,14:46:31,2012-08-01
446065,115465,-80.400002,149,112,14:59:27,2012-08-01
446655,115465,-59.0,149,112,14:46:31,2012-08-01
446660,115465,-59.0,149,112,14:46:30,2012-08-01
446665,115465,-68.333336,149,112,14:46:30,2012-08-01
446675,115475,-73.0,149,112,14:46:28,2012-08-01
446060,115480,-81.0,149,112,14:59:28,2012-08-01
446685,115480,-73.0,149,112,14:46:28,2012-08-01
446690,115485,-73.0,149,112,14:46:27,2012-08-01
446695,115490,-73.0,149,112,14:46:26,2012-08-01
446705,115495,-73.0,149,112,14:46:26,2012-08-01
446710,115500,-73.0,149,112,14:46:25,2012-08-01
446055,115505,-80.333336,149,112,14:59:29,2012-08-01
446715,115505,-73.0,149,112,14:46:24,2012-08-01
446720,115510,-73.0,149,112,14:46:24,2012-08-01
446725,115510,-73.0,149,112,14:46:23,2012-08-01
446730,115515,-73.0,149,112,14:46:23,2012-08-01
446050,115520,-79.333336,149,112,14:59:31,2012-08-01
446045,115530,-80.0,149,112,14:59:32,2012-08-01
446045,115535,-80.0,149,112,14:59:32,2012-08-01
446040,115540,-80.0,149,112,14:59:33,2012-08-01
446040,115545,-80.0,149,112,14:59:33,2012-08-01
446040,115550,-80.0,149,112,14:59:34,2012-08-01
446035,115555,-80.0,149,112,14:59:34,2012-08-01
446035,115560,-80.0,149,112,14:59:35,2012-08-01
446030,115570,-80.333336,149,112,14:59:35,2012-08-01
446030,115575,-81.0,149,112,14:59:36,2012-08-01
446025,115585,-81.333336,149,112,14:59:36,2012-08-01
446600,115595,-71.0,149,112,14:46:50,2012-08-01
446020,115600,-81.75,149,112,14:59:38,2012-08-01
446600,115600,-71.0,149,112,14:46:50,2012-08-01
446600,115605,-71.0,149,112,14:46:50,2012-08-01
446600,115610,-71.0,149,112,14:46:50,2012-08-01
446600,115615,-72.0,149,112,14:46:51,2012-08-01
446015,115620,-81.0,149,112,14:59:39,2012-08-01
446600,115620,-72.0,149,112,14:46:51,2012-08-01
446600,115625,-72.0,149,112,14:46:51,2012-08-01
446010,115630,-81.0,149,112,14:59:40,2012-08-01
446600,115630,-72.666664,149,112,14:46:52,2012-08-01
446010,115635,-81.0,149,112,14:59:41,2012-08-01
446600,115635,-73.0,149,112,14:46:52,2012-08-01
446010,115640,-81.0,149,112,14:59:41,2012-08-01
446600,115640,-73.5,149,112,14:46:52,2012-08-01
446010,115645,-81.0,149,112,14:59:41,2012-08-01
446600,115645,-74.0,149,112,14:46:53,2012-08-01
446005,115650,-80.714287,149,112,14:59:42,2012-08-01
446600,115650,-74.0,149,112,14:46:53,2012-08-01
446605,115650,-74.0,149,112,14:46:53,2012-08-01
446005,115660,-79.0,149,112,14:59:42,2012-08-01
446605,115660,-75.0,149,112,14:46:54,2012-08-01
446605,115665,-75.0,149,112,14:46:55,2012-08-01
446005,115670,-79.0,149,112,14:59:43,2012-08-01
446605,115670,-75.0,149,112,14:46:55,2012-08-01
446000,115675,-79.0,149,112,14:59:44,2012-08-01
446605,115675,-78.0,149,112,14:46:55,2012-08-01
446605,115680,-78.0,149,112,14:46:56,2012-08-01
446605,115685,-77.75,149,112,14:46:57,2012-08-01
446605,115690,-77.0,149,112,14:46:57,2012-08-01
446000,115695,-79.0,149,112,14:59:45,2012-08-01
446605,115695,-77.0,149,112,14:46:57,2012-08-01
446605,115700,-77.0,149,112,14:46:58,2012-08-01
446605,115705,-77.0,149,112,14:46:58,2012-08-01
445995,115715,-79.666664,149,112,14:59:46,2012-08-01
446605,115720,-77.0,149,112,14:47:00,2012-08-01
445995,115725,-81.0,149,112,14:59:47,2012-08-01
446605,115725,-77.0,149,112,14:47:00,2012-08-01
446605,115730,-77.0,149,112,14:47:00,2012-08-01
445990,115735,-80.75,149,112,14:59:48,2012-08-01
446605,115735,-77.0,149,112,14:47:01,2012-08-01
446605,115740,-76.666664,149,112,14:47:01,2012-08-01
446610,115745,-76.0,149,112,14:47:02,2012-08-01
445985,115750,-80.5,149,112,14:59:49,2012-08-01
446610,115755,-75.800003,149,112,14:47:04,2012-08-01
445985,115760,-82.0,149,112,14:59:50,2012-08-01
446610,115765,-76.0,149,112,14:47:05,2012-08-01
445980,115770,-82.25,149,112,14:59:51,2012-08-01
445975,115780,-83.0,149,112,14:59:51,2012-08-01
445970,115785,-83.25,149,112,14:59:52,2012-08-01
445970,115790,-84.0,149,112,14:59:53,2012-08-01
446605,115790,-77.666664,149,112,14:47:07,2012-08-01
445965,115795,-84.0,149,112,14:59:53,2012-08-01
445965,115800,-83.333336,149,112,14:59:53,2012-08-01
446605,115800,-77.5,149,112,14:47:08,2012-08-01
446605,115805,-77.666664,149,112,14:47:09,2012-08-01
445960,115810,-82.0,149,112,14:59:54,2012-08-01
446605,115815,-76.090912,149,112,14:47:10,2012-08-01
445955,115820,-82.25,149,112,14:59:55,2012-08-01
445950,115830,-83.0,149,112,14:59:56,2012-08-01
446605,115830,-77.0,149,112,14:47:12,2012-08-01
445945,115835,-83.0,149,112,14:59:56,2012-08-01
445935,115840,-83.0,149,112,14:59:57,2012-08-01
446610,115840,-75.285713,149,112,14:47:12,2012-08-01
445930,115850,-82.666664,149,112,14:59:58,2012-08-01
446610,115850,-74.25,149,112,14:47:14,2012-08-01
446605,115860,-74.666664,149,112,14:47:15,2012-08-01
445920,115865,-82.0,149,112,14:59:59,2012-08-01
445920,115870,-82.0,149,112,15:00:00,2012-08-01
446605,115870,-74.166664,149,112,14:47:16,2012-08-01
446605,115880,-75.0,149,112,14:47:17,2012-08-01
446605,115890,-74.75,149,112,14:47:18,2012-08-01
446600,115895,-74.199997,149,112,14:47:19,2012-08-01
446600,115905,-75.0,149,112,14:47:20,2012-08-01
445895,115915,-80.0,149,112,15:10:46,2012-08-01
446600,115915,-74.599998,149,112,14:47:21,2012-08-01
445895,115920,-80.0,149,112,15:10:46,2012-08-01
446600,115925,-73.599998,149,112,14:47:22,2012-08-01
445895,115935,-78.666664,149,112,15:10:45,2012-08-01
446605,115935,-73.0,149,112,14:47:23,2012-08-01
446605,115940,-73.0,149,112,14:47:24,2012-08-01
445895,115945,-78.0,149,112,15:10:44,2012-08-01
445900,115955,-78.75,149,112,15:10:43,2012-08-01
446610,115955,-72.5,149,112,14:47:26,2012-08-01
446610,115965,-71.666664,149,112,14:47:28,2012-08-01
445910,115970,-79.0,149,112,15:10:42,2012-08-01
445915,115985,-79.0,149,112,15:10:40,2012-08-01
446610,115985,-70.599998,149,112,14:47:29,2012-08-01
445915,115990,-79.0,149,112,15:10:40,2012-08-01
446430,115990,-68.0,149,112,14:50:02,2012-08-01
446610,115995,-70.0,149,112,14:47:31,2012-08-01
445915,116000,-79.0,149,112,15:10:40,2012-08-01
446425,116000,-68.0,149,112,14:50:02,2012-08-01
446425,116005,-68.0,149,112,14:50:01,2012-08-01
445915,116010,-79.0,149,112,15:10:39,2012-08-01
446425,116010,-69.5,149,112,14:50:01,2012-08-01
446610,116010,-69.5,149,112,14:47:32,2012-08-01
445915,116015,-79.0,149,112,15:10:39,2012-08-01
446420,116015,-70.0,149,112,14:50:00,2012-08-01
446425,116015,-70.0,149,112,14:50:00,2012-08-01
446420,116020,-70.0,149,112,14:50:00,2012-08-01
446610,116020,-68.5,149,112,14:47:33,2012-08-01
445910,116025,-79.0,149,112,15:10:37,2012-08-01
446420,116025,-70.75,149,112,14:50:00,2012-08-01
445905,116040,-87.0,149,112,15:00:16,2012-08-01
445910,116040,-87.0,149,112,15:00:16,2012-08-01
446615,116040,-66.666664,149,112,14:47:35,2012-08-01
445900,116045,-87.0,149,112,15:00:17,2012-08-01
445905,116045,-87.0,149,112,15:00:17,2012-08-01
446405,116045,-74.0,149,112,14:49:58,2012-08-01
446615,116045,-66.0,149,112,14:47:35,2012-08-01
445890,116050,-87.0,149,112,15:00:19,2012-08-01
445895,116050,-87.0,149,112,15:00:18,2012-08-01
446395,116050,-75.0,149,112,14:49:57,2012-08-01
446400,116050,-75.0,149,112,14:49:58,2012-08-01
446620,116050,-66.0,149,112,14:47:36,2012-08-01
445890,116055,-87.0,149,112,15:00:19,2012-08-01
446395,116055,-76.199997,149,112,14:49:57,2012-08-01
446385,116060,-77.0,149,112,14:49:56,2012-08-01
446390,116060,-77.0,149,112,14:49:56,2012-08-01
446385,116065,-77.0,149,112,14:49:56,2012-08-01
446620,116065,-66.0,149,112,14:47:38,2012-08-01
446375,116070,-78.0,149,112,14:49:55,2012-08-01
446380,116070,-77.833336,149,112,14:49:55,2012-08-01
446370,116075,-78.0,149,112,14:49:54,2012-08-01
446375,116075,-78.0,149,112,14:49:54,2012-08-01
446625,116075,-66.75,149,112,14:47:39,2012-08-01
445860,116080,-87.0,149,112,15:00:25,2012-08-01
446370,116080,-78.0,149,112,14:49:54,2012-08-01
446630,116080,-69.0,149,112,14:47:39,2012-08-01
445855,116085,-87.0,149,112,15:00:24,2012-08-01
446365,116085,-78.0,149,112,14:49:53,2012-08-01
446630,116085,-69.0,149,112,14:47:39,2012-08-01
445855,116090,-87.0,149,112,15:00:24,2012-08-01
446360,116090,-79.0,149,112,14:49:53,2012-08-01
446365,116090,-78.75,149,112,14:49:53,2012-08-01
446630,116090,-69.0,149,112,14:47:40,2012-08-01
446635,116090,-69.5,149,112,14:47:40,2012-08-01
445850,116095,-86.0,149,112,15:00:25,2012-08-01
446360,116095,-79.0,149,112,14:49:52,2012-08-01
446355,116100,-81.0,149,112,14:49:52,2012-08-01
446360,116100,-80.199997,149,112,14:49:52,2012-08-01
446640,116100,-71.333336,149,112,14:47:42,2012-08-01
446355,116105,-81.0,149,112,14:49:52,2012-08-01
446640,116105,-72.0,149,112,14:47:43,2012-08-01
446645,116105,-72.0,149,112,14:47:43,2012-08-01
446355,116110,-83.181816,149,112,14:49:51,2012-08-01
446645,116110,-72.0,149,112,14:47:43,2012-08-01
446650,116110,-72.0,149,112,14:47:44,2012-08-01
446350,116115,-84.0,149,112,14:49:51,2012-08-01
446355,116115,-84.0,149,112,14:49:51,2012-08-01
446650,116115,-72.0,149,112,14:47:45,2012-08-01
445830,116120,-86.0,149,112,15:00:27,2012-08-01
446350,116120,-84.0,149,112,14:49:50,2012-08-01
446655,116120,-72.0,149,112,14:47:46,2012-08-01
446660,116125,-72.0,149,112,14:47:47,2012-08-01
446660,116130,-72.0,149,112,14:47:48,2012-08-01
445825,116135,-86.0,149,112,15:00:28,2012-08-01
446665,116135,-75.333336,149,112,14:47:49,2012-08-01
446670,116140,-82.0,149,112,14:47:49,2012-08-01
445815,116145,-85.428574,149,112,15:00:30,2012-08-01
446670,116145,-82.5,149,112,14:47:50,2012-08-01
446670,116150,-84.0,149,112,14:47:51,2012-08-01
445805,116155,-85.25,149,112,15:00:31,2012-08-01
446675,116160,-84.5,149,112,14:47:52,2012-08-01
446675,116165,-85.25,149,112,14:47:53,2012-08-01
446675,116175,-86.333336,149,112,14:47:55,2012-08-01
445785,116180,-86.0,149,112,15:00:32,2012-08-01
446675,116185,-87.0,149,112,14:47:56,2012-08-01
445775,116195,-87.333336,149,112,15:00:34,2012-08-01
446675,116195,-87.0,149,112,14:47:57,2012-08-01
446680,116205,-87.0,149,112,14:47:58,2012-08-01
445760,116215,-88.333336,149,112,15:00:35,2012-08-01
446310,116220,-75.0,149,112,14:49:43,2012-08-01
446305,116230,-75.0,149,112,14:49:42,2012-08-01
445730,116255,-90.25,149,112,15:00:38,2012-08-01
446685,116305,-79.0,149,112,14:48:16,2012-08-01
445695,116310,-90.599998,149,112,15:00:42,2012-08-01
446265,116310,-57.75,149,112,14:49:33,2012-08-01
446680,116315,-79.0,149,112,14:48:17,2012-08-01
446675,116320,-79.0,149,112,14:48:19,2012-08-01
445690,116325,-90.333336,149,112,15:00:44,2012-08-01
446265,116325,-59.0,149,112,14:49:32,2012-08-01
446675,116325,-79.0,149,112,14:48:20,2012-08-01
446265,116330,-59.0,149,112,14:49:31,2012-08-01
446265,116335,-59.0,149,112,14:49:31,2012-08-01
446670,116335,-83.5,149,112,14:48:21,2012-08-01
445680,116340,-90.25,149,112,15:00:45,2012-08-01
446265,116340,-60.333332,149,112,14:49:31,2012-08-01
446670,116340,-88.333336,149,112,14:48:23,2012-08-01
446265,116350,-61.0,149,112,14:49:30,2012-08-01
446270,116350,-61.0,149,112,14:49:30,2012-08-01
446665,116350,-88.666664,149,112,14:48:24,2012-08-01
446270,116355,-61.0,149,112,14:49:29,2012-08-01
446660,116355,-87.666664,149,112,14:48:26,2012-08-01
445665,116360,-90.0,149,112,15:00:46,2012-08-01
446270,116360,-61.0,149,112,14:49:29,2012-08-01
446655,116365,-86.666664,149,112,14:48:27,2012-08-01
446270,116370,-61.0,149,112,14:49:28,2012-08-01
445640,116375,-92.0,149,112,15:00:48,2012-08-01
446270,116375,-62.599998,149,112,14:49:28,2012-08-01
446650,116375,-85.0,149,112,14:48:29,2012-08-01
445630,116380,-92.25,149,112,15:00:49,2012-08-01
446650,116380,-81.666664,149,112,14:48:30,2012-08-01
445615,116385,-93.0,149,112,15:00:51,2012-08-01
446275,116385,-64.333336,149,112,14:49:26,2012-08-01
446645,116385,-79.0,149,112,14:48:31,2012-08-01
445605,116390,-93.0,149,112,15:00:51,2012-08-01
446645,116390,-78.666664,149,112,14:48:33,2012-08-01
445590,116395,-94.333336,149,112,15:00:52,2012-08-01
446640,116395,-78.0,149,112,14:48:34,2012-08-01
445560,116400,-97.0,149,112,15:00:55,2012-08-01
445570,116400,-97.0,149,112,15:00:54,2012-08-01
446275,116400,-66.0,149,112,14:49:25,2012-08-01
446635,116400,-78.25,149,112,14:48:36,2012-08-01
446640,116400,-78.0,149,112,14:48:35,2012-08-01
445540,116405,-96.666664,149,112,15:00:56,2012-08-01
446275,116405,-67.0,149,112,14:49:24,2012-08-01
445525,116410,-96.666664,149,112,15:00:58,2012-08-01
446275,116410,-67.0,149,112,14:49:24,2012-08-01
446630,116410,-80.599998,149,112,14:48:37,2012-08-01
446280,116415,-69.0,149,112,14:49:24,2012-08-01
446575,116415,-67.0,149,112,14:48:46,2012-08-01
446580,116415,-69.25,149,112,14:48:45,2012-08-01
446585,116415,-70.0,149,112,14:48:45,2012-08-01
446590,116415,-73.75,149,112,14:48:44,2012-08-01
446615,116415,-83.833336,149,112,14:48:40,2012-08-01
446620,116415,-84.0,149,112,14:48:39,2012-08-01
446625,116415,-83.333336,149,112,14:48:38,2012-08-01
445510,116420,-97.666664,149,112,15:00:59,2012-08-01
446525,116420,-73.0,149,112,14:48:52,2012-08-01
446530,116420,-73.0,149,112,14:48:52,2012-08-01
446590,116420,-75.0,149,112,14:48:43,2012-08-01
446595,116420,-78.199997,149,112,14:48:43,2012-08-01
446600,116420,-79.0,149,112,14:48:42,2012-08-01
446605,116420,-82.0,149,112,14:48:41,2012-08-01
446610,116420,-83.0,149,112,14:48:40,2012-08-01
446615,116420,-83.0,149,112,14:48:40,2012-08-01
445485,116425,-96.0,149,112,15:01:01,2012-08-01
445495,116425,-96.666664,149,112,15:01:01,2012-08-01
446285,116425,-72.666664,149,112,14:49:22,2012-08-01
446510,116425,-73.0,149,112,14:48:54,2012-08-01
446515,116425,-73.0,149,112,14:48:53,2012-08-01
446520,116425,-73.0,149,112,14:48:53,2012-08-01
445475,116430,-96.25,149,112,15:01:02,2012-08-01
446295,116435,-74.0,149,112,14:49:21,2012-08-01
445455,116440,-97.333336,149,112,15:01:03,2012-08-01
446465,116440,-87.0,149,112,14:48:59,2012-08-01
446470,116440,-87.0,149,112,14:48:58,2012-08-01
445440,116445,-97.5,149,112,15:01:05,2012-08-01
446300,116445,-76.0,149,112,14:49:19,2012-08-01
446455,116445,-87.0,149,112,14:49:00,2012-08-01
446460,116445,-87.0,149,112,14:48:59,2012-08-01
445425,116450,-96.0,149,112,15:01:06,2012-08-01
445435,116450,-96.0,149,112,15:01:05,2012-08-01
446305,116450,-79.0,149,112,14:49:18,2012-08-01
446365,116450,-82.0,149,112,14:49:10,2012-08-01
446370,116450,-82.846153,149,112,14:49:10,2012-08-01
446375,116450,-83.0,149,112,14:49:09,2012-08-01
446380,116450,-84.666664,149,112,14:49:09,2012-08-01
446385,116450,-85.1875,149,112,14:49:08,2012-08-01
446390,116450,-86.0,149,112,14:49:07,2012-08-01
446395,116450,-86.0,149,112,14:49:07,2012-08-01
446440,116450,-87.0,149,112,14:49:01,2012-08-01
446445,116450,-87.0,149,112,14:49:01,2012-08-01
445415,116455,-96.0,149,112,15:01:07,2012-08-01
446310,116455,-80.0,149,112,14:49:17,2012-08-01
446335,116455,-81.0,149,112,14:49:14,2012-08-01
446340,116455,-81.0,149,112,14:49:13,2012-08-01
446345,116455,-81.0,149,112,14:49:12,2012-08-01
446350,116455,-79.199997,149,112,14:49:12,2012-08-01
446355,116455,-79.0,149,112,14:49:11,2012-08-01
446360,116455,-80.5,149,112,14:49:11,2012-08-01
445410,116460,-96.25,149,112,15:01:08,2012-08-01
446310,116460,-79.333336,149,112,14:49:17,2012-08-01
446325,116460,-80.333336,149,112,14:49:15,2012-08-01
445390,116465,-96.666664,149,112,15:01:10,2012-08-01
445395,116465,-96.666664,149,112,15:01:09,2012-08-01
445370,116475,-98.0,149,112,15:01:12,2012-08-01
445375,116475,-98.0,149,112,15:01:12,2012-08-01
445355,116480,-98.0,149,112,15:01:13,2012-08-01
441855,121925,-85.0,149,112,10:59:43,2012-07-30
441855,121930,-85.0,149,112,10:59:43,2012-07-30
441860,121930,-85.0,149,112,10:59:42,2012-07-30
441865,121935,-85.0,149,112,10:59:41,2012-07-30
441875,121940,-85.0,149,112,10:59:39,2012-07-30
441890,121940,-85.0,149,112,10:59:38,2012-07-30
441900,121945,-85.0,149,112,10:59:37,2012-07-30
441875,121975,-85.0,149,112,10:59:04,2012-07-30
441880,121975,-85.0,149,112,10:59:04,2012-07-30
441835,121980,-85.0,149,112,10:58:56,2012-07-30
441840,121980,-85.0,149,112,10:58:57,2012-07-30
441845,121980,-85.0,149,112,10:58:58,2012-07-30
441860,121980,-85.0,149,112,10:59:01,2012-07-30
441865,121980,-85.0,149,112,10:59:02,2012-07-30
441870,121980,-85.0,149,112,10:59:03,2012-07-30
441850,121985,-85.0,149,112,10:58:59,2012-07-30
441855,121985,-85.0,149,112,10:59:00,2012-07-30
449120,122365,-63.0,149,112,12:54:49,2012-07-30
449125,122365,-63.0,149,112,12:54:48,2012-07-30
449130,122365,-63.0,149,112,12:54:47,2012-07-30
449135,122365,-63.0,149,112,12:54:47,2012-07-30
449110,122380,-63.0,149,112,12:54:51,2012-07-30
449105,122385,-72.599998,149,112,12:54:52,2012-07-30
449105,122395,-79.0,149,112,12:54:53,2012-07-30
449100,122400,-78.599998,149,112,12:54:54,2012-07-30
449100,122405,-78.0,149,112,12:54:54,2012-07-30
449100,122410,-78.0,149,112,12:54:55,2012-07-30
449100,122415,-78.0,149,112,12:54:55,2012-07-30
