448425,122985,-78.0,277,123,13:01:35,2012-07-30
448405,122990,-78.0,277,123,13:01:36,2012-07-30
448390,122995,-78.0,277,123,13:01:37,2012-07-30
448375,123000,-78.0,277,123,13:01:38,2012-07-30
448360,123005,-78.0,277,123,13:01:40,2012-07-30
448345,123015,-78.5,277,123,13:01:40,2012-07-30
448325,123020,-80.0,277,123,13:01:41,2012-07-30
448315,123025,-80.5,277,123,13:01:42,2012-07-30
448290,123035,-80.599998,277,123,13:01:44,2012-07-30
448270,123045,-80.0,277,123,13:01:45,2012-07-30
448260,123055,-79.599998,277,123,13:01:47,2012-07-30
448245,123060,-78.0,277,123,13:01:47,2012-07-30
448235,123070,-77.599998,277,123,13:01:48,2012-07-30
448220,123075,-77.0,277,123,13:01:49,2012-07-30
448210,123085,-77.400002,277,123,13:01:50,2012-07-30
448190,123095,-79.0,277,123,13:01:52,2012-07-30
448180,123105,-77.0,277,123,13:01:52,2012-07-30
448155,123125,-75.666664,277,123,13:01:55,2012-07-30
448145,123135,-75.0,277,123,13:01:56,2012-07-30
448130,123145,-74.0,277,123,13:01:57,2012-07-30
448120,123155,-72.699997,277,123,13:01:58,2012-07-30
448110,123165,-72.111115,277,123,13:01:59,2012-07-30
448100,123180,-73.0,277,123,13:02:00,2012-07-30
448080,123195,-73.400002,277,123,13:02:01,2012-07-30
448070,123205,-74.666664,277,123,13:02:02,2012-07-30
448060,123215,-76.75,277,123,13:02:04,2012-07-30
448045,123235,-79.0,277,123,13:02:04,2012-07-30
448035,123245,-79.0,277,123,13:02:05,2012-07-30
448030,123250,-79.0,277,123,13:02:06,2012-07-30
448020,123260,-78.75,277,123,13:02:07,2012-07-30
448010,123265,-78.0,277,123,13:02:07,2012-07-30
448005,123275,-78.5,277,123,13:02:08,2012-07-30
447995,123280,-80.0,277,123,13:02:09,2012-07-30
447985,123290,-80.333336,277,123,13:02:09,2012-07-30
447985,123295,-81.0,277,123,13:02:10,2012-07-30
447975,123305,-80.75,277,123,13:02:11,2012-07-30
447965,123310,-80.0,277,123,13:02:11,2012-07-30
447960,123320,-79.75,277,123,13:02:12,2012-07-30
447950,123330,-79.0,277,123,13:02:13,2012-07-30
447940,123335,-78.75,277,123,13:02:13,2012-07-30
447935,123345,-78.0,277,123,13:02:14,2012-07-30
447930,123350,-78.0,277,123,13:02:15,2012-07-30
447910,123360,-78.333336,277,123,13:02:16,2012-07-30
447900,123375,-78.75,277,123,13:02:18,2012-07-30
447890,123385,-78.0,277,123,13:02:18,2012-07-30
447890,123390,-78.0,277,123,13:02:20,2012-07-30
447885,123395,-78.0,277,123,13:02:19,2012-07-30
447880,123405,-78.25,277,123,13:02:21,2012-07-30
447875,123415,-79.0,277,123,13:02:21,2012-07-30
447870,123430,-79.0,277,123,13:02:23,2012-07-30
447860,123445,-78.599998,277,123,13:02:23,2012-07-30
447855,123450,-78.25,277,123,13:02:25,2012-07-30
447855,123460,-79.199997,277,123,13:02:26,2012-07-30
447850,123465,-80.0,277,123,13:02:27,2012-07-30
447850,123475,-80.0,277,123,13:02:27,2012-07-30
447845,123480,-80.0,277,123,13:02:29,2012-07-30
447840,123485,-79.800003,277,123,13:02:31,2012-07-30
447830,123490,-79.0,277,123,13:02:31,2012-07-30
447825,123495,-79.5,277,123,13:02:33,2012-07-30
447830,123495,-79.0,277,123,13:02:33,2012-07-30
447815,123500,-80.800003,277,123,13:02:35,2012-07-30
447805,123505,-80.0,277,123,13:02:38,2012-07-30
447810,123505,-79.5,277,123,13:02:36,2012-07-30
447800,123510,-82.0,277,123,13:02:38,2012-07-30
447795,123515,-81.833336,277,123,13:02:40,2012-07-30
447800,123515,-82.0,277,123,13:02:39,2012-07-30
447790,123520,-81.0,277,123,13:02:41,2012-07-30
447780,123525,-81.0,277,123,13:02:43,2012-07-30
447775,123530,-80.333336,277,123,13:02:45,2012-07-30
447765,123535,-78.75,277,123,13:02:46,2012-07-30
447765,123540,-78.199997,277,123,13:02:47,2012-07-30
447755,123545,-79.0,277,123,13:02:48,2012-07-30
447755,123550,-78.599998,277,123,13:02:49,2012-07-30
447750,123555,-78.0,277,123,13:02:50,2012-07-30
447745,123560,-77.75,277,123,13:02:52,2012-07-30
447740,123565,-77.0,277,123,13:02:53,2012-07-30
447735,123570,-76.5,277,123,13:02:54,2012-07-30
447730,123580,-75.333336,277,123,13:02:56,2012-07-30
447725,123585,-78.0,277,123,13:02:58,2012-07-30
447730,123585,-76.571426,277,123,13:02:57,2012-07-30
447725,123590,-78.111115,277,123,13:02:58,2012-07-30
447725,123595,-79.0,277,123,13:02:59,2012-07-30
447725,123600,-79.0,277,123,13:03:00,2012-07-30
447720,123605,-79.0,277,123,13:03:01,2012-07-30
447720,123610,-79.25,277,123,13:03:02,2012-07-30
447715,123615,-80.0,277,123,13:03:03,2012-07-30
447720,123615,-80.0,277,123,13:03:02,2012-07-30
447715,123620,-80.0,277,123,13:03:04,2012-07-30
447710,123625,-79.0,277,123,13:03:05,2012-07-30
447715,123625,-79.666664,277,123,13:03:04,2012-07-30
447710,123630,-78.166664,277,123,13:03:07,2012-07-30
447705,123635,-77.0,277,123,13:03:09,2012-07-30
447700,123640,-77.0,277,123,13:03:11,2012-07-30
447705,123640,-77.0,277,123,13:03:10,2012-07-30
447695,123645,-77.0,277,123,13:03:13,2012-07-30
447690,123650,-77.400002,277,123,13:03:14,2012-07-30
447695,123650,-77.0,277,123,13:03:14,2012-07-30
447685,123655,-77.75,277,123,13:03:16,2012-07-30
447680,123660,-77.0,277,123,13:03:16,2012-07-30
447670,123665,-76.666664,277,123,13:03:18,2012-07-30
447665,123670,-76.0,277,123,13:03:19,2012-07-30
447655,123675,-76.0,277,123,13:03:20,2012-07-30
447650,123680,-75.75,277,123,13:03:21,2012-07-30
447645,123685,-75.25,277,123,13:03:22,2012-07-30
447635,123695,-76.800003,277,123,13:03:24,2012-07-30
447630,123700,-78.0,277,123,13:03:26,2012-07-30
447615,123705,-79.0,277,123,13:03:27,2012-07-30
447625,123705,-78.25,277,123,13:03:27,2012-07-30
447610,123710,-79.0,277,123,13:03:28,2012-07-30
447605,123715,-78.599998,277,123,13:03:30,2012-07-30
447585,123725,-75.0,277,123,13:03:33,2012-07-30
447590,123725,-76.5,277,123,13:03:31,2012-07-30
447580,123730,-75.0,277,123,13:03:33,2012-07-30
447570,123740,-75.333336,277,123,13:03:35,2012-07-30
447565,123745,-76.0,277,123,13:03:37,2012-07-30
447565,123750,-76.0,277,123,13:03:38,2012-07-30
447560,123755,-76.25,277,123,13:03:38,2012-07-30
447560,123760,-77.0,277,123,13:03:39,2012-07-30
447550,123765,-76.5,277,123,13:03:41,2012-07-30
447555,123765,-77.0,277,123,13:03:40,2012-07-30
447550,123770,-74.333336,277,123,13:03:42,2012-07-30
447550,123775,-74.727272,277,123,13:03:44,2012-07-30
447540,123780,-76.0,277,123,13:05:21,2012-07-30
447545,123780,-76.0,277,123,13:05:20,2012-07-30
447550,123780,-77.3125,277,123,13:03:46,2012-07-30
447555,123780,-74.833336,277,123,13:03:47,2012-07-30
447530,123785,-76.0,277,123,13:05:23,2012-07-30
447535,123785,-76.0,277,123,13:05:22,2012-07-30
447555,123785,-75.875,277,123,13:03:48,2012-07-30
447560,123785,-77.199997,277,123,13:03:49,2012-07-30
447520,123790,-76.0,277,123,13:05:24,2012-07-30
447560,123790,-76.777779,277,123,13:05:11,2012-07-30
447515,123795,-75.75,277,123,13:05:26,2012-07-30
447565,123795,-76.0,277,123,13:05:10,2012-07-30
447500,123800,-75.875,277,123,13:05:28,2012-07-30
447505,123800,-75.428574,277,123,13:05:26,2012-07-30
447565,123800,-79.0,277,123,13:03:53,2012-07-30
447570,123800,-78.75,277,123,13:03:54,2012-07-30
447495,123805,-74.888885,277,123,13:05:30,2012-07-30
447570,123805,-74.25,277,123,13:05:09,2012-07-30
447575,123805,-77.333336,277,123,13:03:55,2012-07-30
447595,123805,-78.75,277,123,13:04:04,2012-07-30
447600,123805,-77.333336,277,123,13:04:05,2012-07-30
447605,123805,-75.599998,277,123,13:04:07,2012-07-30
447495,123810,-74.0,277,123,13:05:31,2012-07-30
447575,123810,-74.699997,277,123,13:05:07,2012-07-30
447585,123810,-78.0,277,123,13:04:00,2012-07-30
447590,123810,-78.625,277,123,13:04:01,2012-07-30
447600,123810,-79.052635,277,123,13:04:57,2012-07-30
447605,123810,-75.92308,277,123,13:04:07,2012-07-30
447610,123810,-75.0,277,123,13:04:53,2012-07-30
447495,123815,-74.25,277,123,13:05:33,2012-07-30
447580,123815,-77.5,277,123,13:03:57,2012-07-30
447585,123815,-78.0,277,123,13:03:59,2012-07-30
447590,123815,-79.0,277,123,13:05:00,2012-07-30
447595,123815,-80.714287,277,123,13:05:00,2012-07-30
447610,123815,-74.0,277,123,13:04:51,2012-07-30
447500,123820,-74.666664,277,123,13:05:34,2012-07-30
447585,123820,-77.222221,277,123,13:05:04,2012-07-30
447590,123820,-78.666664,277,123,13:05:02,2012-07-30
447615,123820,-74.14286,277,123,13:04:11,2012-07-30
447505,123825,-73.0,277,123,13:05:35,2012-07-30
447615,123825,-73.333336,277,123,13:04:11,2012-07-30
447620,123825,-75.0,277,123,13:04:49,2012-07-30
447505,123830,-73.75,277,123,13:05:36,2012-07-30
447620,123830,-73.75,277,123,13:04:14,2012-07-30
447625,123830,-74.333336,277,123,13:04:16,2012-07-30
447500,123835,-78.400002,277,123,13:07:40,2012-07-30
447505,123835,-78.0,277,123,13:07:39,2012-07-30
447510,123835,-75.599998,277,123,13:07:38,2012-07-30
447515,123835,-75.0,277,123,13:07:36,2012-07-30
447625,123835,-75.523811,277,123,13:04:15,2012-07-30
447630,123835,-74.818184,277,123,13:04:36,2012-07-30
447495,123840,-78.444443,277,123,13:07:41,2012-07-30
447515,123840,-75.625,277,123,13:07:36,2012-07-30
447625,123840,-76.318184,277,123,13:04:21,2012-07-30
447630,123840,-74.833336,277,123,13:04:39,2012-07-30
447490,123845,-79.0,277,123,13:07:43,2012-07-30
447520,123845,-76.5,277,123,13:05:38,2012-07-30
447525,123845,-75.75,277,123,13:07:34,2012-07-30
447485,123850,-78.75,277,123,13:07:44,2012-07-30
447530,123850,-76.125,277,123,13:07:33,2012-07-30
447480,123855,-78.199997,277,123,13:07:45,2012-07-30
447530,123855,-75.0,277,123,13:07:32,2012-07-30
447535,123855,-78.333336,277,123,13:05:41,2012-07-30
447475,123860,-79.0,277,123,13:07:46,2012-07-30
447535,123860,-76.333336,277,123,13:07:31,2012-07-30
447540,123860,-78.199997,277,123,13:05:43,2012-07-30
447470,123865,-79.400002,277,123,13:07:47,2012-07-30
447540,123865,-78.199997,277,123,13:05:43,2012-07-30
447545,123865,-78.388885,277,123,13:05:44,2012-07-30
447465,123870,-80.0,277,123,13:07:48,2012-07-30
447545,123870,-78.882355,277,123,13:07:27,2012-07-30
447545,123875,-79.75,277,123,13:07:24,2012-07-30
447455,123880,-78.5,277,123,13:07:52,2012-07-30
447460,123880,-79.0,277,123,13:07:50,2012-07-30
447535,123880,-79.0,277,123,13:07:22,2012-07-30
447540,123880,-79.777779,277,123,13:05:48,2012-07-30
447445,123885,-77.0,277,123,13:07:55,2012-07-30
447450,123885,-77.0,277,123,13:07:53,2012-07-30
447535,123885,-78.888885,277,123,13:05:51,2012-07-30
447540,123885,-79.0,277,123,13:05:50,2012-07-30
447440,123890,-77.0,277,123,13:07:55,2012-07-30
447530,123890,-79.0,277,123,13:07:19,2012-07-30
447440,123895,-78.599998,277,123,13:07:57,2012-07-30
447525,123895,-78.125,277,123,13:05:52,2012-07-30
447520,123900,-77.875,277,123,13:05:54,2012-07-30
447430,123905,-79.0,277,123,13:07:58,2012-07-30
447515,123905,-76.5,277,123,13:07:16,2012-07-30
447520,123905,-78.0,277,123,13:07:16,2012-07-30
447425,123910,-79.25,277,123,13:08:00,2012-07-30
447510,123910,-77.5,277,123,13:07:14,2012-07-30
447515,123910,-77.25,277,123,13:05:55,2012-07-30
447510,123915,-77.85714,277,123,13:07:14,2012-07-30
447420,123920,-80.0,277,123,13:08:00,2012-07-30
447505,123920,-77.388885,277,123,13:07:12,2012-07-30
447420,123925,-80.199997,277,123,13:08:02,2012-07-30
447495,123930,-76.800003,277,123,13:07:12,2012-07-30
447505,123930,-77.0,277,123,13:06:01,2012-07-30
447490,123935,-77.0,277,123,13:07:10,2012-07-30
447510,123935,-76.599998,277,123,13:06:02,2012-07-30
447520,123935,-75.0,277,123,13:06:04,2012-07-30
447485,123940,-76.5,277,123,13:07:09,2012-07-30
447480,123945,-76.0,277,123,13:07:08,2012-07-30
447530,123945,-75.0,277,123,13:06:06,2012-07-30
447410,123950,-80.5,277,123,13:08:04,2012-07-30
447475,123950,-75.333336,277,123,13:07:07,2012-07-30
447540,123950,-74.599998,277,123,13:06:07,2012-07-30
447470,123955,-75.666664,277,123,13:07:06,2012-07-30
447545,123955,-73.5,277,123,13:06:08,2012-07-30
447550,123960,-72.0,277,123,13:06:09,2012-07-30
447405,123965,-80.599998,277,123,13:08:07,2012-07-30
447465,123965,-76.599998,277,123,13:07:05,2012-07-30
447555,123965,-71.222221,277,123,13:06:12,2012-07-30
447560,123965,-69.555557,277,123,13:06:14,2012-07-30
447350,123970,-74.5,277,123,13:08:25,2012-07-30
447355,123970,-76.199997,277,123,13:08:23,2012-07-30
447365,123970,-78.666664,277,123,13:08:21,2012-07-30
447370,123970,-77.666664,277,123,13:08:19,2012-07-30
447340,123975,-75.0,277,123,13:08:27,2012-07-30
447345,123975,-75.800003,277,123,13:08:26,2012-07-30
447380,123975,-76.25,277,123,13:08:18,2012-07-30
447385,123975,-74.199997,277,123,13:08:17,2012-07-30
447400,123975,-79.0,277,123,13:08:08,2012-07-30
447455,123975,-77.666664,277,123,13:07:03,2012-07-30
447560,123975,-70.666664,277,123,13:06:16,2012-07-30
447390,123980,-73.0,277,123,13:08:15,2012-07-30
447400,123980,-74.769234,277,123,13:08:12,2012-07-30
447560,123980,-71.333336,277,123,13:06:18,2012-07-30
447330,123985,-75.5,277,123,13:08:28,2012-07-30
447335,123985,-75.0,277,123,13:08:27,2012-07-30
447395,123985,-72.25,277,123,13:08:14,2012-07-30
447450,123985,-79.199997,277,123,13:07:02,2012-07-30
447325,123990,-78.545456,277,123,13:08:29,2012-07-30
447445,123990,-79.25,277,123,13:07:00,2012-07-30
447555,123990,-70.666664,277,123,13:06:19,2012-07-30
447310,123995,-79.833336,277,123,13:08:32,2012-07-30
447440,123995,-79.75,277,123,13:06:59,2012-07-30
447550,123995,-72.0,277,123,13:06:20,2012-07-30
447300,124000,-79.0,277,123,13:08:32,2012-07-30
447435,124000,-81.0,277,123,13:06:58,2012-07-30
447545,124000,-72.25,277,123,13:06:21,2012-07-30
447545,124005,-73.0,277,123,13:06:22,2012-07-30
447430,124010,-78.14286,277,123,13:06:57,2012-07-30
447540,124010,-73.0,277,123,13:06:23,2012-07-30
447430,124015,-77.0,277,123,13:06:56,2012-07-30
447430,124020,-75.800003,277,123,13:06:55,2012-07-30
447430,124025,-75.0,277,123,13:06:54,2012-07-30
447535,124025,-73.0,277,123,13:06:24,2012-07-30
447530,124030,-73.75,277,123,13:06:25,2012-07-30
447435,124035,-75.5,277,123,13:06:51,2012-07-30
447525,124040,-76.800003,277,123,13:06:26,2012-07-30
447440,124050,-76.5,277,123,13:06:50,2012-07-30
447525,124050,-78.111115,277,123,13:06:27,2012-07-30
447440,124055,-77.0,277,123,13:06:49,2012-07-30
447520,124055,-79.0,277,123,13:06:28,2012-07-30
447440,124060,-76.199997,277,123,13:06:48,2012-07-30
447515,124065,-79.0,277,123,13:06:29,2012-07-30
447440,124070,-76.75,277,123,13:06:47,2012-07-30
447515,124070,-80.0,277,123,13:06:29,2012-07-30
447440,124075,-78.199997,277,123,13:06:46,2012-07-30
447510,124075,-81.0,277,123,13:06:30,2012-07-30
447515,124075,-81.0,277,123,13:06:30,2012-07-30
447445,124080,-79.0,277,123,13:06:45,2012-07-30
447510,124080,-81.0,277,123,13:06:31,2012-07-30
447445,124085,-79.0,277,123,13:06:44,2012-07-30
447505,124085,-81.0,277,123,13:06:31,2012-07-30
447510,124085,-81.0,277,123,13:06:31,2012-07-30
447445,124090,-78.571426,277,123,13:06:43,2012-07-30
447500,124090,-80.5,277,123,13:06:32,2012-07-30
447450,124095,-78.0,277,123,13:06:42,2012-07-30
447450,124100,-78.75,277,123,13:06:42,2012-07-30
447500,124100,-79.0,277,123,13:06:33,2012-07-30
447455,124105,-79.599998,277,123,13:06:40,2012-07-30
447495,124105,-78.75,277,123,13:06:33,2012-07-30
447460,124110,-79.5,277,123,13:06:39,2012-07-30
447465,124115,-79.0,277,123,13:06:38,2012-07-30
447470,124115,-77.5,277,123,13:06:38,2012-07-30
447485,124115,-78.333336,277,123,13:06:35,2012-07-30
447470,124120,-77.0,277,123,13:06:37,2012-07-30
447475,124120,-78.5,277,123,13:06:36,2012-07-30
447990,124420,-55.0,277,123,15:21:37,2012-07-27
447970,124440,-55.0,277,123,15:21:38,2012-07-27
447955,124455,-55.0,277,123,15:21:40,2012-07-27
447940,124470,-55.0,277,123,15:21:41,2012-07-27
447935,124475,-51.25,277,123,15:21:43,2012-07-27
447925,124485,-40.0,277,123,15:21:43,2012-07-27
447915,124495,-40.0,277,123,15:21:44,2012-07-27
447910,124500,-40.0,277,123,15:21:45,2012-07-27
447905,124505,-40.0,277,123,15:21:46,2012-07-27
447900,124515,-40.0,277,123,15:21:46,2012-07-27
447890,124520,-40.25,277,123,15:21:47,2012-07-27
447885,124530,-41.0,277,123,15:21:48,2012-07-27
447880,124535,-41.25,277,123,15:21:48,2012-07-27
447870,124540,-42.0,277,123,15:21:49,2012-07-27
447875,124540,-42.0,277,123,15:21:49,2012-07-27
447865,124545,-41.799999,277,123,15:21:50,2012-07-27
447855,124555,-41.0,277,123,15:21:51,2012-07-27
447860,124555,-41.0,277,123,15:21:50,2012-07-27
447855,124560,-41.25,277,123,15:21:51,2012-07-27
447840,124575,-42.333332,277,123,15:21:53,2012-07-27
447830,124585,-43.5,277,123,15:21:54,2012-07-27
447825,124595,-45.0,277,123,15:21:55,2012-07-27
447820,124605,-45.799999,277,123,15:21:55,2012-07-27
447815,124610,-47.0,277,123,15:21:56,2012-07-27
447810,124620,-47.333332,277,123,15:21:57,2012-07-27
447805,124630,-48.0,277,123,15:21:58,2012-07-27
447800,124635,-48.25,277,123,15:21:58,2012-07-27
447795,124645,-49.0,277,123,15:21:59,2012-07-27
447790,124650,-49.5,277,123,15:22:00,2012-07-27
447780,124665,-51.0,277,123,15:22:01,2012-07-27
447770,124675,-51.0,277,123,15:22:02,2012-07-27
447765,124680,-51.0,277,123,15:22:02,2012-07-27
447760,124690,-51.0,277,123,15:22:03,2012-07-27
447755,124700,-51.5,277,123,15:22:04,2012-07-27
447745,124710,-53.0,277,123,15:22:05,2012-07-27
447750,124710,-53.0,277,123,15:22:05,2012-07-27
447740,124715,-54.0,277,123,15:22:05,2012-07-27
447745,124715,-53.25,277,123,15:22:05,2012-07-27
447735,124720,-54.0,277,123,15:22:06,2012-07-27
447730,124730,-53.5,277,123,15:22:07,2012-07-27
447725,124735,-52.0,277,123,15:22:07,2012-07-27
447720,124745,-52.333332,277,123,15:22:08,2012-07-27
447715,124750,-53.0,277,123,15:22:09,2012-07-27
447710,124760,-53.25,277,123,15:22:10,2012-07-27
447695,124775,-55.0,277,123,15:22:11,2012-07-27
447690,124785,-57.0,277,123,15:22:12,2012-07-27
447685,124795,-57.5,277,123,15:22:12,2012-07-27
447675,124805,-60.666668,277,123,15:22:14,2012-07-27
447665,124820,-65.0,277,123,15:22:15,2012-07-27
447660,124830,-67.0,277,123,15:22:16,2012-07-27
447655,124835,-67.25,277,123,15:22:17,2012-07-27
447655,124845,-68.0,277,123,15:22:17,2012-07-27
447650,124850,-68.0,277,123,15:22:18,2012-07-27
447650,124855,-68.0,277,123,15:22:18,2012-07-27
447645,124865,-68.0,277,123,15:22:19,2012-07-27
447640,124870,-67.625,277,123,15:22:21,2012-07-27
448425,122985,-78.0,277,123,13:01:35,2012-07-30
448405,122990,-78.0,277,123,13:01:36,2012-07-30
448390,122995,-78.0,277,123,13:01:37,2012-07-30
448375,123000,-78.0,277,123,13:01:38,2012-07-30
448360,123005,-78.0,277,123,13:01:40,2012-07-30
448345,123015,-78.5,277,123,13:01:40,2012-07-30
448325,123020,-80.0,277,123,13:01:41,2012-07-30
448315,123025,-80.5,277,123,13:01:42,2012-07-30
448290,123035,-80.599998,277,123,13:01:44,2012-07-30
448270,123045,-80.0,277,123,13:01:45,2012-07-30
448260,123055,-79.599998,277,123,13:01:47,2012-07-30
448245,123060,-78.0,277,123,13:01:47,2012-07-30
448235,123070,-77.599998,277,123,13:01:48,2012-07-30
448220,123075,-77.0,277,123,13:01:49,2012-07-30
448210,123085,-77.400002,277,123,13:01:50,2012-07-30
448190,123095,-79.0,277,123,13:01:52,2012-07-30
448180,123105,-77.0,277,123,13:01:52,2012-07-30
448155,123125,-75.666664,277,123,13:01:55,2012-07-30
448145,123135,-75.0,277,123,13:01:56,2012-07-30
448130,123145,-74.0,277,123,13:01:57,2012-07-30
448120,123155,-72.699997,277,123,13:01:58,2012-07-30
448110,123165,-72.111115,277,123,13:01:59,2012-07-30
448100,123180,-73.0,277,123,13:02:00,2012-07-30
448080,123195,-73.400002,277,123,13:02:01,2012-07-30
448070,123205,-74.666664,277,123,13:02:02,2012-07-30
448060,123215,-76.75,277,123,13:02:04,2012-07-30
448045,123235,-79.0,277,123,13:02:04,2012-07-30
448035,123245,-79.0,277,123,13:02:05,2012-07-30
448030,123250,-79.0,277,123,13:02:06,2012-07-30
448020,123260,-78.75,277,123,13:02:07,2012-07-30
448010,123265,-78.0,277,123,13:02:07,2012-07-30
448005,123275,-78.5,277,123,13:02:08,2012-07-30
447995,123280,-80.0,277,123,13:02:09,2012-07-30
447985,123290,-80.333336,277,123,13:02:09,2012-07-30
447985,123295,-81.0,277,123,13:02:10,2012-07-30
447975,123305,-80.75,277,123,13:02:11,2012-07-30
447965,123310,-80.0,277,123,13:02:11,2012-07-30
447960,123320,-79.75,277,123,13:02:12,2012-07-30
447950,123330,-79.0,277,123,13:02:13,2012-07-30
447940,123335,-78.75,277,123,13:02:13,2012-07-30
447935,123345,-78.0,277,123,13:02:14,2012-07-30
447930,123350,-78.0,277,123,13:02:15,2012-07-30
447910,123360,-78.333336,277,123,13:02:16,2012-07-30
447900,123375,-78.75,277,123,13:02:18,2012-07-30
447890,123385,-78.0,277,123,13:02:18,2012-07-30
447890,123390,-78.0,277,123,13:02:20,2012-07-30
447885,123395,-78.0,277,123,13:02:19,2012-07-30
447880,123405,-78.25,277,123,13:02:21,2012-07-30
447875,123415,-79.0,277,123,13:02:21,2012-07-30
447870,123430,-79.0,277,123,13:02:23,2012-07-30
447860,123445,-78.599998,277,123,13:02:23,2012-07-30
447855,123450,-78.25,277,123,13:02:25,2012-07-30
447855,123460,-79.199997,277,123,13:02:26,2012-07-30
447850,123465,-80.0,277,123,13:02:27,2012-07-30
447850,123475,-80.0,277,123,13:02:27,2012-07-30
447845,123480,-80.0,277,123,13:02:29,2012-07-30
447840,123485,-79.800003,277,123,13:02:31,2012-07-30
447830,123490,-79.0,277,123,13:02:31,2012-07-30
447825,123495,-79.5,277,123,13:02:33,2012-07-30
447830,123495,-79.0,277,123,13:02:33,2012-07-30
447815,123500,-80.800003,277,123,13:02:35,2012-07-30
447805,123505,-80.0,277,123,13:02:38,2012-07-30
447810,123505,-79.5,277,123,13:02:36,2012-07-30
447800,123510,-82.0,277,123,13:02:38,2012-07-30
447795,123515,-81.833336,277,123,13:02:40,2012-07-30
447800,123515,-82.0,277,123,13:02:39,2012-07-30
447790,123520,-81.0,277,123,13:02:41,2012-07-30
447780,123525,-81.0,277,123,13:02:43,2012-07-30
447775,123530,-80.333336,277,123,13:02:45,2012-07-30
447765,123535,-78.75,277,123,13:02:46,2012-07-30
447765,123540,-78.199997,277,123,13:02:47,2012-07-30
447755,123545,-79.0,277,123,13:02:48,2012-07-30
447755,123550,-78.599998,277,123,13:02:49,2012-07-30
447750,123555,-78.0,277,123,13:02:50,2012-07-30
447745,123560,-77.75,277,123,13:02:52,2012-07-30
447740,123565,-77.0,277,123,13:02:53,2012-07-30
447735,123570,-76.5,277,123,13:02:54,2012-07-30
447730,123580,-75.333336,277,123,13:02:56,2012-07-30
447725,123585,-78.0,277,123,13:02:58,2012-07-30
447730,123585,-76.571426,277,123,13:02:57,2012-07-30
447725,123590,-78.111115,277,123,13:02:58,2012-07-30
447725,123595,-79.0,277,123,13:02:59,2012-07-30
447725,123600,-79.0,277,123,13:03:00,2012-07-30
447720,123605,-79.0,277,123,13:03:01,2012-07-30
447720,123610,-79.25,277,123,13:03:02,2012-07-30
447715,123615,-80.0,277,123,13:03:03,2012-07-30
447720,123615,-80.0,277,123,13:03:02,2012-07-30
447715,123620,-80.0,277,123,13:03:04,2012-07-30
447710,123625,-79.0,277,123,13:03:05,2012-07-30
447715,123625,-79.666664,277,123,13:03:04,2012-07-30
447710,123630,-78.166664,277,123,13:03:07,2012-07-30
447705,123635,-77.0,277,123,13:03:09,2012-07-30
447700,123640,-77.0,277,123,13:03:11,2012-07-30
447705,123640,-77.0,277,123,13:03:10,2012-07-30
447695,123645,-77.0,277,123,13:03:13,2012-07-30
447690,123650,-77.400002,277,123,13:03:14,2012-07-30
447695,123650,-77.0,277,123,13:03:14,2012-07-30
447685,123655,-77.75,277,123,13:03:16,2012-07-30
447680,123660,-77.0,277,123,13:03:16,2012-07-30
447670,123665,-76.666664,277,123,13:03:18,2012-07-30
447665,123670,-76.0,277,123,13:03:19,2012-07-30
447655,123675,-76.0,277,123,13:03:20,2012-07-30
447650,123680,-75.75,277,123,13:03:21,2012-07-30
447645,123685,-75.25,277,123,13:03:22,2012-07-30
447635,123695,-76.800003,277,123,13:03:24,2012-07-30
447630,123700,-78.0,277,123,13:03:26,2012-07-30
447615,123705,-79.0,277,123,13:03:27,2012-07-30
447625,123705,-78.25,277,123,13:03:27,2012-07-30
447610,123710,-79.0,277,123,13:03:28,2012-07-30
447605,123715,-78.599998,277,123,13:03:30,2012-07-30
447585,123725,-75.0,277,123,13:03:33,2012-07-30
447590,123725,-76.5,277,123,13:03:31,2012-07-30
447580,123730,-75.0,277,123,13:03:33,2012-07-30
447570,123740,-75.333336,277,123,13:03:35,2012-07-30
447565,123745,-76.0,277,123,13:03:37,2012-07-30
447565,123750,-76.0,277,123,13:03:38,2012-07-30
447560,123755,-76.25,277,123,13:03:38,2012-07-30
447560,123760,-77.0,277,123,13:03:39,2012-07-30
447550,123765,-76.5,277,123,13:03:41,2012-07-30
447555,123765,-77.0,277,123,13:03:40,2012-07-30
447550,123770,-74.333336,277,123,13:03:42,2012-07-30
447550,123775,-74.727272,277,123,13:03:44,2012-07-30
447540,123780,-76.0,277,123,13:05:21,2012-07-30
447545,123780,-76.0,277,123,13:05:20,2012-07-30
447550,123780,-77.3125,277,123,13:03:46,2012-07-30
447555,123780,-74.833336,277,123,13:03:47,2012-07-30
447530,123785,-76.0,277,123,13:05:23,2012-07-30
447535,123785,-76.0,277,123,13:05:22,2012-07-30
447555,123785,-75.875,277,123,13:03:48,2012-07-30
447560,123785,-77.199997,277,123,13:03:49,2012-07-30
447520,123790,-76.0,277,123,13:05:24,2012-07-30
447560,123790,-76.777779,277,123,13:05:11,2012-07-30
447515,123795,-75.75,277,123,13:05:26,2012-07-30
447565,123795,-76.0,277,123,13:05:10,2012-07-30
447500,123800,-75.875,277,123,13:05:28,2012-07-30
447505,123800,-75.428574,277,123,13:05:26,2012-07-30
447565,123800,-79.0,277,123,13:03:53,2012-07-30
447570,123800,-78.75,277,123,13:03:54,2012-07-30
447495,123805,-74.888885,277,123,13:05:30,2012-07-30
447570,123805,-74.25,277,123,13:05:09,2012-07-30
447575,123805,-77.333336,277,123,13:03:55,2012-07-30
447595,123805,-78.75,277,123,13:04:04,2012-07-30
447600,123805,-77.333336,277,123,13:04:05,2012-07-30
447605,123805,-75.599998,277,123,13:04:07,2012-07-30
447495,123810,-74.0,277,123,13:05:31,2012-07-30
447575,123810,-74.699997,277,123,13:05:07,2012-07-30
447585,123810,-78.0,277,123,13:04:00,2012-07-30
447590,123810,-78.625,277,123,13:04:01,2012-07-30
447600,123810,-79.052635,277,123,13:04:57,2012-07-30
447605,123810,-75.92308,277,123,13:04:07,2012-07-30
447610,123810,-75.0,277,123,13:04:53,2012-07-30
447495,123815,-74.25,277,123,13:05:33,2012-07-30
447580,123815,-77.5,277,123,13:03:57,2012-07-30
447585,123815,-78.0,277,123,13:03:59,2012-07-30
447590,123815,-79.0,277,123,13:05:00,2012-07-30
447595,123815,-80.714287,277,123,13:05:00,2012-07-30
447610,123815,-74.0,277,123,13:04:51,2012-07-30
447500,123820,-74.666664,277,123,13:05:34,2012-07-30
447585,123820,-77.222221,277,123,13:05:04,2012-07-30
447590,123820,-78.666664,277,123,13:05:02,2012-07-30
447615,123820,-74.14286,277,123,13:04:11,2012-07-30
447505,123825,-73.0,277,123,13:05:35,2012-07-30
447615,123825,-73.333336,277,123,13:04:11,2012-07-30
447620,123825,-75.0,277,123,13:04:49,2012-07-30
447505,123830,-73.75,277,123,13:05:36,2012-07-30
447620,123830,-73.75,277,123,13:04:14,2012-07-30
447625,123830,-74.333336,277,123,13:04:16,2012-07-30
447500,123835,-78.400002,277,123,13:07:40,2012-07-30
447505,123835,-78.0,277,123,13:07:39,2012-07-30
447510,123835,-75.599998,277,123,13:07:38,2012-07-30
447515,123835,-75.0,277,123,13:07:36,2012-07-30
447625,123835,-75.523811,277,123,13:04:15,2012-07-30
447630,123835,-74.818184,277,123,13:04:36,2012-07-30
447495,123840,-78.444443,277,123,13:07:41,2012-07-30
447515,123840,-75.625,277,123,13:07:36,2012-07-30
447625,123840,-76.318184,277,123,13:04:21,2012-07-30
447630,123840,-74.833336,277,123,13:04:39,2012-07-30
447490,123845,-79.0,277,123,13:07:43,2012-07-30
447520,123845,-76.5,277,123,13:05:38,2012-07-30
447525,123845,-75.75,277,123,13:07:34,2012-07-30
447485,123850,-78.75,277,123,13:07:44,2012-07-30
447530,123850,-76.125,277,123,13:07:33,2012-07-30
447480,123855,-78.199997,277,123,13:07:45,2012-07-30
447530,123855,-75.0,277,123,13:07:32,2012-07-30
447535,123855,-78.333336,277,123,13:05:41,2012-07-30
447475,123860,-79.0,277,123,13:07:46,2012-07-30
447535,123860,-76.333336,277,123,13:07:31,2012-07-30
447540,123860,-78.199997,277,123,13:05:43,2012-07-30
447470,123865,-79.400002,277,123,13:07:47,2012-07-30
447540,123865,-78.199997,277,123,13:05:43,2012-07-30
447545,123865,-78.388885,277,123,13:05:44,2012-07-30
447465,123870,-80.0,277,123,13:07:48,2012-07-30
447545,123870,-78.882355,277,123,13:07:27,2012-07-30
447545,123875,-79.75,277,123,13:07:24,2012-07-30
447455,123880,-78.5,277,123,13:07:52,2012-07-30
447460,123880,-79.0,277,123,13:07:50,2012-07-30
447535,123880,-79.0,277,123,13:07:22,2012-07-30
447540,123880,-79.777779,277,123,13:05:48,2012-07-30
447445,123885,-77.0,277,123,13:07:55,2012-07-30
447450,123885,-77.0,277,123,13:07:53,2012-07-30
447535,123885,-78.888885,277,123,13:05:51,2012-07-30
447540,123885,-79.0,277,123,13:05:50,2012-07-30
447440,123890,-77.0,277,123,13:07:55,2012-07-30
447530,123890,-79.0,277,123,13:07:19,2012-07-30
447440,123895,-78.599998,277,123,13:07:57,2012-07-30
447525,123895,-78.125,277,123,13:05:52,2012-07-30
447520,123900,-77.875,277,123,13:05:54,2012-07-30
447430,123905,-79.0,277,123,13:07:58,2012-07-30
447515,123905,-76.5,277,123,13:07:16,2012-07-30
447520,123905,-78.0,277,123,13:07:16,2012-07-30
447425,123910,-79.25,277,123,13:08:00,2012-07-30
447510,123910,-77.5,277,123,13:07:14,2012-07-30
447515,123910,-77.25,277,123,13:05:55,2012-07-30
447510,123915,-77.85714,277,123,13:07:14,2012-07-30
447420,123920,-80.0,277,123,13:08:00,2012-07-30
447505,123920,-77.388885,277,123,13:07:12,2012-07-30
447420,123925,-80.199997,277,123,13:08:02,2012-07-30
447495,123930,-76.800003,277,123,13:07:12,2012-07-30
447505,123930,-77.0,277,123,13:06:01,2012-07-30
447490,123935,-77.0,277,123,13:07:10,2012-07-30
447510,123935,-76.599998,277,123,13:06:02,2012-07-30
447520,123935,-75.0,277,123,13:06:04,2012-07-30
447485,123940,-76.5,277,123,13:07:09,2012-07-30
447480,123945,-76.0,277,123,13:07:08,2012-07-30
447530,123945,-75.0,277,123,13:06:06,2012-07-30
447410,123950,-80.5,277,123,13:08:04,2012-07-30
447475,123950,-75.333336,277,123,13:07:07,2012-07-30
447540,123950,-74.599998,277,123,13:06:07,2012-07-30
447470,123955,-75.666664,277,123,13:07:06,2012-07-30
447545,123955,-73.5,277,123,13:06:08,2012-07-30
447550,123960,-72.0,277,123,13:06:09,2012-07-30
447405,123965,-80.599998,277,123,13:08:07,2012-07-30
447465,123965,-76.599998,277,123,13:07:05,2012-07-30
447555,123965,-71.222221,277,123,13:06:12,2012-07-30
447560,123965,-69.555557,277,123,13:06:14,2012-07-30
447350,123970,-74.5,277,123,13:08:25,2012-07-30
447355,123970,-76.199997,277,123,13:08:23,2012-07-30
447365,123970,-78.666664,277,123,13:08:21,2012-07-30
447370,123970,-77.666664,277,123,13:08:19,2012-07-30
447340,123975,-75.0,277,123,13:08:27,2012-07-30
447345,123975,-75.800003,277,123,13:08:26,2012-07-30
447380,123975,-76.25,277,123,13:08:18,2012-07-30
447385,123975,-74.199997,277,123,13:08:17,2012-07-30
447400,123975,-79.0,277,123,13:08:08,2012-07-30
447455,123975,-77.666664,277,123,13:07:03,2012-07-30
447560,123975,-70.666664,277,123,13:06:16,2012-07-30
447390,123980,-73.0,277,123,13:08:15,2012-07-30
447400,123980,-74.769234,277,123,13:08:12,2012-07-30
447560,123980,-71.333336,277,123,13:06:18,2012-07-30
447330,123985,-75.5,277,123,13:08:28,2012-07-30
447335,123985,-75.0,277,123,13:08:27,2012-07-30
447395,123985,-72.25,277,123,13:08:14,2012-07-30
447450,123985,-79.199997,277,123,13:07:02,2012-07-30
447325,123990,-78.545456,277,123,13:08:29,2012-07-30
447445,123990,-79.25,277,123,13:07:00,2012-07-30
447555,123990,-70.666664,277,123,13:06:19,2012-07-30
447310,123995,-79.833336,277,123,13:08:32,2012-07-30
447440,123995,-79.75,277,123,13:06:59,2012-07-30
447550,123995,-72.0,277,123,13:06:20,2012-07-30
447300,124000,-79.0,277,123,13:08:32,2012-07-30
447435,124000,-81.0,277,123,13:06:58,2012-07-30
447545,124000,-72.25,277,123,13:06:21,2012-07-30
447545,124005,-73.0,277,123,13:06:22,2012-07-30
447430,124010,-78.14286,277,123,13:06:57,2012-07-30
447540,124010,-73.0,277,123,13:06:23,2012-07-30
447430,124015,-77.0,277,123,13:06:56,2012-07-30
447430,124020,-75.800003,277,123,13:06:55,2012-07-30
447430,124025,-75.0,277,123,13:06:54,2012-07-30
447535,124025,-73.0,277,123,13:06:24,2012-07-30
447530,124030,-73.75,277,123,13:06:25,2012-07-30
447435,124035,-75.5,277,123,13:06:51,2012-07-30
447525,124040,-76.800003,277,123,13:06:26,2012-07-30
447440,124050,-76.5,277,123,13:06:50,2012-07-30
447525,124050,-78.111115,277,123,13:06:27,2012-07-30
447440,124055,-77.0,277,123,13:06:49,2012-07-30
447520,124055,-79.0,277,123,13:06:28,2012-07-30
447440,124060,-76.199997,277,123,13:06:48,2012-07-30
447515,124065,-79.0,277,123,13:06:29,2012-07-30
447440,124070,-76.75,277,123,13:06:47,2012-07-30
447515,124070,-80.0,277,123,13:06:29,2012-07-30
447440,124075,-78.199997,277,123,13:06:46,2012-07-30
447510,124075,-81.0,277,123,13:06:30,2012-07-30
447515,124075,-81.0,277,123,13:06:30,2012-07-30
447445,124080,-79.0,277,123,13:06:45,2012-07-30
447510,124080,-81.0,277,123,13:06:31,2012-07-30
447445,124085,-79.0,277,123,13:06:44,2012-07-30
447505,124085,-81.0,277,123,13:06:31,2012-07-30
447510,124085,-81.0,277,123,13:06:31,2012-07-30
447445,124090,-78.571426,277,123,13:06:43,2012-07-30
447500,124090,-80.5,277,123,13:06:32,2012-07-30
447450,124095,-78.0,277,123,13:06:42,2012-07-30
447450,124100,-78.75,277,123,13:06:42,2012-07-30
447500,124100,-79.0,277,123,13:06:33,2012-07-30
447455,124105,-79.599998,277,123,13:06:40,2012-07-30
447495,124105,-78.75,277,123,13:06:33,2012-07-30
447460,124110,-79.5,277,123,13:06:39,2012-07-30
447465,124115,-79.0,277,123,13:06:38,2012-07-30
447470,124115,-77.5,277,123,13:06:38,2012-07-30
447485,124115,-78.333336,277,123,13:06:35,2012-07-30
447470,124120,-77.0,277,123,13:06:37,2012-07-30
447475,124120,-78.5,277,123,13:06:36,2012-07-30
447990,124420,-55.0,277,123,15:21:37,2012-07-27
447970,124440,-55.0,277,123,15:21:38,2012-07-27
447955,124455,-55.0,277,123,15:21:40,2012-07-27
447940,124470,-55.0,277,123,15:21:41,2012-07-27
447935,124475,-51.25,277,123,15:21:43,2012-07-27
447925,124485,-40.0,277,123,15:21:43,2012-07-27
447915,124495,-40.0,277,123,15:21:44,2012-07-27
447910,124500,-40.0,277,123,15:21:45,2012-07-27
447905,124505,-40.0,277,123,15:21:46,2012-07-27
447900,124515,-40.0,277,123,15:21:46,2012-07-27
447890,124520,-40.25,277,123,15:21:47,2012-07-27
447885,124530,-41.0,277,123,15:21:48,2012-07-27
447880,124535,-41.25,277,123,15:21:48,2012-07-27
447870,124540,-42.0,277,123,15:21:49,2012-07-27
447875,124540,-42.0,277,123,15:21:49,2012-07-27
447865,124545,-41.799999,277,123,15:21:50,2012-07-27
447855,124555,-41.0,277,123,15:21:51,2012-07-27
447860,124555,-41.0,277,123,15:21:50,2012-07-27
447855,124560,-41.25,277,123,15:21:51,2012-07-27
447840,124575,-42.333332,277,123,15:21:53,2012-07-27
447830,124585,-43.5,277,123,15:21:54,2012-07-27
447825,124595,-45.0,277,123,15:21:55,2012-07-27
447820,124605,-45.799999,277,123,15:21:55,2012-07-27
447815,124610,-47.0,277,123,15:21:56,2012-07-27
447810,124620,-47.333332,277,123,15:21:57,2012-07-27
447805,124630,-48.0,277,123,15:21:58,2012-07-27
447800,124635,-48.25,277,123,15:21:58,2012-07-27
447795,124645,-49.0,277,123,15:21:59,2012-07-27
447790,124650,-49.5,277,123,15:22:00,2012-07-27
447780,124665,-51.0,277,123,15:22:01,2012-07-27
447770,124675,-51.0,277,123,15:22:02,2012-07-27
447765,124680,-51.0,277,123,15:22:02,2012-07-27
447760,124690,-51.0,277,123,15:22:03,2012-07-27
447755,124700,-51.5,277,123,15:22:04,2012-07-27
447745,124710,-53.0,277,123,15:22:05,2012-07-27
447750,124710,-53.0,277,123,15:22:05,2012-07-27
447740,124715,-54.0,277,123,15:22:05,2012-07-27
447745,124715,-53.25,277,123,15:22:05,2012-07-27
447735,124720,-54.0,277,123,15:22:06,2012-07-27
447730,124730,-53.5,277,123,15:22:07,2012-07-27
447725,124735,-52.0,277,123,15:22:07,2012-07-27
447720,124745,-52.333332,277,123,15:22:08,2012-07-27
447715,124750,-53.0,277,123,15:22:09,2012-07-27
447710,124760,-53.25,277,123,15:22:10,2012-07-27
447695,124775,-55.0,277,123,15:22:11,2012-07-27
447690,124785,-57.0,277,123,15:22:12,2012-07-27
447685,124795,-57.5,277,123,15:22:12,2012-07-27
447675,124805,-60.666668,277,123,15:22:14,2012-07-27
447665,124820,-65.0,277,123,15:22:15,2012-07-27
447660,124830,-67.0,277,123,15:22:16,2012-07-27
447655,124835,-67.25,277,123,15:22:17,2012-07-27
447655,124845,-68.0,277,123,15:22:17,2012-07-27
447650,124850,-68.0,277,123,15:22:18,2012-07-27
447650,124855,-68.0,277,123,15:22:18,2012-07-27
447645,124865,-68.0,277,123,15:22:19,2012-07-27
447640,124870,-67.625,277,123,15:22:21,2012-07-27
