460065,112135,-83.0,639,119,14:56:10,2012-07-30
460080,112180,-83.75,639,119,14:56:08,2012-07-30
460090,112215,-84.0,639,119,14:56:07,2012-07-30
460100,112245,-83.25,639,119,14:56:06,2012-07-30
460110,112280,-83.800003,639,119,14:56:05,2012-07-30
460120,112310,-83.25,639,119,14:56:04,2012-07-30
460135,112360,-84.800003,639,119,14:56:03,2012-07-30
460145,112390,-86.0,639,119,14:56:02,2012-07-30
460155,112420,-84.400002,639,119,14:56:01,2012-07-30
460165,112455,-84.0,639,119,14:56:00,2012-07-30
460175,112480,-83.0,639,119,14:55:58,2012-07-30
460180,112485,-83.666664,639,119,14:55:58,2012-07-30
460190,112520,-81.5,639,119,14:55:57,2012-07-30
460200,112550,-81.0,639,119,14:55:56,2012-07-30
460210,112575,-79.666664,639,119,14:55:56,2012-07-30
460225,112615,-79.75,639,119,14:55:54,2012-07-30
460230,112635,-80.0,639,119,14:55:53,2012-07-30
460240,112655,-79.333336,639,119,14:55:53,2012-07-30
460255,112705,-78.25,639,119,14:55:51,2012-07-30
460265,112730,-78.0,639,119,14:55:51,2012-07-30
460270,112745,-76.666664,639,119,14:55:50,2012-07-30
460280,112770,-76.0,639,119,14:55:49,2012-07-30
460285,112790,-75.25,639,119,14:55:48,2012-07-30
460295,112820,-75.0,639,119,14:55:48,2012-07-30
460305,112845,-75.0,639,119,14:55:47,2012-07-30
460315,112885,-72.75,639,119,14:55:46,2012-07-30
460325,112915,-72.0,639,119,14:55:45,2012-07-30
460335,112935,-70.5,639,119,14:55:44,2012-07-30
460340,112955,-70.0,639,119,14:55:44,2012-07-30
460350,112980,-70.666664,639,119,14:55:43,2012-07-30
460355,112990,-71.0,639,119,14:55:43,2012-07-30
460360,113015,-71.0,639,119,14:55:42,2012-07-30
460365,113020,-71.0,639,119,14:55:42,2012-07-30
460365,113030,-70.333336,639,119,14:55:41,2012-07-30
460370,113035,-70.0,639,119,14:55:41,2012-07-30
460370,113040,-70.0,639,119,14:55:41,2012-07-30
460370,113045,-70.0,639,119,14:55:41,2012-07-30
460375,113060,-70.0,639,119,14:55:40,2012-07-30
460380,113075,-63.25,639,119,14:55:40,2012-07-30
460390,113095,-61.0,639,119,14:55:39,2012-07-30
460395,113120,-61.0,639,119,14:55:39,2012-07-30
460405,113140,-61.0,639,119,14:55:38,2012-07-30
460410,113165,-61.0,639,119,14:55:37,2012-07-30
460420,113190,-61.0,639,119,14:55:36,2012-07-30
460430,113220,-61.0,639,119,14:55:36,2012-07-30
460440,113245,-61.0,639,119,14:55:35,2012-07-30
460440,113255,-61.0,639,119,14:55:35,2012-07-30
460445,113260,-61.0,639,119,14:55:35,2012-07-30
460445,113270,-61.0,639,119,14:55:34,2012-07-30
440845,113610,-100.0,639,119,12:24:13,2012-07-26
440850,113615,-100.0,639,119,12:24:14,2012-07-26
440860,113625,-100.0,639,119,12:24:16,2012-07-26
440865,113630,-100.0,639,119,12:24:16,2012-07-26
440875,113635,-100.33334,639,119,12:24:17,2012-07-26
440880,113640,-101.0,639,119,12:24:18,2012-07-26
440885,113640,-101.0,639,119,12:24:18,2012-07-26
440885,113645,-101.0,639,119,12:24:18,2012-07-26
440890,113645,-101.0,639,119,12:24:18,2012-07-26
440895,113650,-101.0,639,119,12:24:19,2012-07-26
440920,113660,-100.5,639,119,12:24:21,2012-07-26
440925,113665,-100.0,639,119,12:24:22,2012-07-26
440935,113670,-100.33334,639,119,12:24:23,2012-07-26
440950,113675,-100.2,639,119,12:24:24,2012-07-26
440955,113680,-98.599998,639,119,12:24:25,2012-07-26
440965,113685,-98.0,639,119,12:24:26,2012-07-26
440970,113690,-98.25,639,119,12:24:27,2012-07-26
440980,113700,-99.0,639,119,12:24:28,2012-07-26
440985,113710,-99.0,639,119,12:24:29,2012-07-26
440985,113715,-99.0,639,119,12:24:30,2012-07-26
440990,113730,-99.5,639,119,12:24:31,2012-07-26
440990,113740,-101.0,639,119,12:24:32,2012-07-26
440995,113750,-101.8,639,119,12:24:33,2012-07-26
440995,113755,-103.0,639,119,12:24:34,2012-07-26
440995,113765,-103.0,639,119,12:24:35,2012-07-26
441530,113895,-89.0,639,119,12:26:01,2012-07-26
441530,113900,-89.125,639,119,12:26:01,2012-07-26
441535,113910,-90.0,639,119,12:26:03,2012-07-26
441825,113910,-92.199997,639,119,12:26:38,2012-07-26
441835,113910,-93.0,639,119,12:26:39,2012-07-26
441845,113910,-92.714287,639,119,12:26:40,2012-07-26
441540,113915,-89.599998,639,119,12:26:04,2012-07-26
441810,113915,-92.0,639,119,12:26:36,2012-07-26
441550,113920,-89.0,639,119,12:26:05,2012-07-26
441795,113920,-94.75,639,119,12:26:34,2012-07-26
441800,113920,-94.0,639,119,12:26:35,2012-07-26
441805,113920,-93.5,639,119,12:26:36,2012-07-26
441560,113925,-88.599998,639,119,12:26:06,2012-07-26
441760,113925,-95.0,639,119,12:26:31,2012-07-26
441765,113925,-95.0,639,119,12:26:31,2012-07-26
441775,113925,-95.0,639,119,12:26:32,2012-07-26
441780,113925,-95.0,639,119,12:26:33,2012-07-26
441790,113925,-95.0,639,119,12:26:33,2012-07-26
441570,113930,-87.0,639,119,12:26:07,2012-07-26
441750,113930,-95.0,639,119,12:26:29,2012-07-26
441755,113930,-95.0,639,119,12:26:30,2012-07-26
441575,113935,-86.5,639,119,12:26:08,2012-07-26
441580,113935,-85.0,639,119,12:26:09,2012-07-26
441745,113935,-95.0,639,119,12:26:29,2012-07-26
441735,113940,-95.0,639,119,12:26:27,2012-07-26
441740,113940,-95.0,639,119,12:26:28,2012-07-26
441595,113945,-85.0,639,119,12:26:10,2012-07-26
441730,113945,-95.0,639,119,12:26:26,2012-07-26
441720,113950,-95.0,639,119,12:26:26,2012-07-26
441725,113950,-95.0,639,119,12:26:26,2012-07-26
441600,113955,-84.599998,639,119,12:26:11,2012-07-26
441705,113955,-96.0,639,119,12:26:24,2012-07-26
441710,113955,-96.0,639,119,12:26:24,2012-07-26
441715,113955,-95.800003,639,119,12:26:25,2012-07-26
441700,113960,-96.0,639,119,12:26:23,2012-07-26
441610,113965,-84.5,639,119,12:26:12,2012-07-26
441615,113970,-86.0,639,119,12:26:13,2012-07-26
441620,113975,-86.75,639,119,12:26:13,2012-07-26
441630,113985,-90.0,639,119,12:26:15,2012-07-26
441645,113990,-92.75,639,119,12:26:16,2012-07-26
441650,113990,-95.0,639,119,12:26:17,2012-07-26
460675,114875,-49.0,639,119,14:54:48,2012-07-30
460670,114905,-49.0,639,119,14:54:47,2012-07-30
460665,114940,-49.0,639,119,14:54:45,2012-07-30
460660,114970,-49.0,639,119,14:54:44,2012-07-30
460655,115015,-49.0,639,119,14:54:43,2012-07-30
460645,115065,-49.0,639,119,14:54:42,2012-07-30
460640,115095,-49.375,639,119,14:54:40,2012-07-30
460630,115125,-50.0,639,119,14:54:40,2012-07-30
460620,115170,-51.333332,639,119,14:54:39,2012-07-30
460615,115200,-52.666668,639,119,14:54:38,2012-07-30
460605,115230,-53.75,639,119,14:54:36,2012-07-30
460600,115260,-55.200001,639,119,14:54:35,2012-07-30
460590,115305,-57.333332,639,119,14:54:34,2012-07-30
460575,115345,-58.666668,639,119,14:54:32,2012-07-30
460570,115375,-59.666668,639,119,14:54:31,2012-07-30
460560,115395,-60.0,639,119,14:54:30,2012-07-30
460560,115410,-59.25,639,119,14:54:29,2012-07-30
460555,115415,-59.0,639,119,14:54:29,2012-07-30
460540,115460,-59.0,639,119,14:54:28,2012-07-30
460525,115505,-58.0,639,119,14:54:26,2012-07-30
460520,115530,-58.5,639,119,14:54:26,2012-07-30
460510,115555,-56.5,639,119,14:54:25,2012-07-30
460490,115600,-56.0,639,119,14:54:24,2012-07-30
460485,115625,-56.0,639,119,14:54:23,2012-07-30
460470,115650,-58.0,639,119,14:54:22,2012-07-30
460455,115695,-59.0,639,119,14:54:21,2012-07-30
460435,115730,-59.0,639,119,14:54:19,2012-07-30
460425,115765,-59.0,639,119,14:54:18,2012-07-30
460415,115780,-63.666668,639,119,14:54:18,2012-07-30
460395,115825,-66.0,639,119,14:54:17,2012-07-30
460385,115850,-66.0,639,119,14:54:16,2012-07-30
460370,115870,-66.0,639,119,14:54:15,2012-07-30
460345,115920,-66.0,639,119,14:54:14,2012-07-30
460345,115925,-66.0,639,119,14:54:14,2012-07-30
460340,115930,-66.0,639,119,14:54:13,2012-07-30
460340,115935,-66.0,639,119,14:54:13,2012-07-30
460335,115945,-66.0,639,119,14:54:13,2012-07-30
460320,115965,-66.0,639,119,14:54:12,2012-07-30
460320,115970,-66.0,639,119,14:54:12,2012-07-30
460315,115975,-66.0,639,119,14:54:12,2012-07-30
460320,115975,-66.0,639,119,14:54:12,2012-07-30
460310,115985,-66.0,639,119,14:54:11,2012-07-30
460310,115990,-66.0,639,119,14:54:11,2012-07-30
460300,116000,-67.0,639,119,14:54:11,2012-07-30
460305,116000,-66.800003,639,119,14:54:11,2012-07-30
460295,116010,-67.0,639,119,14:54:11,2012-07-30
460290,116025,-67.0,639,119,14:54:10,2012-07-30
460280,116035,-67.0,639,119,14:54:10,2012-07-30
460275,116045,-67.75,639,119,14:54:10,2012-07-30
460260,116070,-68.0,639,119,14:54:09,2012-07-30
460255,116080,-71.333336,639,119,14:54:08,2012-07-30
460245,116100,-73.0,639,119,14:54:07,2012-07-30
460215,116145,-73.0,639,119,14:54:07,2012-07-30
460190,116185,-73.0,639,119,14:54:05,2012-07-30
460170,116215,-73.0,639,119,14:54:04,2012-07-30
460130,116275,-72.333336,639,119,14:54:03,2012-07-30
460110,116300,-70.0,639,119,14:54:01,2012-07-30
460095,116330,-69.0,639,119,14:54:00,2012-07-30
460085,116340,-71.25,639,119,14:54:00,2012-07-30
460045,116395,-72.0,639,119,14:53:58,2012-07-30
460025,116420,-73.333336,639,119,14:53:57,2012-07-30
459990,116475,-76.666664,639,119,14:53:55,2012-07-30
459970,116500,-80.666664,639,119,14:53:54,2012-07-30
459955,116525,-82.0,639,119,14:53:53,2012-07-30
459875,116625,-83.0,639,119,14:53:48,2012-07-30
459860,116650,-83.0,639,119,14:53:47,2012-07-30
459835,116680,-83.0,639,119,14:53:46,2012-07-30
459825,116690,-83.0,639,119,14:53:45,2012-07-30
459810,116710,-83.0,639,119,14:53:44,2012-07-30
459795,116730,-83.0,639,119,14:53:43,2012-07-30
449730,123170,-75.333336,639,119,16:53:37,2012-07-31
449695,123175,-72.0,639,119,16:53:32,2012-07-31
449750,123180,-77.0,639,119,16:53:39,2012-07-31
449755,123180,-77.599998,639,119,16:53:39,2012-07-31
449755,123185,-80.0,639,119,16:53:39,2012-07-31
449680,123190,-72.0,639,119,16:53:30,2012-07-31
449765,123190,-80.666664,639,119,16:53:41,2012-07-31
449670,123195,-72.0,639,119,16:53:29,2012-07-31
449775,123200,-82.0,639,119,16:53:42,2012-07-31
449780,123200,-82.0,639,119,16:53:43,2012-07-31
449785,123200,-81.833336,639,119,16:53:44,2012-07-31
449790,123210,-81.0,639,119,16:53:44,2012-07-31
449425,123915,-74.0,639,119,16:47:00,2012-07-31
449420,123925,-74.0,639,119,16:46:59,2012-07-31
449415,123940,-74.0,639,119,16:46:58,2012-07-31
449410,123945,-74.0,639,119,16:46:58,2012-07-31
449410,123950,-74.0,639,119,16:46:58,2012-07-31
449405,123960,-74.0,639,119,16:46:57,2012-07-31
449400,123970,-74.75,639,119,16:46:57,2012-07-31
449385,123995,-74.333336,639,119,16:46:55,2012-07-31
449370,124020,-74.75,639,119,16:46:54,2012-07-31
449355,124050,-73.0,639,119,16:46:53,2012-07-31
449340,124075,-71.333336,639,119,16:46:51,2012-07-31
449325,124100,-69.666664,639,119,16:46:50,2012-07-31
449310,124120,-69.666664,639,119,16:46:48,2012-07-31
449295,124145,-70.0,639,119,16:46:47,2012-07-31
449285,124160,-70.666664,639,119,16:46:46,2012-07-31
449275,124170,-71.0,639,119,16:46:45,2012-07-31
449270,124180,-69.5,639,119,16:46:44,2012-07-31
449260,124195,-69.0,639,119,16:46:43,2012-07-31
448945,124205,-56.0,639,119,15:18:09,2012-07-27
448965,124205,-55.333332,639,119,15:18:07,2012-07-27
448975,124205,-55.0,639,119,15:18:06,2012-07-27
448935,124210,-56.333332,639,119,15:18:09,2012-07-27
448985,124210,-53.909092,639,119,15:18:05,2012-07-27
449255,124210,-69.75,639,119,16:46:43,2012-07-31
448925,124220,-58.0,639,119,15:18:10,2012-07-27
448920,124225,-59.25,639,119,15:18:12,2012-07-27
448995,124225,-52.0,639,119,15:18:03,2012-07-27
449245,124225,-70.0,639,119,16:46:41,2012-07-31
449235,124240,-70.0,639,119,16:46:40,2012-07-31
449000,124245,-54.5,639,119,15:18:02,2012-07-27
449230,124245,-68.0,639,119,16:46:40,2012-07-31
448905,124250,-57.0,639,119,15:18:13,2012-07-27
449230,124250,-67.0,639,119,16:46:40,2012-07-31
448420,124260,-59.0,639,119,15:21:01,2012-07-27
448430,124260,-59.0,639,119,15:21:01,2012-07-27
448440,124260,-60.333332,639,119,15:21:00,2012-07-27
448455,124260,-61.0,639,119,15:20:58,2012-07-27
448460,124260,-61.666668,639,119,15:20:57,2012-07-27
448900,124260,-57.0,639,119,15:18:14,2012-07-27
449005,124260,-55.75,639,119,15:18:01,2012-07-27
448410,124265,-58.333332,639,119,15:21:03,2012-07-27
448480,124265,-62.666668,639,119,15:20:56,2012-07-27
448490,124265,-64.5,639,119,15:20:54,2012-07-27
448495,124265,-65.0,639,119,15:20:53,2012-07-27
449220,124265,-67.0,639,119,16:46:39,2012-07-31
448500,124270,-65.0,639,119,15:20:52,2012-07-27
448510,124270,-64.333336,639,119,15:20:51,2012-07-27
448895,124270,-56.666668,639,119,15:18:16,2012-07-27
449215,124270,-67.0,639,119,16:46:39,2012-07-31
449220,124270,-67.0,639,119,16:46:39,2012-07-31
448385,124275,-55.666668,639,119,15:21:04,2012-07-27
448515,124275,-64.75,639,119,15:20:49,2012-07-27
449215,124275,-66.5,639,119,16:46:38,2012-07-31
448370,124280,-51.0,639,119,15:21:06,2012-07-27
448375,124280,-54.0,639,119,15:21:06,2012-07-27
448510,124280,-65.5,639,119,15:20:44,2012-07-27
448515,124280,-66.555557,639,119,15:20:46,2012-07-27
448525,124280,-66.0,639,119,15:18:51,2012-07-27
448535,124280,-66.800003,639,119,15:18:50,2012-07-27
448540,124280,-67.0,639,119,15:18:49,2012-07-27
449005,124280,-57.333332,639,119,15:17:59,2012-07-27
449210,124280,-66.0,639,119,16:46:38,2012-07-31
448505,124285,-65.0,639,119,15:20:43,2012-07-27
448515,124285,-64.75,639,119,15:18:53,2012-07-27
448520,124285,-65.75,639,119,15:18:51,2012-07-27
448550,124285,-67.75,639,119,15:18:47,2012-07-27
448885,124285,-56.0,639,119,15:18:17,2012-07-27
449205,124285,-66.0,639,119,16:46:38,2012-07-31
448360,124290,-50.0,639,119,15:21:07,2012-07-27
448495,124290,-59.333332,639,119,15:20:40,2012-07-27
448500,124290,-61.666668,639,119,15:20:42,2012-07-27
448510,124290,-64.0,639,119,15:18:54,2012-07-27
448555,124290,-68.0,639,119,15:18:46,2012-07-27
448560,124290,-66.666664,639,119,15:18:46,2012-07-27
449205,124290,-66.0,639,119,16:46:37,2012-07-31
448505,124295,-64.25,639,119,15:18:54,2012-07-27
448880,124295,-55.0,639,119,15:18:17,2012-07-27
449200,124295,-65.0,639,119,16:46:37,2012-07-31
448345,124300,-46.666668,639,119,15:21:08,2012-07-27
448480,124300,-57.0,639,119,15:20:39,2012-07-27
448500,124300,-65.0,639,119,15:18:56,2012-07-27
449000,124300,-59.333332,639,119,15:17:58,2012-07-27
448335,124305,-44.0,639,119,15:21:09,2012-07-27
448585,124305,-62.666668,639,119,15:18:44,2012-07-27
448870,124305,-51.666668,639,119,15:18:19,2012-07-27
448330,124310,-43.5,639,119,15:21:10,2012-07-27
448475,124310,-55.400002,639,119,15:20:37,2012-07-27
448490,124310,-64.599998,639,119,15:18:57,2012-07-27
448590,124310,-61.0,639,119,15:18:43,2012-07-27
449190,124310,-64.0,639,119,16:46:36,2012-07-31
448320,124315,-42.0,639,119,15:21:10,2012-07-27
449000,124315,-62.0,639,119,15:17:56,2012-07-27
449185,124315,-62.0,639,119,16:46:36,2012-07-31
448310,124320,-41.5,639,119,15:21:11,2012-07-27
448470,124320,-55.0,639,119,15:20:36,2012-07-27
448605,124320,-59.400002,639,119,15:18:42,2012-07-27
448290,124325,-40.0,639,119,15:21:13,2012-07-27
448300,124325,-40.0,639,119,15:21:12,2012-07-27
448475,124325,-61.666668,639,119,15:18:58,2012-07-27
448855,124325,-51.0,639,119,15:18:20,2012-07-27
448470,124330,-53.799999,639,119,15:20:36,2012-07-27
448615,124330,-58.333332,639,119,15:18:42,2012-07-27
448620,124330,-57.5,639,119,15:18:40,2012-07-27
448260,124335,-42.0,639,119,15:21:15,2012-07-27
448270,124335,-40.5,639,119,15:21:14,2012-07-27
448470,124335,-57.333332,639,119,15:19:00,2012-07-27
448845,124335,-50.5,639,119,15:18:22,2012-07-27
449170,124335,-58.75,639,119,16:46:34,2012-07-31
448235,124340,-48.333332,639,119,15:21:17,2012-07-27
448240,124340,-47.0,639,119,15:21:16,2012-07-27
448250,124340,-43.25,639,119,15:21:15,2012-07-27
448635,124340,-57.0,639,119,15:18:39,2012-07-27
448155,124345,-57.25,639,119,15:21:22,2012-07-27
448165,124345,-58.0,639,119,15:21:22,2012-07-27
448175,124345,-57.333332,639,119,15:21:21,2012-07-27
448185,124345,-57.0,639,119,15:21:20,2012-07-27
448190,124345,-56.25,639,119,15:21:20,2012-07-27
448205,124345,-56.0,639,119,15:21:19,2012-07-27
448215,124345,-52.666668,639,119,15:21:18,2012-07-27
448470,124345,-53.285713,639,119,15:20:35,2012-07-27
448645,124345,-57.0,639,119,15:18:38,2012-07-27
448995,124345,-62.25,639,119,15:17:54,2012-07-27
449165,124345,-58.0,639,119,16:46:34,2012-07-31
448135,124350,-54.0,639,119,15:21:24,2012-07-27
448655,124350,-57.75,639,119,15:18:37,2012-07-27
448825,124350,-49.666668,639,119,15:18:23,2012-07-27
448120,124355,-51.666668,639,119,15:21:25,2012-07-27
448475,124355,-54.0,639,119,15:20:33,2012-07-27
448480,124355,-53.25,639,119,15:19:01,2012-07-27
448660,124355,-58.0,639,119,15:18:37,2012-07-27
448100,124360,-51.0,639,119,15:21:27,2012-07-27
448480,124360,-51.0,639,119,15:19:03,2012-07-27
448665,124360,-58.0,639,119,15:18:36,2012-07-27
448670,124360,-57.200001,639,119,15:18:36,2012-07-27
448805,124360,-51.25,639,119,15:18:25,2012-07-27
449155,124360,-58.0,639,119,16:46:33,2012-07-31
448090,124365,-51.0,639,119,15:21:27,2012-07-27
448675,124365,-57.0,639,119,15:18:35,2012-07-27
448680,124365,-57.0,639,119,15:18:35,2012-07-27
448785,124365,-52.25,639,119,15:18:26,2012-07-27
448795,124365,-52.0,639,119,15:18:25,2012-07-27
448995,124365,-62.0,639,119,15:17:53,2012-07-27
448075,124370,-50.666668,639,119,15:21:30,2012-07-27
448080,124370,-50.75,639,119,15:21:28,2012-07-27
448485,124370,-47.333332,639,119,15:19:04,2012-07-27
448685,124370,-57.0,639,119,15:18:35,2012-07-27
448690,124370,-57.0,639,119,15:18:34,2012-07-27
448770,124370,-53.25,639,119,15:18:27,2012-07-27
448780,124370,-53.0,639,119,15:18:27,2012-07-27
448485,124375,-52.666668,639,119,15:20:32,2012-07-27
448705,124375,-56.333332,639,119,15:18:33,2012-07-27
448725,124375,-54.666668,639,119,15:18:32,2012-07-27
448750,124375,-54.0,639,119,15:18:29,2012-07-27
448755,124375,-54.0,639,119,15:18:29,2012-07-27
448765,124375,-54.0,639,119,15:18:28,2012-07-27
449140,124375,-57.25,639,119,16:46:31,2012-07-31
448055,124380,-53.333332,639,119,15:21:31,2012-07-27
448730,124380,-54.0,639,119,15:18:31,2012-07-27
448740,124380,-54.0,639,119,15:18:30,2012-07-27
448490,124385,-48.285713,639,119,15:19:05,2012-07-27
448990,124385,-61.333332,639,119,15:17:52,2012-07-27
448025,124395,-56.0,639,119,15:21:34,2012-07-27
448030,124395,-55.666668,639,119,15:21:32,2012-07-27
449125,124395,-57.0,639,119,16:46:31,2012-07-31
448490,124400,-45.5,639,119,15:19:06,2012-07-27
448485,124405,-50.333332,639,119,15:20:29,2012-07-27
448010,124410,-57.0,639,119,15:21:34,2012-07-27
448490,124410,-44.0,639,119,15:19:06,2012-07-27
449110,124410,-58.599998,639,119,16:46:30,2012-07-31
448000,124415,-56.625,639,119,15:21:35,2012-07-27
448485,124415,-46.0,639,119,15:20:27,2012-07-27
448990,124415,-61.0,639,119,15:17:50,2012-07-27
448485,124420,-45.799999,639,119,15:19:07,2012-07-27
449100,124425,-60.5,639,119,16:46:29,2012-07-31
448485,124430,-47.0,639,119,15:19:08,2012-07-27
448985,124430,-59.5,639,119,15:17:49,2012-07-27
448485,124435,-45.333332,639,119,15:20:26,2012-07-27
449085,124435,-61.666668,639,119,16:46:27,2012-07-31
448485,124440,-46.666668,639,119,15:19:08,2012-07-27
448985,124440,-61.0,639,119,15:17:48,2012-07-27
449065,124455,-62.0,639,119,16:46:26,2012-07-31
448480,124460,-46.0,639,119,15:19:10,2012-07-27
448485,124460,-43.666668,639,119,15:20:25,2012-07-27
448985,124460,-63.666668,639,119,15:17:46,2012-07-27
449050,124470,-62.0,639,119,16:46:25,2012-07-31
448985,124475,-65.5,639,119,15:17:45,2012-07-27
449050,124475,-53.0,639,119,15:16:46,2012-07-27
448485,124480,-46.0,639,119,15:19:11,2012-07-27
448985,124480,-66.0,639,119,15:17:44,2012-07-27
449040,124480,-61.142857,639,119,16:46:24,2012-07-31
449050,124480,-53.0,639,119,15:16:46,2012-07-27
448485,124485,-43.0,639,119,15:20:23,2012-07-27
449040,124485,-53.0,639,119,15:16:48,2012-07-27
449045,124485,-53.0,639,119,15:16:47,2012-07-27
448485,124490,-46.0,639,119,15:19:12,2012-07-27
448990,124490,-66.666664,639,119,15:17:44,2012-07-27
449025,124490,-61.0,639,119,16:46:23,2012-07-31
449035,124490,-53.0,639,119,15:16:48,2012-07-27
449040,124490,-53.0,639,119,15:16:48,2012-07-27
449030,124495,-67.147537,639,119,15:16:50,2012-07-27
448485,124500,-46.666668,639,119,15:19:13,2012-07-27
448995,124500,-67.666664,639,119,15:17:42,2012-07-27
449025,124500,-65.0,639,119,15:17:25,2012-07-27
449030,124500,-70.0,639,119,15:17:10,2012-07-27
448485,124505,-43.666668,639,119,15:20:22,2012-07-27
449000,124505,-66.666664,639,119,15:17:41,2012-07-27
449015,124505,-67.0,639,119,15:17:36,2012-07-27
449020,124505,-65.849998,639,119,15:17:31,2012-07-27
448485,124510,-48.0,639,119,15:19:13,2012-07-27
449005,124510,-68.666664,639,119,18:26:09,2012-07-27
449005,124510,-60.25,639,119,16:46:22,2012-07-31
449010,124510,-66.666664,639,119,15:17:39,2012-07-27
449015,124510,-67.0,639,119,15:17:38,2012-07-27
448485,124515,-44.0,639,119,15:20:21,2012-07-27
448995,124515,-59.333332,639,119,16:46:20,2012-07-31
449000,124515,-64.0,639,119,18:26:02,2012-07-27
449005,124515,-66.239998,639,119,18:26:03,2012-07-27
449020,124515,-65.400002,639,119,18:26:13,2012-07-27
448485,124520,-47.25,639,119,15:19:14,2012-07-27
448990,124520,-69.666664,639,119,18:25:18,2012-07-27
448990,124520,-60.0,639,119,16:46:21,2012-07-31
448995,124520,-63.177418,639,119,18:25:52,2012-07-27
449000,124520,-64.0,639,119,18:26:01,2012-07-27
448985,124525,-59.0,639,119,16:46:19,2012-07-31
448990,124525,-67.666664,639,119,18:25:17,2012-07-27
449030,124525,-62.666668,639,119,18:26:15,2012-07-27
448485,124530,-43.25,639,119,15:20:20,2012-07-27
448975,124530,-61.25,639,119,16:46:19,2012-07-31
448980,124530,-64.75,639,119,18:25:15,2012-07-27
448985,124530,-67.0,639,119,18:25:16,2012-07-27
448975,124535,-64.666664,639,119,18:25:14,2012-07-27
449035,124535,-61.333332,639,119,18:26:16,2012-07-27
448965,124540,-62.0,639,119,16:46:18,2012-07-31
448970,124540,-65.0,639,119,18:25:13,2012-07-27
448485,124545,-45.0,639,119,15:19:15,2012-07-27
448960,124545,-67.25,639,119,18:25:13,2012-07-27
448960,124545,-61.25,639,119,16:46:17,2012-07-31
449045,124545,-61.0,639,119,18:26:18,2012-07-27
448485,124555,-43.666668,639,119,15:20:19,2012-07-27
448945,124555,-67.75,639,119,15:50:04,2012-07-27
448950,124555,-64.0,639,119,15:50:05,2012-07-27
448955,124555,-63.5,639,119,15:50:06,2012-07-27
448960,124555,-61.857143,639,119,15:50:07,2012-07-27
448485,124560,-44.333332,639,119,15:19:17,2012-07-27
448935,124560,-61.75,639,119,16:46:16,2012-07-31
448940,124560,-67.0,639,119,18:25:11,2012-07-27
448960,124560,-58.42857,639,119,15:50:08,2012-07-27
448925,124565,-62.0,639,119,16:46:15,2012-07-31
448930,124565,-68.5,639,119,15:50:01,2012-07-27
448935,124565,-67.400002,639,119,15:50:02,2012-07-27
448960,124565,-55.857143,639,119,15:50:10,2012-07-27
449060,124565,-64.333336,639,119,18:26:19,2012-07-27
448485,124575,-44.0,639,119,15:20:17,2012-07-27
448915,124575,-68.666664,639,119,18:25:08,2012-07-27
448920,124575,-63.333332,639,119,16:46:14,2012-07-31
448950,124575,-55.666668,639,119,15:50:13,2012-07-27
448480,124580,-44.0,639,119,15:20:17,2012-07-27
448485,124580,-42.666668,639,119,15:19:18,2012-07-27
448910,124580,-68.25,639,119,15:49:59,2012-07-27
448945,124580,-57.400002,639,119,15:50:13,2012-07-27
449075,124580,-68.333336,639,119,18:26:20,2012-07-27
448900,124585,-68.333336,639,119,18:25:07,2012-07-27
448900,124585,-66.0,639,119,16:46:13,2012-07-31
448940,124585,-59.0,639,119,15:50:15,2012-07-27
449080,124585,-71.0,639,119,18:26:21,2012-07-27
448890,124590,-67.0,639,119,16:46:12,2012-07-31
448895,124590,-68.599998,639,119,15:49:58,2012-07-27
448895,124590,-67.0,639,119,16:46:13,2012-07-31
448930,124590,-59.333332,639,119,15:50:15,2012-07-27
449085,124590,-71.0,639,119,18:26:21,2012-07-27
448480,124595,-44.666668,639,119,15:20:16,2012-07-27
448920,124595,-61.0,639,119,15:50:18,2012-07-27
448925,124595,-60.25,639,119,15:50:17,2012-07-27
449085,124595,-71.0,639,119,18:26:22,2012-07-27
449090,124595,-71.0,639,119,18:26:22,2012-07-27
448480,124600,-41.333332,639,119,15:19:20,2012-07-27
448875,124600,-64.0,639,119,16:46:11,2012-07-31
448880,124600,-66.666664,639,119,18:00:47,2012-07-27
448880,124600,-64.75,639,119,16:46:12,2012-07-31
448890,124600,-64.0,639,119,15:50:23,2012-07-27
448895,124600,-63.25,639,119,15:50:22,2012-07-27
448915,124600,-61.0,639,119,15:50:18,2012-07-27
449090,124600,-71.0,639,119,18:26:22,2012-07-27
448870,124605,-64.0,639,119,16:46:11,2012-07-31
448880,124605,-64.0,639,119,15:50:25,2012-07-27
448885,124605,-64.0,639,119,15:50:25,2012-07-27
448900,124605,-61.799999,639,119,15:50:21,2012-07-27
448905,124605,-61.0,639,119,15:50:20,2012-07-27
448860,124610,-67.0,639,119,18:25:04,2012-07-27
448865,124610,-66.666664,639,119,18:25:04,2012-07-27
448865,124610,-66.0,639,119,16:46:10,2012-07-31
448870,124610,-64.0,639,119,15:50:27,2012-07-27
448470,124615,-47.0,639,119,15:20:15,2012-07-27
448845,124615,-66.25,639,119,18:25:03,2012-07-27
448850,124615,-67.0,639,119,18:25:03,2012-07-27
448855,124615,-67.0,639,119,18:00:47,2012-07-27
448855,124615,-67.0,639,119,16:46:09,2012-07-31
448475,124620,-40.0,639,119,15:19:21,2012-07-27
448835,124620,-66.0,639,119,18:25:02,2012-07-27
448840,124620,-66.0,639,119,18:00:47,2012-07-27
448840,124620,-67.0,639,119,16:46:08,2012-07-31
448845,124620,-67.0,639,119,16:46:08,2012-07-31
448860,124620,-63.333332,639,119,15:50:28,2012-07-27
448825,124625,-66.0,639,119,18:25:01,2012-07-27
448830,124625,-66.0,639,119,18:25:02,2012-07-27
448830,124625,-65.0,639,119,16:46:07,2012-07-31
448835,124625,-66.0,639,119,18:00:47,2012-07-27
448835,124625,-67.0,639,119,16:46:08,2012-07-31
448845,124625,-62.333332,639,119,15:50:30,2012-07-27
448475,124630,-40.0,639,119,15:19:22,2012-07-27
448820,124630,-66.199997,639,119,15:49:52,2012-07-27
448825,124630,-65.5,639,119,18:25:01,2012-07-27
448825,124630,-63.0,639,119,16:46:07,2012-07-31
448840,124630,-63.0,639,119,15:50:30,2012-07-27
448810,124635,-62.333332,639,119,18:25:00,2012-07-27
448815,124635,-63.0,639,119,16:46:07,2012-07-31
448830,124635,-63.0,639,119,15:50:31,2012-07-27
448465,124640,-49.333332,639,119,15:20:13,2012-07-27
448470,124640,-40.75,639,119,15:19:22,2012-07-27
448805,124640,-59.25,639,119,16:46:06,2012-07-31
448810,124640,-63.599998,639,119,15:49:51,2012-07-27
448790,124645,-60.25,639,119,18:24:59,2012-07-27
448795,124645,-62.0,639,119,15:49:51,2012-07-27
448810,124645,-63.0,639,119,15:50:32,2012-07-27
448780,124650,-60.0,639,119,18:00:47,2012-07-27
448790,124650,-56.666668,639,119,16:46:05,2012-07-31
448775,124655,-59.25,639,119,18:24:57,2012-07-27
448775,124655,-56.0,639,119,16:46:04,2012-07-31
448790,124655,-60.75,639,119,15:50:34,2012-07-27
448465,124660,-44.0,639,119,15:19:24,2012-07-27
448765,124660,-59.0,639,119,18:24:56,2012-07-27
448765,124660,-54.5,639,119,16:46:03,2012-07-31
448770,124660,-61.666668,639,119,15:49:49,2012-07-27
448455,124665,-50.0,639,119,15:20:12,2012-07-27
448755,124665,-58.333332,639,119,18:24:56,2012-07-27
448775,124665,-58.799999,639,119,15:50:35,2012-07-27
448745,124670,-58.0,639,119,18:24:55,2012-07-27
448745,124670,-52.666668,639,119,16:46:02,2012-07-31
448760,124670,-56.666668,639,119,15:50:37,2012-07-27
448455,124675,-50.0,639,119,15:20:11,2012-07-27
448460,124675,-47.0,639,119,15:19:25,2012-07-27
448740,124675,-61.75,639,119,15:49:47,2012-07-27
448450,124680,-50.666668,639,119,15:20:11,2012-07-27
448725,124680,-62.666668,639,119,15:49:46,2012-07-27
448730,124680,-58.0,639,119,18:24:54,2012-07-27
448730,124680,-53.333332,639,119,16:46:00,2012-07-31
448740,124680,-53.0,639,119,15:50:38,2012-07-27
448720,124685,-59.5,639,119,18:24:53,2012-07-27
448710,124690,-54.666668,639,119,16:45:59,2012-07-31
448715,124690,-65.666664,639,119,15:49:44,2012-07-27
448725,124690,-51.200001,639,119,15:50:39,2012-07-27
448450,124695,-49.5,639,119,15:19:27,2012-07-27
448700,124695,-59.333332,639,119,18:24:51,2012-07-27
448700,124695,-55.0,639,119,16:45:58,2012-07-31
448710,124695,-50.0,639,119,15:50:40,2012-07-27
448440,124700,-51.666668,639,119,15:20:09,2012-07-27
448690,124700,-56.5,639,119,16:45:58,2012-07-31
448445,124705,-51.0,639,119,15:19:27,2012-07-27
448675,124705,-67.0,639,119,15:49:41,2012-07-27
448685,124705,-59.666668,639,119,18:00:47,2012-07-27
448700,124705,-51.0,639,119,15:50:41,2012-07-27
448670,124710,-66.0,639,119,15:49:41,2012-07-27
448670,124710,-57.666668,639,119,16:45:56,2012-07-31
448675,124710,-60.0,639,119,18:24:49,2012-07-27
448685,124710,-52.25,639,119,15:50:42,2012-07-27
448440,124715,-51.0,639,119,15:19:28,2012-07-27
448660,124715,-67.0,639,119,15:49:40,2012-07-27
448665,124715,-60.75,639,119,18:24:49,2012-07-27
448430,124720,-51.333332,639,119,15:20:08,2012-07-27
448655,124720,-66.333336,639,119,15:49:40,2012-07-27
448655,124720,-58.0,639,119,16:45:55,2012-07-31
448435,124725,-51.0,639,119,15:19:29,2012-07-27
448640,124725,-61.0,639,119,18:24:47,2012-07-27
448655,124725,-53.666668,639,119,15:50:44,2012-07-27
448635,124730,-65.25,639,119,15:49:39,2012-07-27
448635,124730,-57.333332,639,119,16:45:53,2012-07-31
448645,124730,-56.0,639,119,15:50:45,2012-07-27
448420,124735,-49.666668,639,119,15:20:06,2012-07-27
448425,124735,-50.5,639,119,15:19:30,2012-07-27
448625,124735,-61.0,639,119,18:00:47,2012-07-27
448625,124735,-57.0,639,119,16:45:53,2012-07-31
448420,124740,-49.0,639,119,15:19:30,2012-07-27
448615,124740,-59.0,639,119,15:49:37,2012-07-27
448615,124740,-55.5,639,119,16:45:52,2012-07-31
448620,124740,-61.0,639,119,15:49:37,2012-07-27
448630,124740,-57.0,639,119,15:50:46,2012-07-27
448415,124745,-49.0,639,119,15:20:05,2012-07-27
448605,124745,-59.0,639,119,15:49:36,2012-07-27
448610,124745,-61.0,639,119,18:24:45,2012-07-27
448410,124750,-49.0,639,119,15:20:05,2012-07-27
448415,124750,-49.0,639,119,15:19:31,2012-07-27
448595,124750,-57.0,639,119,15:49:35,2012-07-27
448600,124750,-57.5,639,119,15:49:35,2012-07-27
448600,124750,-55.0,639,119,16:45:51,2012-07-31
448605,124750,-57.0,639,119,15:50:48,2012-07-27
448590,124755,-57.0,639,119,15:49:35,2012-07-27
448595,124755,-57.0,639,119,15:49:35,2012-07-27
448595,124755,-54.25,639,119,16:45:50,2012-07-31
448405,124760,-50.599998,639,119,15:20:05,2012-07-27
448575,124760,-57.0,639,119,18:24:42,2012-07-27
448580,124760,-55.666668,639,119,15:49:34,2012-07-27
448585,124760,-57.0,639,119,15:49:35,2012-07-27
448585,124760,-54.0,639,119,16:45:50,2012-07-31
448595,124760,-56.0,639,119,15:50:49,2012-07-27
448405,124765,-48.333332,639,119,15:19:32,2012-07-27
448565,124765,-55.666668,639,119,18:24:42,2012-07-27
448575,124765,-52.5,639,119,16:45:49,2012-07-31
448395,124770,-50.333332,639,119,15:20:03,2012-07-27
448560,124770,-53.0,639,119,15:49:33,2012-07-27
448565,124770,-52.0,639,119,16:45:48,2012-07-31
448575,124770,-53.333332,639,119,15:50:51,2012-07-27
448395,124780,-47.25,639,119,15:19:34,2012-07-27
448540,124780,-52.666668,639,119,15:49:32,2012-07-27
448545,124780,-54.25,639,119,18:24:40,2012-07-27
448545,124780,-51.25,639,119,16:45:48,2012-07-31
448555,124780,-51.799999,639,119,15:50:52,2012-07-27
448530,124785,-51.666668,639,119,16:45:46,2012-07-31
448535,124785,-54.0,639,119,18:24:39,2012-07-27
448550,124785,-51.0,639,119,15:50:52,2012-07-27
448385,124790,-48.400002,639,119,15:19:35,2012-07-27
448390,124790,-48.0,639,119,15:19:34,2012-07-27
448525,124790,-54.333332,639,119,15:49:30,2012-07-27
448380,124795,-48.0,639,119,15:19:35,2012-07-27
448385,124795,-48.0,639,119,15:19:35,2012-07-27
448515,124795,-53.333332,639,119,16:45:45,2012-07-31
448530,124795,-50.200001,639,119,15:50:54,2012-07-27
448505,124800,-55.0,639,119,15:49:29,2012-07-27
448515,124800,-49.0,639,119,15:50:55,2012-07-27
448370,124805,-47.583332,639,119,15:19:59,2012-07-27
448485,124810,-54.333332,639,119,15:49:27,2012-07-27
448495,124810,-49.0,639,119,15:50:56,2012-07-27
448365,124815,-47.666668,639,119,15:19:38,2012-07-27
448470,124815,-54.0,639,119,15:49:27,2012-07-27
448480,124815,-54.799999,639,119,16:45:43,2012-07-31
448355,124820,-46.666668,639,119,15:19:58,2012-07-27
448465,124820,-58.333332,639,119,18:24:35,2012-07-27
448470,124820,-55.0,639,119,16:45:42,2012-07-31
448480,124820,-49.666668,639,119,15:50:58,2012-07-27
448355,124825,-47.0,639,119,15:19:39,2012-07-27
448450,124825,-54.0,639,119,15:49:25,2012-07-27
448455,124825,-59.0,639,119,18:24:34,2012-07-27
448455,124825,-54.25,639,119,16:45:41,2012-07-31
448350,124830,-47.0,639,119,15:19:41,2012-07-27
448440,124830,-54.0,639,119,15:49:25,2012-07-27
448445,124830,-57.0,639,119,18:24:33,2012-07-27
448450,124830,-57.5,639,119,18:24:33,2012-07-27
448350,124835,-46.0,639,119,15:19:55,2012-07-27
448425,124835,-52.666668,639,119,15:49:23,2012-07-27
448440,124835,-54.0,639,119,16:45:40,2012-07-31
448450,124835,-50.666668,639,119,15:50:59,2012-07-27
448350,124840,-46.0,639,119,15:19:54,2012-07-27
448355,124840,-47.142857,639,119,15:19:42,2012-07-27
448430,124840,-57.0,639,119,18:24:32,2012-07-27
448430,124840,-51.75,639,119,16:45:39,2012-07-31
448440,124840,-50.0,639,119,15:51:00,2012-07-27
448355,124845,-46.0,639,119,15:19:54,2012-07-27
448360,124845,-48.799999,639,119,15:19:44,2012-07-27
448400,124845,-51.333332,639,119,15:49:22,2012-07-27
448415,124845,-51.0,639,119,16:45:38,2012-07-31
448430,124845,-50.25,639,119,15:51:01,2012-07-27
448355,124850,-47.333332,639,119,15:19:52,2012-07-27
448360,124850,-52.0,639,119,15:19:46,2012-07-27
448365,124850,-51.5,639,119,15:19:46,2012-07-27
448405,124850,-51.0,639,119,16:45:37,2012-07-31
448355,124855,-50.0,639,119,15:19:51,2012-07-27
448360,124855,-50.333332,639,119,15:19:49,2012-07-27
448365,124855,-50.666668,639,119,15:19:48,2012-07-27
448380,124855,-51.599998,639,119,15:49:20,2012-07-27
448395,124855,-57.0,639,119,18:24:30,2012-07-27
448410,124855,-50.0,639,119,15:51:02,2012-07-27
448370,124860,-53.0,639,119,15:49:19,2012-07-27
448380,124860,-57.0,639,119,18:24:29,2012-07-27
448390,124860,-47.666668,639,119,15:51:03,2012-07-27
448390,124860,-50.200001,639,119,16:45:36,2012-07-31
448370,124865,-57.0,639,119,18:24:28,2012-07-27
448370,124865,-50.333332,639,119,16:45:34,2012-07-31
448380,124865,-49.333332,639,119,16:45:35,2012-07-31
448345,124870,-54.0,639,119,15:49:17,2012-07-27
448355,124870,-59.0,639,119,18:24:26,2012-07-27
448365,124870,-46.0,639,119,15:51:05,2012-07-27
448370,124870,-46.75,639,119,15:51:05,2012-07-27
448325,124875,-54.666668,639,119,15:49:16,2012-07-27
448355,124875,-52.333332,639,119,16:45:32,2012-07-31
448365,124875,-46.0,639,119,15:51:05,2012-07-27
448315,124880,-56.333332,639,119,15:49:15,2012-07-27
448350,124880,-46.666668,639,119,15:51:06,2012-07-27
448355,124880,-46.0,639,119,15:51:06,2012-07-27
448305,124885,-57.0,639,119,15:49:14,2012-07-27
448315,124885,-58.666668,639,119,18:24:23,2012-07-27
448325,124885,-58.666668,639,119,18:24:25,2012-07-27
448325,124885,-56.0,639,119,16:45:30,2012-07-31
448330,124885,-48.0,639,119,15:51:08,2012-07-27
448335,124885,-55.25,639,119,16:45:31,2012-07-31
448275,124890,-50.666668,639,119,15:49:10,2012-07-27
448280,124890,-53.0,639,119,15:49:12,2012-07-27
448290,124890,-55.666668,639,119,15:49:13,2012-07-27
448305,124890,-58.333332,639,119,18:24:22,2012-07-27
448310,124890,-55.0,639,119,16:45:29,2012-07-31
448315,124890,-49.0,639,119,15:51:09,2012-07-27
448315,124890,-55.25,639,119,16:45:29,2012-07-31
448320,124890,-48.0,639,119,15:51:09,2012-07-27
448325,124890,-48.0,639,119,15:51:08,2012-07-27
448255,124895,-46.0,639,119,15:49:08,2012-07-27
448260,124895,-49.799999,639,119,18:24:16,2012-07-27
448265,124895,-48.666668,639,119,15:49:09,2012-07-27
448270,124895,-53.333332,639,119,18:24:19,2012-07-27
448275,124895,-53.666668,639,119,16:45:25,2012-07-31
448280,124895,-56.666668,639,119,18:24:20,2012-07-27
448300,124895,-51.0,639,119,15:51:10,2012-07-27
448300,124895,-54.333332,639,119,16:45:28,2012-07-31
448250,124900,-49.0,639,119,18:24:16,2012-07-27
448260,124900,-53.0,639,119,16:45:22,2012-07-31
448265,124900,-53.0,639,119,16:45:24,2012-07-31
448295,124900,-51.0,639,119,15:51:12,2012-07-27
448245,124905,-49.0,639,119,18:24:14,2012-07-27
448255,124905,-45.0,639,119,15:49:06,2012-07-27
448290,124905,-50.75,639,119,15:51:13,2012-07-27
448250,124910,-53.0,639,119,16:45:21,2012-07-31
448255,124910,-45.0,639,119,15:49:05,2012-07-27
448285,124910,-50.0,639,119,15:51:14,2012-07-27
448235,124915,-53.5,639,119,18:24:13,2012-07-27
448240,124915,-53.0,639,119,16:45:19,2012-07-31
448280,124915,-49.666668,639,119,15:51:15,2012-07-27
448220,124920,-55.0,639,119,18:24:12,2012-07-27
448230,124920,-47.5,639,119,15:51:20,2012-07-27
448235,124920,-47.0,639,119,15:51:20,2012-07-27
448245,124920,-47.0,639,119,15:51:19,2012-07-27
448250,124920,-47.0,639,119,15:51:18,2012-07-27
448255,124920,-47.0,639,119,15:51:17,2012-07-27
448265,124920,-48.333332,639,119,15:51:16,2012-07-27
448215,124925,-49.666668,639,119,15:51:22,2012-07-27
448265,124925,-45.75,639,119,15:49:03,2012-07-27
448200,124930,-55.0,639,119,18:24:10,2012-07-27
448270,124930,-48.400002,639,119,15:49:02,2012-07-27
448170,124935,-55.0,639,119,18:24:08,2012-07-27
448185,124935,-52.0,639,119,15:51:24,2012-07-27
448190,124935,-52.0,639,119,15:51:23,2012-07-27
448195,124935,-51.333332,639,119,15:51:23,2012-07-27
448270,124935,-50.0,639,119,15:49:01,2012-07-27
448170,124940,-53.0,639,119,15:51:25,2012-07-27
448175,124940,-52.400002,639,119,15:51:24,2012-07-27
448180,124940,-52.0,639,119,15:51:24,2012-07-27
448160,124945,-53.0,639,119,15:51:26,2012-07-27
448270,124945,-50.0,639,119,15:49:01,2012-07-27
448265,124955,-50.0,639,119,15:48:59,2012-07-27
448250,124980,-50.0,639,119,15:48:58,2012-07-27
448245,124990,-50.0,639,119,15:48:56,2012-07-27
460065,112135,-83.0,639,119,14:56:10,2012-07-30
460080,112180,-83.75,639,119,14:56:08,2012-07-30
460090,112215,-84.0,639,119,14:56:07,2012-07-30
460100,112245,-83.25,639,119,14:56:06,2012-07-30
460110,112280,-83.800003,639,119,14:56:05,2012-07-30
460120,112310,-83.25,639,119,14:56:04,2012-07-30
460135,112360,-84.800003,639,119,14:56:03,2012-07-30
460145,112390,-86.0,639,119,14:56:02,2012-07-30
460155,112420,-84.400002,639,119,14:56:01,2012-07-30
460165,112455,-84.0,639,119,14:56:00,2012-07-30
460175,112480,-83.0,639,119,14:55:58,2012-07-30
460180,112485,-83.666664,639,119,14:55:58,2012-07-30
460190,112520,-81.5,639,119,14:55:57,2012-07-30
460200,112550,-81.0,639,119,14:55:56,2012-07-30
460210,112575,-79.666664,639,119,14:55:56,2012-07-30
460225,112615,-79.75,639,119,14:55:54,2012-07-30
460230,112635,-80.0,639,119,14:55:53,2012-07-30
460240,112655,-79.333336,639,119,14:55:53,2012-07-30
460255,112705,-78.25,639,119,14:55:51,2012-07-30
460265,112730,-78.0,639,119,14:55:51,2012-07-30
460270,112745,-76.666664,639,119,14:55:50,2012-07-30
460280,112770,-76.0,639,119,14:55:49,2012-07-30
460285,112790,-75.25,639,119,14:55:48,2012-07-30
460295,112820,-75.0,639,119,14:55:48,2012-07-30
460305,112845,-75.0,639,119,14:55:47,2012-07-30
460315,112885,-72.75,639,119,14:55:46,2012-07-30
460325,112915,-72.0,639,119,14:55:45,2012-07-30
460335,112935,-70.5,639,119,14:55:44,2012-07-30
460340,112955,-70.0,639,119,14:55:44,2012-07-30
460350,112980,-70.666664,639,119,14:55:43,2012-07-30
460355,112990,-71.0,639,119,14:55:43,2012-07-30
460360,113015,-71.0,639,119,14:55:42,2012-07-30
460365,113020,-71.0,639,119,14:55:42,2012-07-30
460365,113030,-70.333336,639,119,14:55:41,2012-07-30
460370,113035,-70.0,639,119,14:55:41,2012-07-30
460370,113040,-70.0,639,119,14:55:41,2012-07-30
460370,113045,-70.0,639,119,14:55:41,2012-07-30
460375,113060,-70.0,639,119,14:55:40,2012-07-30
460380,113075,-63.25,639,119,14:55:40,2012-07-30
460390,113095,-61.0,639,119,14:55:39,2012-07-30
460395,113120,-61.0,639,119,14:55:39,2012-07-30
460405,113140,-61.0,639,119,14:55:38,2012-07-30
460410,113165,-61.0,639,119,14:55:37,2012-07-30
460420,113190,-61.0,639,119,14:55:36,2012-07-30
460430,113220,-61.0,639,119,14:55:36,2012-07-30
460440,113245,-61.0,639,119,14:55:35,2012-07-30
460440,113255,-61.0,639,119,14:55:35,2012-07-30
460445,113260,-61.0,639,119,14:55:35,2012-07-30
460445,113270,-61.0,639,119,14:55:34,2012-07-30
440845,113610,-100.0,639,119,12:24:13,2012-07-26
440850,113615,-100.0,639,119,12:24:14,2012-07-26
440860,113625,-100.0,639,119,12:24:16,2012-07-26
440865,113630,-100.0,639,119,12:24:16,2012-07-26
440875,113635,-100.33334,639,119,12:24:17,2012-07-26
440880,113640,-101.0,639,119,12:24:18,2012-07-26
440885,113640,-101.0,639,119,12:24:18,2012-07-26
440885,113645,-101.0,639,119,12:24:18,2012-07-26
440890,113645,-101.0,639,119,12:24:18,2012-07-26
440895,113650,-101.0,639,119,12:24:19,2012-07-26
440920,113660,-100.5,639,119,12:24:21,2012-07-26
440925,113665,-100.0,639,119,12:24:22,2012-07-26
440935,113670,-100.33334,639,119,12:24:23,2012-07-26
440950,113675,-100.2,639,119,12:24:24,2012-07-26
440955,113680,-98.599998,639,119,12:24:25,2012-07-26
440965,113685,-98.0,639,119,12:24:26,2012-07-26
440970,113690,-98.25,639,119,12:24:27,2012-07-26
440980,113700,-99.0,639,119,12:24:28,2012-07-26
440985,113710,-99.0,639,119,12:24:29,2012-07-26
440985,113715,-99.0,639,119,12:24:30,2012-07-26
440990,113730,-99.5,639,119,12:24:31,2012-07-26
440990,113740,-101.0,639,119,12:24:32,2012-07-26
440995,113750,-101.8,639,119,12:24:33,2012-07-26
440995,113755,-103.0,639,119,12:24:34,2012-07-26
440995,113765,-103.0,639,119,12:24:35,2012-07-26
441530,113895,-89.0,639,119,12:26:01,2012-07-26
441530,113900,-89.125,639,119,12:26:01,2012-07-26
441535,113910,-90.0,639,119,12:26:03,2012-07-26
441825,113910,-92.199997,639,119,12:26:38,2012-07-26
441835,113910,-93.0,639,119,12:26:39,2012-07-26
441845,113910,-92.714287,639,119,12:26:40,2012-07-26
441540,113915,-89.599998,639,119,12:26:04,2012-07-26
441810,113915,-92.0,639,119,12:26:36,2012-07-26
441550,113920,-89.0,639,119,12:26:05,2012-07-26
441795,113920,-94.75,639,119,12:26:34,2012-07-26
441800,113920,-94.0,639,119,12:26:35,2012-07-26
441805,113920,-93.5,639,119,12:26:36,2012-07-26
441560,113925,-88.599998,639,119,12:26:06,2012-07-26
441760,113925,-95.0,639,119,12:26:31,2012-07-26
441765,113925,-95.0,639,119,12:26:31,2012-07-26
441775,113925,-95.0,639,119,12:26:32,2012-07-26
441780,113925,-95.0,639,119,12:26:33,2012-07-26
441790,113925,-95.0,639,119,12:26:33,2012-07-26
441570,113930,-87.0,639,119,12:26:07,2012-07-26
441750,113930,-95.0,639,119,12:26:29,2012-07-26
441755,113930,-95.0,639,119,12:26:30,2012-07-26
441575,113935,-86.5,639,119,12:26:08,2012-07-26
441580,113935,-85.0,639,119,12:26:09,2012-07-26
441745,113935,-95.0,639,119,12:26:29,2012-07-26
441735,113940,-95.0,639,119,12:26:27,2012-07-26
441740,113940,-95.0,639,119,12:26:28,2012-07-26
441595,113945,-85.0,639,119,12:26:10,2012-07-26
441730,113945,-95.0,639,119,12:26:26,2012-07-26
441720,113950,-95.0,639,119,12:26:26,2012-07-26
441725,113950,-95.0,639,119,12:26:26,2012-07-26
441600,113955,-84.599998,639,119,12:26:11,2012-07-26
441705,113955,-96.0,639,119,12:26:24,2012-07-26
441710,113955,-96.0,639,119,12:26:24,2012-07-26
441715,113955,-95.800003,639,119,12:26:25,2012-07-26
441700,113960,-96.0,639,119,12:26:23,2012-07-26
441610,113965,-84.5,639,119,12:26:12,2012-07-26
441615,113970,-86.0,639,119,12:26:13,2012-07-26
441620,113975,-86.75,639,119,12:26:13,2012-07-26
441630,113985,-90.0,639,119,12:26:15,2012-07-26
441645,113990,-92.75,639,119,12:26:16,2012-07-26
441650,113990,-95.0,639,119,12:26:17,2012-07-26
460675,114875,-49.0,639,119,14:54:48,2012-07-30
460670,114905,-49.0,639,119,14:54:47,2012-07-30
460665,114940,-49.0,639,119,14:54:45,2012-07-30
460660,114970,-49.0,639,119,14:54:44,2012-07-30
460655,115015,-49.0,639,119,14:54:43,2012-07-30
460645,115065,-49.0,639,119,14:54:42,2012-07-30
460640,115095,-49.375,639,119,14:54:40,2012-07-30
460630,115125,-50.0,639,119,14:54:40,2012-07-30
460620,115170,-51.333332,639,119,14:54:39,2012-07-30
460615,115200,-52.666668,639,119,14:54:38,2012-07-30
460605,115230,-53.75,639,119,14:54:36,2012-07-30
460600,115260,-55.200001,639,119,14:54:35,2012-07-30
460590,115305,-57.333332,639,119,14:54:34,2012-07-30
460575,115345,-58.666668,639,119,14:54:32,2012-07-30
460570,115375,-59.666668,639,119,14:54:31,2012-07-30
460560,115395,-60.0,639,119,14:54:30,2012-07-30
460560,115410,-59.25,639,119,14:54:29,2012-07-30
460555,115415,-59.0,639,119,14:54:29,2012-07-30
460540,115460,-59.0,639,119,14:54:28,2012-07-30
460525,115505,-58.0,639,119,14:54:26,2012-07-30
460520,115530,-58.5,639,119,14:54:26,2012-07-30
460510,115555,-56.5,639,119,14:54:25,2012-07-30
460490,115600,-56.0,639,119,14:54:24,2012-07-30
460485,115625,-56.0,639,119,14:54:23,2012-07-30
460470,115650,-58.0,639,119,14:54:22,2012-07-30
460455,115695,-59.0,639,119,14:54:21,2012-07-30
460435,115730,-59.0,639,119,14:54:19,2012-07-30
460425,115765,-59.0,639,119,14:54:18,2012-07-30
460415,115780,-63.666668,639,119,14:54:18,2012-07-30
460395,115825,-66.0,639,119,14:54:17,2012-07-30
460385,115850,-66.0,639,119,14:54:16,2012-07-30
460370,115870,-66.0,639,119,14:54:15,2012-07-30
460345,115920,-66.0,639,119,14:54:14,2012-07-30
460345,115925,-66.0,639,119,14:54:14,2012-07-30
460340,115930,-66.0,639,119,14:54:13,2012-07-30
460340,115935,-66.0,639,119,14:54:13,2012-07-30
460335,115945,-66.0,639,119,14:54:13,2012-07-30
460320,115965,-66.0,639,119,14:54:12,2012-07-30
460320,115970,-66.0,639,119,14:54:12,2012-07-30
460315,115975,-66.0,639,119,14:54:12,2012-07-30
460320,115975,-66.0,639,119,14:54:12,2012-07-30
460310,115985,-66.0,639,119,14:54:11,2012-07-30
460310,115990,-66.0,639,119,14:54:11,2012-07-30
460300,116000,-67.0,639,119,14:54:11,2012-07-30
460305,116000,-66.800003,639,119,14:54:11,2012-07-30
460295,116010,-67.0,639,119,14:54:11,2012-07-30
460290,116025,-67.0,639,119,14:54:10,2012-07-30
460280,116035,-67.0,639,119,14:54:10,2012-07-30
460275,116045,-67.75,639,119,14:54:10,2012-07-30
460260,116070,-68.0,639,119,14:54:09,2012-07-30
460255,116080,-71.333336,639,119,14:54:08,2012-07-30
460245,116100,-73.0,639,119,14:54:07,2012-07-30
460215,116145,-73.0,639,119,14:54:07,2012-07-30
460190,116185,-73.0,639,119,14:54:05,2012-07-30
460170,116215,-73.0,639,119,14:54:04,2012-07-30
460130,116275,-72.333336,639,119,14:54:03,2012-07-30
460110,116300,-70.0,639,119,14:54:01,2012-07-30
460095,116330,-69.0,639,119,14:54:00,2012-07-30
460085,116340,-71.25,639,119,14:54:00,2012-07-30
460045,116395,-72.0,639,119,14:53:58,2012-07-30
460025,116420,-73.333336,639,119,14:53:57,2012-07-30
459990,116475,-76.666664,639,119,14:53:55,2012-07-30
459970,116500,-80.666664,639,119,14:53:54,2012-07-30
459955,116525,-82.0,639,119,14:53:53,2012-07-30
459875,116625,-83.0,639,119,14:53:48,2012-07-30
459860,116650,-83.0,639,119,14:53:47,2012-07-30
459835,116680,-83.0,639,119,14:53:46,2012-07-30
459825,116690,-83.0,639,119,14:53:45,2012-07-30
459810,116710,-83.0,639,119,14:53:44,2012-07-30
459795,116730,-83.0,639,119,14:53:43,2012-07-30
449730,123170,-75.333336,639,119,16:53:37,2012-07-31
449695,123175,-72.0,639,119,16:53:32,2012-07-31
449750,123180,-77.0,639,119,16:53:39,2012-07-31
449755,123180,-77.599998,639,119,16:53:39,2012-07-31
449755,123185,-80.0,639,119,16:53:39,2012-07-31
449680,123190,-72.0,639,119,16:53:30,2012-07-31
449765,123190,-80.666664,639,119,16:53:41,2012-07-31
449670,123195,-72.0,639,119,16:53:29,2012-07-31
449775,123200,-82.0,639,119,16:53:42,2012-07-31
449780,123200,-82.0,639,119,16:53:43,2012-07-31
449785,123200,-81.833336,639,119,16:53:44,2012-07-31
449790,123210,-81.0,639,119,16:53:44,2012-07-31
449425,123915,-74.0,639,119,16:47:00,2012-07-31
449420,123925,-74.0,639,119,16:46:59,2012-07-31
449415,123940,-74.0,639,119,16:46:58,2012-07-31
449410,123945,-74.0,639,119,16:46:58,2012-07-31
449410,123950,-74.0,639,119,16:46:58,2012-07-31
449405,123960,-74.0,639,119,16:46:57,2012-07-31
449400,123970,-74.75,639,119,16:46:57,2012-07-31
449385,123995,-74.333336,639,119,16:46:55,2012-07-31
449370,124020,-74.75,639,119,16:46:54,2012-07-31
449355,124050,-73.0,639,119,16:46:53,2012-07-31
449340,124075,-71.333336,639,119,16:46:51,2012-07-31
449325,124100,-69.666664,639,119,16:46:50,2012-07-31
449310,124120,-69.666664,639,119,16:46:48,2012-07-31
449295,124145,-70.0,639,119,16:46:47,2012-07-31
449285,124160,-70.666664,639,119,16:46:46,2012-07-31
449275,124170,-71.0,639,119,16:46:45,2012-07-31
449270,124180,-69.5,639,119,16:46:44,2012-07-31
449260,124195,-69.0,639,119,16:46:43,2012-07-31
448945,124205,-56.0,639,119,15:18:09,2012-07-27
448965,124205,-55.333332,639,119,15:18:07,2012-07-27
448975,124205,-55.0,639,119,15:18:06,2012-07-27
448935,124210,-56.333332,639,119,15:18:09,2012-07-27
448985,124210,-53.909092,639,119,15:18:05,2012-07-27
449255,124210,-69.75,639,119,16:46:43,2012-07-31
448925,124220,-58.0,639,119,15:18:10,2012-07-27
448920,124225,-59.25,639,119,15:18:12,2012-07-27
448995,124225,-52.0,639,119,15:18:03,2012-07-27
449245,124225,-70.0,639,119,16:46:41,2012-07-31
449235,124240,-70.0,639,119,16:46:40,2012-07-31
449000,124245,-54.5,639,119,15:18:02,2012-07-27
449230,124245,-68.0,639,119,16:46:40,2012-07-31
448905,124250,-57.0,639,119,15:18:13,2012-07-27
449230,124250,-67.0,639,119,16:46:40,2012-07-31
448420,124260,-59.0,639,119,15:21:01,2012-07-27
448430,124260,-59.0,639,119,15:21:01,2012-07-27
448440,124260,-60.333332,639,119,15:21:00,2012-07-27
448455,124260,-61.0,639,119,15:20:58,2012-07-27
448460,124260,-61.666668,639,119,15:20:57,2012-07-27
448900,124260,-57.0,639,119,15:18:14,2012-07-27
449005,124260,-55.75,639,119,15:18:01,2012-07-27
448410,124265,-58.333332,639,119,15:21:03,2012-07-27
448480,124265,-62.666668,639,119,15:20:56,2012-07-27
448490,124265,-64.5,639,119,15:20:54,2012-07-27
448495,124265,-65.0,639,119,15:20:53,2012-07-27
449220,124265,-67.0,639,119,16:46:39,2012-07-31
448500,124270,-65.0,639,119,15:20:52,2012-07-27
448510,124270,-64.333336,639,119,15:20:51,2012-07-27
448895,124270,-56.666668,639,119,15:18:16,2012-07-27
449215,124270,-67.0,639,119,16:46:39,2012-07-31
449220,124270,-67.0,639,119,16:46:39,2012-07-31
448385,124275,-55.666668,639,119,15:21:04,2012-07-27
448515,124275,-64.75,639,119,15:20:49,2012-07-27
449215,124275,-66.5,639,119,16:46:38,2012-07-31
448370,124280,-51.0,639,119,15:21:06,2012-07-27
448375,124280,-54.0,639,119,15:21:06,2012-07-27
448510,124280,-65.5,639,119,15:20:44,2012-07-27
448515,124280,-66.555557,639,119,15:20:46,2012-07-27
448525,124280,-66.0,639,119,15:18:51,2012-07-27
448535,124280,-66.800003,639,119,15:18:50,2012-07-27
448540,124280,-67.0,639,119,15:18:49,2012-07-27
449005,124280,-57.333332,639,119,15:17:59,2012-07-27
449210,124280,-66.0,639,119,16:46:38,2012-07-31
448505,124285,-65.0,639,119,15:20:43,2012-07-27
448515,124285,-64.75,639,119,15:18:53,2012-07-27
448520,124285,-65.75,639,119,15:18:51,2012-07-27
448550,124285,-67.75,639,119,15:18:47,2012-07-27
448885,124285,-56.0,639,119,15:18:17,2012-07-27
449205,124285,-66.0,639,119,16:46:38,2012-07-31
448360,124290,-50.0,639,119,15:21:07,2012-07-27
448495,124290,-59.333332,639,119,15:20:40,2012-07-27
448500,124290,-61.666668,639,119,15:20:42,2012-07-27
448510,124290,-64.0,639,119,15:18:54,2012-07-27
448555,124290,-68.0,639,119,15:18:46,2012-07-27
448560,124290,-66.666664,639,119,15:18:46,2012-07-27
449205,124290,-66.0,639,119,16:46:37,2012-07-31
448505,124295,-64.25,639,119,15:18:54,2012-07-27
448880,124295,-55.0,639,119,15:18:17,2012-07-27
449200,124295,-65.0,639,119,16:46:37,2012-07-31
448345,124300,-46.666668,639,119,15:21:08,2012-07-27
448480,124300,-57.0,639,119,15:20:39,2012-07-27
448500,124300,-65.0,639,119,15:18:56,2012-07-27
449000,124300,-59.333332,639,119,15:17:58,2012-07-27
448335,124305,-44.0,639,119,15:21:09,2012-07-27
448585,124305,-62.666668,639,119,15:18:44,2012-07-27
448870,124305,-51.666668,639,119,15:18:19,2012-07-27
448330,124310,-43.5,639,119,15:21:10,2012-07-27
448475,124310,-55.400002,639,119,15:20:37,2012-07-27
448490,124310,-64.599998,639,119,15:18:57,2012-07-27
448590,124310,-61.0,639,119,15:18:43,2012-07-27
449190,124310,-64.0,639,119,16:46:36,2012-07-31
448320,124315,-42.0,639,119,15:21:10,2012-07-27
449000,124315,-62.0,639,119,15:17:56,2012-07-27
449185,124315,-62.0,639,119,16:46:36,2012-07-31
448310,124320,-41.5,639,119,15:21:11,2012-07-27
448470,124320,-55.0,639,119,15:20:36,2012-07-27
448605,124320,-59.400002,639,119,15:18:42,2012-07-27
448290,124325,-40.0,639,119,15:21:13,2012-07-27
448300,124325,-40.0,639,119,15:21:12,2012-07-27
448475,124325,-61.666668,639,119,15:18:58,2012-07-27
448855,124325,-51.0,639,119,15:18:20,2012-07-27
448470,124330,-53.799999,639,119,15:20:36,2012-07-27
448615,124330,-58.333332,639,119,15:18:42,2012-07-27
448620,124330,-57.5,639,119,15:18:40,2012-07-27
448260,124335,-42.0,639,119,15:21:15,2012-07-27
448270,124335,-40.5,639,119,15:21:14,2012-07-27
448470,124335,-57.333332,639,119,15:19:00,2012-07-27
448845,124335,-50.5,639,119,15:18:22,2012-07-27
449170,124335,-58.75,639,119,16:46:34,2012-07-31
448235,124340,-48.333332,639,119,15:21:17,2012-07-27
448240,124340,-47.0,639,119,15:21:16,2012-07-27
448250,124340,-43.25,639,119,15:21:15,2012-07-27
448635,124340,-57.0,639,119,15:18:39,2012-07-27
448155,124345,-57.25,639,119,15:21:22,2012-07-27
448165,124345,-58.0,639,119,15:21:22,2012-07-27
448175,124345,-57.333332,639,119,15:21:21,2012-07-27
448185,124345,-57.0,639,119,15:21:20,2012-07-27
448190,124345,-56.25,639,119,15:21:20,2012-07-27
448205,124345,-56.0,639,119,15:21:19,2012-07-27
448215,124345,-52.666668,639,119,15:21:18,2012-07-27
448470,124345,-53.285713,639,119,15:20:35,2012-07-27
448645,124345,-57.0,639,119,15:18:38,2012-07-27
448995,124345,-62.25,639,119,15:17:54,2012-07-27
449165,124345,-58.0,639,119,16:46:34,2012-07-31
448135,124350,-54.0,639,119,15:21:24,2012-07-27
448655,124350,-57.75,639,119,15:18:37,2012-07-27
448825,124350,-49.666668,639,119,15:18:23,2012-07-27
448120,124355,-51.666668,639,119,15:21:25,2012-07-27
448475,124355,-54.0,639,119,15:20:33,2012-07-27
448480,124355,-53.25,639,119,15:19:01,2012-07-27
448660,124355,-58.0,639,119,15:18:37,2012-07-27
448100,124360,-51.0,639,119,15:21:27,2012-07-27
448480,124360,-51.0,639,119,15:19:03,2012-07-27
448665,124360,-58.0,639,119,15:18:36,2012-07-27
448670,124360,-57.200001,639,119,15:18:36,2012-07-27
448805,124360,-51.25,639,119,15:18:25,2012-07-27
449155,124360,-58.0,639,119,16:46:33,2012-07-31
448090,124365,-51.0,639,119,15:21:27,2012-07-27
448675,124365,-57.0,639,119,15:18:35,2012-07-27
448680,124365,-57.0,639,119,15:18:35,2012-07-27
448785,124365,-52.25,639,119,15:18:26,2012-07-27
448795,124365,-52.0,639,119,15:18:25,2012-07-27
448995,124365,-62.0,639,119,15:17:53,2012-07-27
448075,124370,-50.666668,639,119,15:21:30,2012-07-27
448080,124370,-50.75,639,119,15:21:28,2012-07-27
448485,124370,-47.333332,639,119,15:19:04,2012-07-27
448685,124370,-57.0,639,119,15:18:35,2012-07-27
448690,124370,-57.0,639,119,15:18:34,2012-07-27
448770,124370,-53.25,639,119,15:18:27,2012-07-27
448780,124370,-53.0,639,119,15:18:27,2012-07-27
448485,124375,-52.666668,639,119,15:20:32,2012-07-27
448705,124375,-56.333332,639,119,15:18:33,2012-07-27
448725,124375,-54.666668,639,119,15:18:32,2012-07-27
448750,124375,-54.0,639,119,15:18:29,2012-07-27
448755,124375,-54.0,639,119,15:18:29,2012-07-27
448765,124375,-54.0,639,119,15:18:28,2012-07-27
449140,124375,-57.25,639,119,16:46:31,2012-07-31
448055,124380,-53.333332,639,119,15:21:31,2012-07-27
448730,124380,-54.0,639,119,15:18:31,2012-07-27
448740,124380,-54.0,639,119,15:18:30,2012-07-27
448490,124385,-48.285713,639,119,15:19:05,2012-07-27
448990,124385,-61.333332,639,119,15:17:52,2012-07-27
448025,124395,-56.0,639,119,15:21:34,2012-07-27
448030,124395,-55.666668,639,119,15:21:32,2012-07-27
449125,124395,-57.0,639,119,16:46:31,2012-07-31
448490,124400,-45.5,639,119,15:19:06,2012-07-27
448485,124405,-50.333332,639,119,15:20:29,2012-07-27
448010,124410,-57.0,639,119,15:21:34,2012-07-27
448490,124410,-44.0,639,119,15:19:06,2012-07-27
449110,124410,-58.599998,639,119,16:46:30,2012-07-31
448000,124415,-56.625,639,119,15:21:35,2012-07-27
448485,124415,-46.0,639,119,15:20:27,2012-07-27
448990,124415,-61.0,639,119,15:17:50,2012-07-27
448485,124420,-45.799999,639,119,15:19:07,2012-07-27
449100,124425,-60.5,639,119,16:46:29,2012-07-31
448485,124430,-47.0,639,119,15:19:08,2012-07-27
448985,124430,-59.5,639,119,15:17:49,2012-07-27
448485,124435,-45.333332,639,119,15:20:26,2012-07-27
449085,124435,-61.666668,639,119,16:46:27,2012-07-31
448485,124440,-46.666668,639,119,15:19:08,2012-07-27
448985,124440,-61.0,639,119,15:17:48,2012-07-27
449065,124455,-62.0,639,119,16:46:26,2012-07-31
448480,124460,-46.0,639,119,15:19:10,2012-07-27
448485,124460,-43.666668,639,119,15:20:25,2012-07-27
448985,124460,-63.666668,639,119,15:17:46,2012-07-27
449050,124470,-62.0,639,119,16:46:25,2012-07-31
448985,124475,-65.5,639,119,15:17:45,2012-07-27
449050,124475,-53.0,639,119,15:16:46,2012-07-27
448485,124480,-46.0,639,119,15:19:11,2012-07-27
448985,124480,-66.0,639,119,15:17:44,2012-07-27
449040,124480,-61.142857,639,119,16:46:24,2012-07-31
449050,124480,-53.0,639,119,15:16:46,2012-07-27
448485,124485,-43.0,639,119,15:20:23,2012-07-27
449040,124485,-53.0,639,119,15:16:48,2012-07-27
449045,124485,-53.0,639,119,15:16:47,2012-07-27
448485,124490,-46.0,639,119,15:19:12,2012-07-27
448990,124490,-66.666664,639,119,15:17:44,2012-07-27
449025,124490,-61.0,639,119,16:46:23,2012-07-31
449035,124490,-53.0,639,119,15:16:48,2012-07-27
449040,124490,-53.0,639,119,15:16:48,2012-07-27
449030,124495,-67.147537,639,119,15:16:50,2012-07-27
448485,124500,-46.666668,639,119,15:19:13,2012-07-27
448995,124500,-67.666664,639,119,15:17:42,2012-07-27
449025,124500,-65.0,639,119,15:17:25,2012-07-27
449030,124500,-70.0,639,119,15:17:10,2012-07-27
448485,124505,-43.666668,639,119,15:20:22,2012-07-27
449000,124505,-66.666664,639,119,15:17:41,2012-07-27
449015,124505,-67.0,639,119,15:17:36,2012-07-27
449020,124505,-65.849998,639,119,15:17:31,2012-07-27
448485,124510,-48.0,639,119,15:19:13,2012-07-27
449005,124510,-68.666664,639,119,18:26:09,2012-07-27
449005,124510,-60.25,639,119,16:46:22,2012-07-31
449010,124510,-66.666664,639,119,15:17:39,2012-07-27
449015,124510,-67.0,639,119,15:17:38,2012-07-27
448485,124515,-44.0,639,119,15:20:21,2012-07-27
448995,124515,-59.333332,639,119,16:46:20,2012-07-31
449000,124515,-64.0,639,119,18:26:02,2012-07-27
449005,124515,-66.239998,639,119,18:26:03,2012-07-27
449020,124515,-65.400002,639,119,18:26:13,2012-07-27
448485,124520,-47.25,639,119,15:19:14,2012-07-27
448990,124520,-69.666664,639,119,18:25:18,2012-07-27
448990,124520,-60.0,639,119,16:46:21,2012-07-31
448995,124520,-63.177418,639,119,18:25:52,2012-07-27
449000,124520,-64.0,639,119,18:26:01,2012-07-27
448985,124525,-59.0,639,119,16:46:19,2012-07-31
448990,124525,-67.666664,639,119,18:25:17,2012-07-27
449030,124525,-62.666668,639,119,18:26:15,2012-07-27
448485,124530,-43.25,639,119,15:20:20,2012-07-27
448975,124530,-61.25,639,119,16:46:19,2012-07-31
448980,124530,-64.75,639,119,18:25:15,2012-07-27
448985,124530,-67.0,639,119,18:25:16,2012-07-27
448975,124535,-64.666664,639,119,18:25:14,2012-07-27
449035,124535,-61.333332,639,119,18:26:16,2012-07-27
448965,124540,-62.0,639,119,16:46:18,2012-07-31
448970,124540,-65.0,639,119,18:25:13,2012-07-27
448485,124545,-45.0,639,119,15:19:15,2012-07-27
448960,124545,-67.25,639,119,18:25:13,2012-07-27
448960,124545,-61.25,639,119,16:46:17,2012-07-31
449045,124545,-61.0,639,119,18:26:18,2012-07-27
448485,124555,-43.666668,639,119,15:20:19,2012-07-27
448945,124555,-67.75,639,119,15:50:04,2012-07-27
448950,124555,-64.0,639,119,15:50:05,2012-07-27
448955,124555,-63.5,639,119,15:50:06,2012-07-27
448960,124555,-61.857143,639,119,15:50:07,2012-07-27
448485,124560,-44.333332,639,119,15:19:17,2012-07-27
448935,124560,-61.75,639,119,16:46:16,2012-07-31
448940,124560,-67.0,639,119,18:25:11,2012-07-27
448960,124560,-58.42857,639,119,15:50:08,2012-07-27
448925,124565,-62.0,639,119,16:46:15,2012-07-31
448930,124565,-68.5,639,119,15:50:01,2012-07-27
448935,124565,-67.400002,639,119,15:50:02,2012-07-27
448960,124565,-55.857143,639,119,15:50:10,2012-07-27
449060,124565,-64.333336,639,119,18:26:19,2012-07-27
448485,124575,-44.0,639,119,15:20:17,2012-07-27
448915,124575,-68.666664,639,119,18:25:08,2012-07-27
448920,124575,-63.333332,639,119,16:46:14,2012-07-31
448950,124575,-55.666668,639,119,15:50:13,2012-07-27
448480,124580,-44.0,639,119,15:20:17,2012-07-27
448485,124580,-42.666668,639,119,15:19:18,2012-07-27
448910,124580,-68.25,639,119,15:49:59,2012-07-27
448945,124580,-57.400002,639,119,15:50:13,2012-07-27
449075,124580,-68.333336,639,119,18:26:20,2012-07-27
448900,124585,-68.333336,639,119,18:25:07,2012-07-27
448900,124585,-66.0,639,119,16:46:13,2012-07-31
448940,124585,-59.0,639,119,15:50:15,2012-07-27
449080,124585,-71.0,639,119,18:26:21,2012-07-27
448890,124590,-67.0,639,119,16:46:12,2012-07-31
448895,124590,-68.599998,639,119,15:49:58,2012-07-27
448895,124590,-67.0,639,119,16:46:13,2012-07-31
448930,124590,-59.333332,639,119,15:50:15,2012-07-27
449085,124590,-71.0,639,119,18:26:21,2012-07-27
448480,124595,-44.666668,639,119,15:20:16,2012-07-27
448920,124595,-61.0,639,119,15:50:18,2012-07-27
448925,124595,-60.25,639,119,15:50:17,2012-07-27
449085,124595,-71.0,639,119,18:26:22,2012-07-27
449090,124595,-71.0,639,119,18:26:22,2012-07-27
448480,124600,-41.333332,639,119,15:19:20,2012-07-27
448875,124600,-64.0,639,119,16:46:11,2012-07-31
448880,124600,-66.666664,639,119,18:00:47,2012-07-27
448880,124600,-64.75,639,119,16:46:12,2012-07-31
448890,124600,-64.0,639,119,15:50:23,2012-07-27
448895,124600,-63.25,639,119,15:50:22,2012-07-27
448915,124600,-61.0,639,119,15:50:18,2012-07-27
449090,124600,-71.0,639,119,18:26:22,2012-07-27
448870,124605,-64.0,639,119,16:46:11,2012-07-31
448880,124605,-64.0,639,119,15:50:25,2012-07-27
448885,124605,-64.0,639,119,15:50:25,2012-07-27
448900,124605,-61.799999,639,119,15:50:21,2012-07-27
448905,124605,-61.0,639,119,15:50:20,2012-07-27
448860,124610,-67.0,639,119,18:25:04,2012-07-27
448865,124610,-66.666664,639,119,18:25:04,2012-07-27
448865,124610,-66.0,639,119,16:46:10,2012-07-31
448870,124610,-64.0,639,119,15:50:27,2012-07-27
448470,124615,-47.0,639,119,15:20:15,2012-07-27
448845,124615,-66.25,639,119,18:25:03,2012-07-27
448850,124615,-67.0,639,119,18:25:03,2012-07-27
448855,124615,-67.0,639,119,18:00:47,2012-07-27
448855,124615,-67.0,639,119,16:46:09,2012-07-31
448475,124620,-40.0,639,119,15:19:21,2012-07-27
448835,124620,-66.0,639,119,18:25:02,2012-07-27
448840,124620,-66.0,639,119,18:00:47,2012-07-27
448840,124620,-67.0,639,119,16:46:08,2012-07-31
448845,124620,-67.0,639,119,16:46:08,2012-07-31
448860,124620,-63.333332,639,119,15:50:28,2012-07-27
448825,124625,-66.0,639,119,18:25:01,2012-07-27
448830,124625,-66.0,639,119,18:25:02,2012-07-27
448830,124625,-65.0,639,119,16:46:07,2012-07-31
448835,124625,-66.0,639,119,18:00:47,2012-07-27
448835,124625,-67.0,639,119,16:46:08,2012-07-31
448845,124625,-62.333332,639,119,15:50:30,2012-07-27
448475,124630,-40.0,639,119,15:19:22,2012-07-27
448820,124630,-66.199997,639,119,15:49:52,2012-07-27
448825,124630,-65.5,639,119,18:25:01,2012-07-27
448825,124630,-63.0,639,119,16:46:07,2012-07-31
448840,124630,-63.0,639,119,15:50:30,2012-07-27
448810,124635,-62.333332,639,119,18:25:00,2012-07-27
448815,124635,-63.0,639,119,16:46:07,2012-07-31
448830,124635,-63.0,639,119,15:50:31,2012-07-27
448465,124640,-49.333332,639,119,15:20:13,2012-07-27
448470,124640,-40.75,639,119,15:19:22,2012-07-27
448805,124640,-59.25,639,119,16:46:06,2012-07-31
448810,124640,-63.599998,639,119,15:49:51,2012-07-27
448790,124645,-60.25,639,119,18:24:59,2012-07-27
448795,124645,-62.0,639,119,15:49:51,2012-07-27
448810,124645,-63.0,639,119,15:50:32,2012-07-27
448780,124650,-60.0,639,119,18:00:47,2012-07-27
448790,124650,-56.666668,639,119,16:46:05,2012-07-31
448775,124655,-59.25,639,119,18:24:57,2012-07-27
448775,124655,-56.0,639,119,16:46:04,2012-07-31
448790,124655,-60.75,639,119,15:50:34,2012-07-27
448465,124660,-44.0,639,119,15:19:24,2012-07-27
448765,124660,-59.0,639,119,18:24:56,2012-07-27
448765,124660,-54.5,639,119,16:46:03,2012-07-31
448770,124660,-61.666668,639,119,15:49:49,2012-07-27
448455,124665,-50.0,639,119,15:20:12,2012-07-27
448755,124665,-58.333332,639,119,18:24:56,2012-07-27
448775,124665,-58.799999,639,119,15:50:35,2012-07-27
448745,124670,-58.0,639,119,18:24:55,2012-07-27
448745,124670,-52.666668,639,119,16:46:02,2012-07-31
448760,124670,-56.666668,639,119,15:50:37,2012-07-27
448455,124675,-50.0,639,119,15:20:11,2012-07-27
448460,124675,-47.0,639,119,15:19:25,2012-07-27
448740,124675,-61.75,639,119,15:49:47,2012-07-27
448450,124680,-50.666668,639,119,15:20:11,2012-07-27
448725,124680,-62.666668,639,119,15:49:46,2012-07-27
448730,124680,-58.0,639,119,18:24:54,2012-07-27
448730,124680,-53.333332,639,119,16:46:00,2012-07-31
448740,124680,-53.0,639,119,15:50:38,2012-07-27
448720,124685,-59.5,639,119,18:24:53,2012-07-27
448710,124690,-54.666668,639,119,16:45:59,2012-07-31
448715,124690,-65.666664,639,119,15:49:44,2012-07-27
448725,124690,-51.200001,639,119,15:50:39,2012-07-27
448450,124695,-49.5,639,119,15:19:27,2012-07-27
448700,124695,-59.333332,639,119,18:24:51,2012-07-27
448700,124695,-55.0,639,119,16:45:58,2012-07-31
448710,124695,-50.0,639,119,15:50:40,2012-07-27
448440,124700,-51.666668,639,119,15:20:09,2012-07-27
448690,124700,-56.5,639,119,16:45:58,2012-07-31
448445,124705,-51.0,639,119,15:19:27,2012-07-27
448675,124705,-67.0,639,119,15:49:41,2012-07-27
448685,124705,-59.666668,639,119,18:00:47,2012-07-27
448700,124705,-51.0,639,119,15:50:41,2012-07-27
448670,124710,-66.0,639,119,15:49:41,2012-07-27
448670,124710,-57.666668,639,119,16:45:56,2012-07-31
448675,124710,-60.0,639,119,18:24:49,2012-07-27
448685,124710,-52.25,639,119,15:50:42,2012-07-27
448440,124715,-51.0,639,119,15:19:28,2012-07-27
448660,124715,-67.0,639,119,15:49:40,2012-07-27
448665,124715,-60.75,639,119,18:24:49,2012-07-27
448430,124720,-51.333332,639,119,15:20:08,2012-07-27
448655,124720,-66.333336,639,119,15:49:40,2012-07-27
448655,124720,-58.0,639,119,16:45:55,2012-07-31
448435,124725,-51.0,639,119,15:19:29,2012-07-27
448640,124725,-61.0,639,119,18:24:47,2012-07-27
448655,124725,-53.666668,639,119,15:50:44,2012-07-27
448635,124730,-65.25,639,119,15:49:39,2012-07-27
448635,124730,-57.333332,639,119,16:45:53,2012-07-31
448645,124730,-56.0,639,119,15:50:45,2012-07-27
448420,124735,-49.666668,639,119,15:20:06,2012-07-27
448425,124735,-50.5,639,119,15:19:30,2012-07-27
448625,124735,-61.0,639,119,18:00:47,2012-07-27
448625,124735,-57.0,639,119,16:45:53,2012-07-31
448420,124740,-49.0,639,119,15:19:30,2012-07-27
448615,124740,-59.0,639,119,15:49:37,2012-07-27
448615,124740,-55.5,639,119,16:45:52,2012-07-31
448620,124740,-61.0,639,119,15:49:37,2012-07-27
448630,124740,-57.0,639,119,15:50:46,2012-07-27
448415,124745,-49.0,639,119,15:20:05,2012-07-27
448605,124745,-59.0,639,119,15:49:36,2012-07-27
448610,124745,-61.0,639,119,18:24:45,2012-07-27
448410,124750,-49.0,639,119,15:20:05,2012-07-27
448415,124750,-49.0,639,119,15:19:31,2012-07-27
448595,124750,-57.0,639,119,15:49:35,2012-07-27
448600,124750,-57.5,639,119,15:49:35,2012-07-27
448600,124750,-55.0,639,119,16:45:51,2012-07-31
448605,124750,-57.0,639,119,15:50:48,2012-07-27
448590,124755,-57.0,639,119,15:49:35,2012-07-27
448595,124755,-57.0,639,119,15:49:35,2012-07-27
448595,124755,-54.25,639,119,16:45:50,2012-07-31
448405,124760,-50.599998,639,119,15:20:05,2012-07-27
448575,124760,-57.0,639,119,18:24:42,2012-07-27
448580,124760,-55.666668,639,119,15:49:34,2012-07-27
448585,124760,-57.0,639,119,15:49:35,2012-07-27
448585,124760,-54.0,639,119,16:45:50,2012-07-31
448595,124760,-56.0,639,119,15:50:49,2012-07-27
448405,124765,-48.333332,639,119,15:19:32,2012-07-27
448565,124765,-55.666668,639,119,18:24:42,2012-07-27
448575,124765,-52.5,639,119,16:45:49,2012-07-31
448395,124770,-50.333332,639,119,15:20:03,2012-07-27
448560,124770,-53.0,639,119,15:49:33,2012-07-27
448565,124770,-52.0,639,119,16:45:48,2012-07-31
448575,124770,-53.333332,639,119,15:50:51,2012-07-27
448395,124780,-47.25,639,119,15:19:34,2012-07-27
448540,124780,-52.666668,639,119,15:49:32,2012-07-27
448545,124780,-54.25,639,119,18:24:40,2012-07-27
448545,124780,-51.25,639,119,16:45:48,2012-07-31
448555,124780,-51.799999,639,119,15:50:52,2012-07-27
448530,124785,-51.666668,639,119,16:45:46,2012-07-31
448535,124785,-54.0,639,119,18:24:39,2012-07-27
448550,124785,-51.0,639,119,15:50:52,2012-07-27
448385,124790,-48.400002,639,119,15:19:35,2012-07-27
448390,124790,-48.0,639,119,15:19:34,2012-07-27
448525,124790,-54.333332,639,119,15:49:30,2012-07-27
448380,124795,-48.0,639,119,15:19:35,2012-07-27
448385,124795,-48.0,639,119,15:19:35,2012-07-27
448515,124795,-53.333332,639,119,16:45:45,2012-07-31
448530,124795,-50.200001,639,119,15:50:54,2012-07-27
448505,124800,-55.0,639,119,15:49:29,2012-07-27
448515,124800,-49.0,639,119,15:50:55,2012-07-27
448370,124805,-47.583332,639,119,15:19:59,2012-07-27
448485,124810,-54.333332,639,119,15:49:27,2012-07-27
448495,124810,-49.0,639,119,15:50:56,2012-07-27
448365,124815,-47.666668,639,119,15:19:38,2012-07-27
448470,124815,-54.0,639,119,15:49:27,2012-07-27
448480,124815,-54.799999,639,119,16:45:43,2012-07-31
448355,124820,-46.666668,639,119,15:19:58,2012-07-27
448465,124820,-58.333332,639,119,18:24:35,2012-07-27
448470,124820,-55.0,639,119,16:45:42,2012-07-31
448480,124820,-49.666668,639,119,15:50:58,2012-07-27
448355,124825,-47.0,639,119,15:19:39,2012-07-27
448450,124825,-54.0,639,119,15:49:25,2012-07-27
448455,124825,-59.0,639,119,18:24:34,2012-07-27
448455,124825,-54.25,639,119,16:45:41,2012-07-31
448350,124830,-47.0,639,119,15:19:41,2012-07-27
448440,124830,-54.0,639,119,15:49:25,2012-07-27
448445,124830,-57.0,639,119,18:24:33,2012-07-27
448450,124830,-57.5,639,119,18:24:33,2012-07-27
448350,124835,-46.0,639,119,15:19:55,2012-07-27
448425,124835,-52.666668,639,119,15:49:23,2012-07-27
448440,124835,-54.0,639,119,16:45:40,2012-07-31
448450,124835,-50.666668,639,119,15:50:59,2012-07-27
448350,124840,-46.0,639,119,15:19:54,2012-07-27
448355,124840,-47.142857,639,119,15:19:42,2012-07-27
448430,124840,-57.0,639,119,18:24:32,2012-07-27
448430,124840,-51.75,639,119,16:45:39,2012-07-31
448440,124840,-50.0,639,119,15:51:00,2012-07-27
448355,124845,-46.0,639,119,15:19:54,2012-07-27
448360,124845,-48.799999,639,119,15:19:44,2012-07-27
448400,124845,-51.333332,639,119,15:49:22,2012-07-27
448415,124845,-51.0,639,119,16:45:38,2012-07-31
448430,124845,-50.25,639,119,15:51:01,2012-07-27
448355,124850,-47.333332,639,119,15:19:52,2012-07-27
448360,124850,-52.0,639,119,15:19:46,2012-07-27
448365,124850,-51.5,639,119,15:19:46,2012-07-27
448405,124850,-51.0,639,119,16:45:37,2012-07-31
448355,124855,-50.0,639,119,15:19:51,2012-07-27
448360,124855,-50.333332,639,119,15:19:49,2012-07-27
448365,124855,-50.666668,639,119,15:19:48,2012-07-27
448380,124855,-51.599998,639,119,15:49:20,2012-07-27
448395,124855,-57.0,639,119,18:24:30,2012-07-27
448410,124855,-50.0,639,119,15:51:02,2012-07-27
448370,124860,-53.0,639,119,15:49:19,2012-07-27
448380,124860,-57.0,639,119,18:24:29,2012-07-27
448390,124860,-47.666668,639,119,15:51:03,2012-07-27
448390,124860,-50.200001,639,119,16:45:36,2012-07-31
448370,124865,-57.0,639,119,18:24:28,2012-07-27
448370,124865,-50.333332,639,119,16:45:34,2012-07-31
448380,124865,-49.333332,639,119,16:45:35,2012-07-31
448345,124870,-54.0,639,119,15:49:17,2012-07-27
448355,124870,-59.0,639,119,18:24:26,2012-07-27
448365,124870,-46.0,639,119,15:51:05,2012-07-27
448370,124870,-46.75,639,119,15:51:05,2012-07-27
448325,124875,-54.666668,639,119,15:49:16,2012-07-27
448355,124875,-52.333332,639,119,16:45:32,2012-07-31
448365,124875,-46.0,639,119,15:51:05,2012-07-27
448315,124880,-56.333332,639,119,15:49:15,2012-07-27
448350,124880,-46.666668,639,119,15:51:06,2012-07-27
448355,124880,-46.0,639,119,15:51:06,2012-07-27
448305,124885,-57.0,639,119,15:49:14,2012-07-27
448315,124885,-58.666668,639,119,18:24:23,2012-07-27
448325,124885,-58.666668,639,119,18:24:25,2012-07-27
448325,124885,-56.0,639,119,16:45:30,2012-07-31
448330,124885,-48.0,639,119,15:51:08,2012-07-27
448335,124885,-55.25,639,119,16:45:31,2012-07-31
448275,124890,-50.666668,639,119,15:49:10,2012-07-27
448280,124890,-53.0,639,119,15:49:12,2012-07-27
448290,124890,-55.666668,639,119,15:49:13,2012-07-27
448305,124890,-58.333332,639,119,18:24:22,2012-07-27
448310,124890,-55.0,639,119,16:45:29,2012-07-31
448315,124890,-49.0,639,119,15:51:09,2012-07-27
448315,124890,-55.25,639,119,16:45:29,2012-07-31
448320,124890,-48.0,639,119,15:51:09,2012-07-27
448325,124890,-48.0,639,119,15:51:08,2012-07-27
448255,124895,-46.0,639,119,15:49:08,2012-07-27
448260,124895,-49.799999,639,119,18:24:16,2012-07-27
448265,124895,-48.666668,639,119,15:49:09,2012-07-27
448270,124895,-53.333332,639,119,18:24:19,2012-07-27
448275,124895,-53.666668,639,119,16:45:25,2012-07-31
448280,124895,-56.666668,639,119,18:24:20,2012-07-27
448300,124895,-51.0,639,119,15:51:10,2012-07-27
448300,124895,-54.333332,639,119,16:45:28,2012-07-31
448250,124900,-49.0,639,119,18:24:16,2012-07-27
448260,124900,-53.0,639,119,16:45:22,2012-07-31
448265,124900,-53.0,639,119,16:45:24,2012-07-31
448295,124900,-51.0,639,119,15:51:12,2012-07-27
448245,124905,-49.0,639,119,18:24:14,2012-07-27
448255,124905,-45.0,639,119,15:49:06,2012-07-27
448290,124905,-50.75,639,119,15:51:13,2012-07-27
448250,124910,-53.0,639,119,16:45:21,2012-07-31
448255,124910,-45.0,639,119,15:49:05,2012-07-27
448285,124910,-50.0,639,119,15:51:14,2012-07-27
448235,124915,-53.5,639,119,18:24:13,2012-07-27
448240,124915,-53.0,639,119,16:45:19,2012-07-31
448280,124915,-49.666668,639,119,15:51:15,2012-07-27
448220,124920,-55.0,639,119,18:24:12,2012-07-27
448230,124920,-47.5,639,119,15:51:20,2012-07-27
448235,124920,-47.0,639,119,15:51:20,2012-07-27
448245,124920,-47.0,639,119,15:51:19,2012-07-27
448250,124920,-47.0,639,119,15:51:18,2012-07-27
448255,124920,-47.0,639,119,15:51:17,2012-07-27
448265,124920,-48.333332,639,119,15:51:16,2012-07-27
448215,124925,-49.666668,639,119,15:51:22,2012-07-27
448265,124925,-45.75,639,119,15:49:03,2012-07-27
448200,124930,-55.0,639,119,18:24:10,2012-07-27
448270,124930,-48.400002,639,119,15:49:02,2012-07-27
448170,124935,-55.0,639,119,18:24:08,2012-07-27
448185,124935,-52.0,639,119,15:51:24,2012-07-27
448190,124935,-52.0,639,119,15:51:23,2012-07-27
448195,124935,-51.333332,639,119,15:51:23,2012-07-27
448270,124935,-50.0,639,119,15:49:01,2012-07-27
448170,124940,-53.0,639,119,15:51:25,2012-07-27
448175,124940,-52.400002,639,119,15:51:24,2012-07-27
448180,124940,-52.0,639,119,15:51:24,2012-07-27
448160,124945,-53.0,639,119,15:51:26,2012-07-27
448270,124945,-50.0,639,119,15:49:01,2012-07-27
448265,124955,-50.0,639,119,15:48:59,2012-07-27
448250,124980,-50.0,639,119,15:48:58,2012-07-27
448245,124990,-50.0,639,119,15:48:56,2012-07-27
