437175,113740,-84.0,1655,108,11:52:38,2012-07-26
437180,113740,-84.0,1655,108,11:52:39,2012-07-26
437185,113740,-82.272728,1655,108,11:52:39,2012-07-26
437190,113740,-83.0,1655,108,11:52:40,2012-07-26
437170,113745,-85.400002,1655,108,11:52:38,2012-07-26
437175,113745,-84.0,1655,108,11:52:38,2012-07-26
437190,113745,-83.0,1655,108,11:52:40,2012-07-26
437195,113745,-83.0,1655,108,11:52:40,2012-07-26
437200,113745,-83.0,1655,108,11:52:41,2012-07-26
437205,113745,-83.0,1655,108,11:52:41,2012-07-26
437205,113750,-83.75,1655,108,11:52:42,2012-07-26
437210,113750,-86.0,1655,108,11:52:42,2012-07-26
444435,118800,-78.0,1655,108,11:55:11,2012-07-30
444435,118805,-78.85714,1655,108,11:55:10,2012-07-30
444435,118810,-80.0,1655,108,11:55:10,2012-07-30
444435,118815,-81.5,1655,108,11:55:09,2012-07-30
444435,118820,-82.0,1655,108,11:55:08,2012-07-30
444435,118825,-82.75,1655,108,11:55:07,2012-07-30
444435,118830,-83.0,1655,108,11:55:07,2012-07-30
444435,118835,-83.75,1655,108,11:55:06,2012-07-30
444430,118840,-84.0,1655,108,11:55:05,2012-07-30
444435,118840,-84.0,1655,108,11:55:05,2012-07-30
444430,118845,-84.0,1655,108,11:55:04,2012-07-30
444430,118850,-84.75,1655,108,11:55:03,2012-07-30
444425,118855,-85.0,1655,108,11:55:02,2012-07-30
444425,118860,-85.0,1655,108,11:55:02,2012-07-30
444420,118865,-84.400002,1655,108,11:55:00,2012-07-30
444415,118870,-83.25,1655,108,11:54:59,2012-07-30
444415,118875,-83.0,1655,108,11:54:58,2012-07-30
444410,118880,-81.800003,1655,108,11:54:56,2012-07-30
444410,118885,-81.0,1655,108,11:54:55,2012-07-30
444410,118890,-81.800003,1655,108,11:54:54,2012-07-30
444410,118895,-82.75,1655,108,11:54:53,2012-07-30
444415,118900,-83.0,1655,108,11:54:51,2012-07-30
444415,118905,-83.0,1655,108,11:54:50,2012-07-30
444415,118910,-84.0,1655,108,11:54:49,2012-07-30
444420,118915,-85.0,1655,108,11:54:48,2012-07-30
444420,118920,-83.5,1655,108,11:54:48,2012-07-30
444420,118930,-83.0,1655,108,11:54:46,2012-07-30
444420,118935,-83.0,1655,108,11:54:46,2012-07-30
444420,118940,-83.0,1655,108,11:54:44,2012-07-30
444420,118945,-83.0,1655,108,11:54:43,2012-07-30
444425,118945,-83.0,1655,108,11:54:43,2012-07-30
444425,118950,-83.0,1655,108,11:54:43,2012-07-30
444425,118955,-80.75,1655,108,11:54:42,2012-07-30
444425,118960,-80.0,1655,108,11:54:41,2012-07-30
444425,118965,-80.0,1655,108,11:54:41,2012-07-30
444425,118970,-81.0,1655,108,11:54:39,2012-07-30
444425,118975,-82.0,1655,108,11:54:38,2012-07-30
444425,118980,-82.599998,1655,108,11:54:38,2012-07-30
444425,118985,-83.0,1655,108,11:54:37,2012-07-30
444425,118995,-83.800003,1655,108,11:54:36,2012-07-30
444425,119000,-84.0,1655,108,11:54:35,2012-07-30
444425,119005,-85.199997,1655,108,11:54:34,2012-07-30
444420,119010,-86.0,1655,108,11:54:33,2012-07-30
444420,119020,-85.199997,1655,108,11:54:31,2012-07-30
444415,119025,-85.0,1655,108,11:54:30,2012-07-30
444415,119030,-84.25,1655,108,11:54:29,2012-07-30
444415,119035,-85.199997,1655,108,11:54:28,2012-07-30
444410,119045,-86.5,1655,108,11:54:27,2012-07-30
444410,119050,-87.0,1655,108,11:54:26,2012-07-30
444410,119060,-87.800003,1655,108,11:54:25,2012-07-30
444410,119070,-88.0,1655,108,11:54:24,2012-07-30
444410,119075,-88.0,1655,108,11:54:22,2012-07-30
444330,119085,-89.0,1655,108,11:54:06,2012-07-30
444335,119085,-89.0,1655,108,11:54:07,2012-07-30
444340,119085,-89.0,1655,108,11:54:08,2012-07-30
444345,119085,-89.0,1655,108,11:54:09,2012-07-30
444310,119090,-84.978722,1655,108,11:53:40,2012-07-30
444320,119090,-87.0,1655,108,11:54:04,2012-07-30
444325,119090,-89.0,1655,108,11:54:05,2012-07-30
444350,119090,-89.0,1655,108,11:54:10,2012-07-30
444355,119090,-89.0,1655,108,11:54:10,2012-07-30
444365,119095,-88.199997,1655,108,11:54:12,2012-07-30
444370,119095,-89.0,1655,108,11:54:13,2012-07-30
444375,119095,-89.0,1655,108,11:54:14,2012-07-30
444380,119095,-89.199997,1655,108,11:54:15,2012-07-30
447630,124890,-57.0,1655,108,15:22:22,2012-07-27
447625,124900,-57.0,1655,108,15:22:23,2012-07-27
447620,124910,-57.0,1655,108,15:22:23,2012-07-27
447620,124915,-57.0,1655,108,15:22:25,2012-07-27
448230,124920,-57.0,1655,108,16:45:18,2012-07-31
448215,124925,-56.799999,1655,108,16:45:17,2012-07-31
448220,124925,-55.0,1655,108,16:45:17,2012-07-31
448225,124925,-55.400002,1655,108,16:45:18,2012-07-31
448195,124930,-59.5,1655,108,16:45:15,2012-07-31
447610,124935,-57.0,1655,108,15:22:26,2012-07-27
448190,124935,-60.0,1655,108,16:45:14,2012-07-31
448180,124940,-59.333332,1655,108,16:45:14,2012-07-31
448150,124945,-57.625,1655,108,18:24:06,2012-07-27
448155,124945,-59.75,1655,108,16:45:12,2012-07-31
448135,124950,-57.0,1655,108,18:24:05,2012-07-27
448145,124950,-60.0,1655,108,16:45:12,2012-07-31
447600,124955,-54.0,1655,108,15:22:27,2012-07-27
448120,124955,-56.333332,1655,108,18:24:05,2012-07-27
448120,124955,-60.0,1655,108,16:45:10,2012-07-31
448135,124955,-48.0,1655,108,15:51:27,2012-07-27
448135,124955,-60.0,1655,108,16:45:11,2012-07-31
448105,124960,-55.333332,1655,108,18:24:03,2012-07-27
448110,124960,-56.400002,1655,108,16:45:09,2012-07-31
448115,124960,-60.0,1655,108,16:45:10,2012-07-31
448120,124960,-48.0,1655,108,15:51:29,2012-07-27
448090,124965,-55.0,1655,108,18:24:02,2012-07-27
448095,124965,-54.0,1655,108,16:45:09,2012-07-31
448100,124965,-48.0,1655,108,15:51:30,2012-07-27
448100,124965,-54.0,1655,108,16:45:09,2012-07-31
447595,124970,-47.333332,1655,108,15:22:29,2012-07-27
448070,124970,-51.0,1655,108,18:24:01,2012-07-27
448075,124970,-53.285713,1655,108,18:24:01,2012-07-27
448080,124970,-51.0,1655,108,16:45:08,2012-07-31
448055,124975,-52.0,1655,108,18:24:01,2012-07-27
448065,124975,-50.0,1655,108,16:45:07,2012-07-31
448070,124975,-50.0,1655,108,16:45:08,2012-07-31
448075,124975,-48.0,1655,108,15:51:32,2012-07-27
448045,124980,-49.0,1655,108,18:23:59,2012-07-27
448055,124980,-48.5,1655,108,16:45:07,2012-07-31
448025,124985,-46.666668,1655,108,18:23:58,2012-07-27
448035,124985,-48.333332,1655,108,15:51:33,2012-07-27
448020,124990,-48.375,1655,108,15:51:34,2012-07-27
448025,124990,-46.5,1655,108,16:45:05,2012-07-31
447585,124995,-45.333332,1655,108,15:22:30,2012-07-27
447995,124995,-45.0,1655,108,18:23:56,2012-07-27
448005,124995,-45.25,1655,108,18:23:56,2012-07-27
447980,125000,-43.666668,1655,108,18:23:55,2012-07-27
447990,125000,-43.5,1655,108,16:45:03,2012-07-31
448005,125000,-48.0,1655,108,15:51:35,2012-07-27
447580,125005,-44.5,1655,108,15:22:32,2012-07-27
447970,125005,-43.0,1655,108,18:23:54,2012-07-27
447990,125005,-47.799999,1655,108,15:51:37,2012-07-27
448240,125005,-55.0,1655,108,15:48:55,2012-07-27
447960,125010,-40.75,1655,108,18:23:54,2012-07-27
447970,125010,-43.0,1655,108,16:45:03,2012-07-31
448235,125010,-55.0,1655,108,15:48:54,2012-07-27
447575,125015,-46.0,1655,108,15:22:32,2012-07-27
447950,125015,-42.333332,1655,108,16:45:01,2012-07-31
447935,125020,-40.0,1655,108,18:23:52,2012-07-27
447945,125020,-46.666668,1655,108,15:51:39,2012-07-27
447925,125025,-40.0,1655,108,18:23:51,2012-07-27
447930,125025,-45.666668,1655,108,15:51:40,2012-07-27
448230,125025,-57.5,1655,108,15:48:53,2012-07-27
447570,125030,-46.666668,1655,108,15:22:33,2012-07-27
447910,125030,-39.333332,1655,108,18:23:51,2012-07-27
447910,125030,-42.0,1655,108,16:45:00,2012-07-31
447915,125030,-44.666668,1655,108,15:51:42,2012-07-27
447920,125030,-42.0,1655,108,16:45:00,2012-07-31
447570,125035,-50.400002,1655,108,15:22:35,2012-07-27
447900,125035,-39.0,1655,108,18:23:50,2012-07-27
447890,125040,-37.5,1655,108,18:23:49,2012-07-27
447900,125040,-43.666668,1655,108,15:51:43,2012-07-27
447885,125045,-40.666668,1655,108,16:44:58,2012-07-31
447560,125050,-52.200001,1655,108,15:22:35,2012-07-27
447870,125050,-37.0,1655,108,18:23:49,2012-07-27
447880,125050,-43.0,1655,108,15:51:44,2012-07-27
448215,125050,-60.666668,1655,108,15:48:52,2012-07-27
447850,125055,-37.75,1655,108,18:23:48,2012-07-27
447865,125055,-43.0,1655,108,15:51:44,2012-07-27
447865,125055,-40.0,1655,108,16:44:57,2012-07-31
448215,125055,-61.0,1655,108,15:48:51,2012-07-27
447555,125065,-53.0,1655,108,15:22:36,2012-07-27
447835,125065,-38.75,1655,108,18:23:47,2012-07-27
447850,125065,-42.333332,1655,108,15:51:46,2012-07-27
448210,125065,-61.0,1655,108,15:48:50,2012-07-27
447835,125070,-41.0,1655,108,15:51:47,2012-07-27
447835,125070,-40.0,1655,108,16:44:55,2012-07-31
447550,125075,-53.333332,1655,108,15:22:37,2012-07-27
447820,125075,-39.799999,1655,108,18:23:45,2012-07-27
448200,125075,-61.0,1655,108,15:48:49,2012-07-27
447815,125080,-42.0,1655,108,15:51:49,2012-07-27
447815,125080,-41.5,1655,108,16:44:54,2012-07-31
447545,125085,-54.0,1655,108,15:22:39,2012-07-27
447800,125090,-44.0,1655,108,15:51:49,2012-07-27
447785,125095,-43.0,1655,108,18:23:44,2012-07-27
447795,125095,-43.0,1655,108,16:44:53,2012-07-31
448190,125095,-62.333332,1655,108,15:48:48,2012-07-27
447785,125100,-44.666668,1655,108,15:51:50,2012-07-27
447775,125105,-46.0,1655,108,15:51:51,2012-07-27
448180,125105,-61.666668,1655,108,15:48:46,2012-07-27
447535,125110,-54.5,1655,108,15:22:40,2012-07-27
447760,125110,-47.333332,1655,108,18:23:42,2012-07-27
447765,125110,-46.75,1655,108,16:44:53,2012-07-31
447525,125120,-55.0,1655,108,15:22:42,2012-07-27
447525,125125,-54.666668,1655,108,15:22:43,2012-07-27
447745,125125,-46.5,1655,108,15:51:53,2012-07-27
447745,125125,-50.0,1655,108,16:44:51,2012-07-31
448165,125125,-59.666668,1655,108,15:48:45,2012-07-27
447735,125130,-48.0,1655,108,15:51:54,2012-07-27
447725,125140,-48.75,1655,108,15:51:54,2012-07-27
448150,125140,-59.0,1655,108,15:48:44,2012-07-27
447720,125145,-53.666668,1655,108,16:44:50,2012-07-31
447710,125150,-51.0,1655,108,15:51:55,2012-07-27
448140,125150,-58.333332,1655,108,15:48:42,2012-07-27
447505,125155,-54.333332,1655,108,15:22:44,2012-07-27
447705,125155,-52.5,1655,108,15:51:56,2012-07-27
447695,125160,-54.5,1655,108,18:23:38,2012-07-27
447700,125160,-54.0,1655,108,15:51:56,2012-07-27
447700,125160,-55.666668,1655,108,16:44:48,2012-07-31
447500,125165,-55.0,1655,108,15:22:46,2012-07-27
447690,125165,-54.25,1655,108,15:51:57,2012-07-27
448130,125165,-58.75,1655,108,15:48:41,2012-07-27
448125,125170,-59.0,1655,108,15:48:40,2012-07-27
447675,125175,-55.0,1655,108,15:51:58,2012-07-27
447680,125175,-55.0,1655,108,18:23:37,2012-07-27
447670,125180,-56.75,1655,108,16:44:47,2012-07-31
448120,125180,-59.666668,1655,108,15:48:39,2012-07-27
447665,125185,-55.0,1655,108,18:23:36,2012-07-27
447670,125185,-56.0,1655,108,15:51:58,2012-07-27
447480,125190,-55.0,1655,108,15:22:47,2012-07-27
448110,125190,-60.666668,1655,108,15:48:38,2012-07-27
447650,125195,-57.0,1655,108,16:44:45,2012-07-31
447655,125195,-59.666668,1655,108,15:52:00,2012-07-27
447655,125195,-54.0,1655,108,16:44:45,2012-07-31
447470,125200,-55.0,1655,108,15:22:49,2012-07-27
447650,125200,-52.599998,1655,108,18:23:35,2012-07-27
448100,125200,-61.0,1655,108,15:48:37,2012-07-27
447465,125205,-55.0,1655,108,15:22:49,2012-07-27
448100,125205,-63.666668,1655,108,15:48:37,2012-07-27
447635,125210,-52.0,1655,108,18:23:34,2012-07-27
447640,125210,-62.0,1655,108,15:52:01,2012-07-27
448095,125210,-65.0,1655,108,15:48:36,2012-07-27
447455,125215,-55.0,1655,108,15:22:50,2012-07-27
447635,125215,-64.0,1655,108,15:52:02,2012-07-27
448090,125215,-65.0,1655,108,15:48:35,2012-07-27
447445,125220,-55.0,1655,108,15:22:51,2012-07-27
447625,125220,-64.0,1655,108,15:52:02,2012-07-27
447625,125220,-52.666668,1655,108,16:44:44,2012-07-31
447630,125220,-64.0,1655,108,15:52:02,2012-07-27
448090,125220,-63.799999,1655,108,15:48:35,2012-07-27
447620,125225,-52.0,1655,108,18:00:47,2012-07-27
447625,125225,-64.0,1655,108,15:52:03,2012-07-27
448085,125225,-63.0,1655,108,15:48:34,2012-07-27
447440,125230,-54.666668,1655,108,15:22:51,2012-07-27
447610,125235,-67.0,1655,108,15:52:04,2012-07-27
448080,125235,-61.666668,1655,108,15:48:34,2012-07-27
447430,125240,-54.0,1655,108,15:22:53,2012-07-27
447605,125240,-51.111111,1655,108,18:00:47,2012-07-27
448075,125240,-61.0,1655,108,15:48:33,2012-07-27
447425,125245,-54.0,1655,108,15:22:54,2012-07-27
447415,125250,-53.666668,1655,108,15:22:54,2012-07-27
447590,125250,-51.0,1655,108,18:00:47,2012-07-27
447595,125250,-51.333332,1655,108,16:44:43,2012-07-31
448070,125250,-59.5,1655,108,15:48:32,2012-07-27
448065,125255,-59.0,1655,108,15:48:32,2012-07-27
447405,125260,-53.75,1655,108,15:22:56,2012-07-27
448060,125260,-59.0,1655,108,15:48:31,2012-07-27
447400,125265,-56.0,1655,108,15:22:56,2012-07-27
447780,125265,-62.400002,1655,108,15:34:07,2012-07-27
447390,125270,-56.666668,1655,108,15:22:57,2012-07-27
447565,125270,-49.666668,1655,108,18:23:30,2012-07-27
447570,125270,-50.25,1655,108,16:44:41,2012-07-31
447775,125270,-61.666668,1655,108,15:34:11,2012-07-27
447780,125270,-62.42857,1655,108,15:34:09,2012-07-27
447785,125270,-63.599998,1655,108,15:34:06,2012-07-27
447790,125270,-64.900002,1655,108,15:34:04,2012-07-27
447790,125275,-70.152176,1655,108,15:33:46,2012-07-27
448055,125275,-59.0,1655,108,15:48:29,2012-07-27
447375,125280,-58.0,1655,108,15:22:59,2012-07-27
447380,125280,-58.25,1655,108,15:22:58,2012-07-27
447555,125280,-49.5,1655,108,16:44:40,2012-07-31
447795,125280,-63.0,1655,108,15:33:43,2012-07-27
447800,125280,-63.0,1655,108,15:33:43,2012-07-27
447375,125285,-59.333332,1655,108,15:23:00,2012-07-27
447555,125285,-49.0,1655,108,18:00:47,2012-07-27
447765,125285,-61.333332,1655,108,15:34:14,2012-07-27
447770,125285,-61.0,1655,108,15:34:13,2012-07-27
447800,125285,-63.0,1655,108,15:33:43,2012-07-27
447805,125285,-63.0,1655,108,15:33:42,2012-07-27
447760,125290,-62.5,1655,108,15:34:16,2012-07-27
447810,125290,-63.0,1655,108,15:33:41,2012-07-27
447815,125290,-63.0,1655,108,15:33:40,2012-07-27
447540,125295,-49.0,1655,108,18:00:47,2012-07-27
447545,125295,-49.0,1655,108,16:44:38,2012-07-31
447755,125295,-64.0,1655,108,15:34:16,2012-07-27
448040,125295,-59.0,1655,108,15:48:27,2012-07-27
447345,125300,-60.666668,1655,108,15:23:01,2012-07-27
447755,125305,-63.599998,1655,108,15:34:17,2012-07-27
448035,125305,-59.0,1655,108,15:48:27,2012-07-27
447525,125310,-50.200001,1655,108,18:23:27,2012-07-27
447525,125310,-49.0,1655,108,16:44:37,2012-07-31
447750,125310,-62.666668,1655,108,15:34:19,2012-07-27
447330,125315,-61.599998,1655,108,15:23:03,2012-07-27
447515,125320,-51.5,1655,108,18:23:25,2012-07-27
447515,125320,-49.0,1655,108,16:44:36,2012-07-31
447745,125320,-62.0,1655,108,15:34:20,2012-07-27
447315,125325,-61.666668,1655,108,15:23:04,2012-07-27
447510,125325,-49.666668,1655,108,16:44:36,2012-07-31
447500,125330,-53.333332,1655,108,18:23:24,2012-07-27
447300,125335,-66.0,1655,108,15:23:06,2012-07-27
447305,125335,-63.333332,1655,108,15:23:05,2012-07-27
447520,125335,-47.5,1655,108,15:37:16,2012-07-27
447530,125335,-48.75,1655,108,15:37:19,2012-07-27
447735,125335,-62.333332,1655,108,15:34:21,2012-07-27
447495,125340,-50.0,1655,108,16:44:34,2012-07-31
447515,125340,-48.666668,1655,108,15:37:16,2012-07-27
447520,125340,-49.0,1655,108,15:37:16,2012-07-27
447535,125340,-49.0,1655,108,15:37:20,2012-07-27
447540,125340,-52.5,1655,108,15:37:21,2012-07-27
447290,125345,-68.285713,1655,108,15:23:07,2012-07-27
447490,125345,-49.25,1655,108,15:25:48,2012-07-27
447495,125345,-45.285713,1655,108,15:25:46,2012-07-27
447500,125345,-50.333332,1655,108,15:37:12,2012-07-27
447510,125345,-50.333332,1655,108,15:37:13,2012-07-27
447550,125345,-54.0,1655,108,15:37:22,2012-07-27
447730,125345,-63.0,1655,108,15:34:23,2012-07-27
447485,125350,-50.0,1655,108,15:25:50,2012-07-27
447500,125350,-45.028572,1655,108,15:25:43,2012-07-27
447555,125350,-54.666668,1655,108,15:37:23,2012-07-27
447800,125350,-58.75,1655,108,15:35:13,2012-07-27
447810,125350,-59.0,1655,108,15:35:14,2012-07-27
447475,125355,-54.0,1655,108,15:25:52,2012-07-27
447475,125355,-50.0,1655,108,16:44:33,2012-07-31
447495,125355,-49.333332,1655,108,15:37:09,2012-07-27
447500,125355,-45.661018,1655,108,15:25:26,2012-07-27
447560,125355,-57.200001,1655,108,15:37:24,2012-07-27
447720,125355,-63.333332,1655,108,15:34:24,2012-07-27
447795,125355,-59.75,1655,108,15:35:11,2012-07-27
447280,125360,-70.800003,1655,108,15:23:08,2012-07-27
447470,125360,-47.599998,1655,108,18:23:22,2012-07-27
447475,125360,-56.0,1655,108,15:25:52,2012-07-27
447500,125360,-48.333332,1655,108,15:25:15,2012-07-27
447790,125360,-58.799999,1655,108,15:35:10,2012-07-27
447820,125360,-62.333332,1655,108,15:35:16,2012-07-27
447270,125365,-72.333336,1655,108,15:23:10,2012-07-27
447495,125365,-47.5,1655,108,15:25:13,2012-07-27
447570,125365,-60.333332,1655,108,15:37:26,2012-07-27
447575,125365,-63.200001,1655,108,15:37:26,2012-07-27
447825,125365,-65.666664,1655,108,15:35:17,2012-07-27
447460,125370,-46.0,1655,108,18:23:21,2012-07-27
447460,125370,-50.0,1655,108,16:44:31,2012-07-31
447490,125370,-48.0,1655,108,15:37:06,2012-07-27
447495,125370,-48.0,1655,108,15:37:07,2012-07-27
447580,125370,-64.0,1655,108,15:37:28,2012-07-27
447585,125370,-65.85714,1655,108,15:37:29,2012-07-27
447715,125370,-64.666664,1655,108,15:34:26,2012-07-27
447780,125370,-58.0,1655,108,15:35:09,2012-07-27
447835,125370,-67.333336,1655,108,15:35:19,2012-07-27
447260,125375,-73.0,1655,108,15:23:10,2012-07-27
447460,125375,-56.333332,1655,108,15:25:54,2012-07-27
447490,125375,-48.0,1655,108,15:25:12,2012-07-27
447585,125375,-66.034485,1655,108,15:37:29,2012-07-27
447590,125375,-70.0,1655,108,15:37:50,2012-07-27
447595,125375,-70.0,1655,108,15:37:51,2012-07-27
447840,125375,-68.75,1655,108,15:35:20,2012-07-27
447845,125375,-71.0,1655,108,15:35:21,2012-07-27
447260,125380,-74.125,1655,108,15:23:11,2012-07-27
447445,125380,-46.0,1655,108,18:23:20,2012-07-27
447450,125380,-57.0,1655,108,15:25:56,2012-07-27
447450,125380,-49.25,1655,108,16:44:30,2012-07-31
447485,125380,-46.400002,1655,108,15:37:05,2012-07-27
447490,125380,-47.0,1655,108,15:37:05,2012-07-27
447595,125380,-70.0,1655,108,15:37:52,2012-07-27
447705,125380,-66.0,1655,108,15:34:27,2012-07-27
447770,125380,-58.0,1655,108,15:35:07,2012-07-27
447845,125380,-71.333336,1655,108,15:35:21,2012-07-27
447440,125385,-49.0,1655,108,16:44:29,2012-07-31
447490,125385,-51.0,1655,108,15:25:11,2012-07-27
447600,125385,-69.666664,1655,108,15:37:53,2012-07-27
447770,125385,-58.0,1655,108,15:35:07,2012-07-27
447845,125385,-71.0,1655,108,15:35:23,2012-07-27
447435,125390,-48.25,1655,108,16:44:29,2012-07-31
447440,125390,-60.0,1655,108,15:25:57,2012-07-27
447480,125390,-46.0,1655,108,15:37:03,2012-07-27
447610,125390,-69.0,1655,108,15:37:54,2012-07-27
447765,125390,-59.714287,1655,108,15:35:06,2012-07-27
447840,125390,-69.0,1655,108,15:35:24,2012-07-27
447845,125390,-69.0,1655,108,15:35:23,2012-07-27
447480,125395,-51.0,1655,108,15:25:09,2012-07-27
447615,125395,-69.0,1655,108,15:37:55,2012-07-27
447620,125395,-69.0,1655,108,15:37:55,2012-07-27
447695,125395,-65.0,1655,108,15:34:29,2012-07-27
447700,125395,-65.666664,1655,108,15:34:28,2012-07-27
447760,125395,-60.799999,1655,108,15:35:04,2012-07-27
447840,125395,-69.428574,1655,108,15:35:24,2012-07-27
447980,125395,-64.0,1655,108,15:33:13,2012-07-27
447425,125400,-46.0,1655,108,18:00:47,2012-07-27
447425,125400,-48.0,1655,108,16:44:28,2012-07-31
447475,125400,-48.0,1655,108,15:37:02,2012-07-27
447625,125400,-69.0,1655,108,15:37:56,2012-07-27
447630,125400,-67.5,1655,108,15:37:57,2012-07-27
447695,125400,-64.714287,1655,108,15:34:30,2012-07-27
447975,125400,-60.0,1655,108,15:33:11,2012-07-27
447980,125400,-61.333332,1655,108,15:33:13,2012-07-27
447415,125405,-45.0,1655,108,16:44:27,2012-07-31
447420,125405,-48.0,1655,108,16:44:27,2012-07-31
447690,125405,-64.0,1655,108,15:34:30,2012-07-27
447970,125405,-60.666668,1655,108,15:33:10,2012-07-27
447415,125410,-46.0,1655,108,18:00:47,2012-07-27
447470,125410,-50.375,1655,108,15:37:01,2012-07-27
447640,125410,-63.333332,1655,108,15:37:58,2012-07-27
447690,125410,-64.0,1655,108,15:34:31,2012-07-27
447745,125410,-62.888889,1655,108,15:35:03,2012-07-27
447405,125415,-46.0,1655,108,18:00:47,2012-07-27
447410,125415,-44.0,1655,108,16:44:26,2012-07-31
447465,125415,-46.0,1655,108,15:37:00,2012-07-27
447470,125415,-47.0,1655,108,15:37:00,2012-07-27
447965,125415,-59.666668,1655,108,15:33:09,2012-07-27
447405,125420,-44.0,1655,108,16:44:26,2012-07-31
447650,125420,-64.5,1655,108,15:38:00,2012-07-27
447655,125420,-66.0,1655,108,15:38:00,2012-07-27
447960,125420,-59.0,1655,108,15:33:08,2012-07-27
447465,125425,-46.0,1655,108,15:36:59,2012-07-27
447660,125425,-66.5,1655,108,15:38:01,2012-07-27
447730,125425,-65.25,1655,108,15:35:00,2012-07-27
447390,125430,-44.0,1655,108,16:44:24,2012-07-31
447460,125430,-50.0,1655,108,15:36:58,2012-07-27
447670,125430,-66.5,1655,108,15:38:02,2012-07-27
447725,125430,-65.25,1655,108,15:34:59,2012-07-27
447390,125435,-59.0,1655,108,15:26:03,2012-07-27
447460,125435,-50.0,1655,108,15:36:57,2012-07-27
447670,125435,-65.0,1655,108,15:38:03,2012-07-27
447675,125435,-64.428574,1655,108,15:34:42,2012-07-27
447940,125435,-59.0,1655,108,15:33:07,2012-07-27
447380,125440,-57.0,1655,108,15:26:04,2012-07-27
447680,125440,-65.875,1655,108,15:34:45,2012-07-27
447370,125445,-57.0,1655,108,15:26:05,2012-07-27
447375,125445,-57.0,1655,108,15:26:05,2012-07-27
447375,125445,-44.0,1655,108,16:44:23,2012-07-31
447455,125445,-54.0,1655,108,15:36:56,2012-07-27
447710,125445,-66.0,1655,108,15:34:56,2012-07-27
447930,125445,-59.166668,1655,108,15:33:05,2012-07-27
447370,125450,-54.0,1655,108,15:26:06,2012-07-27
447370,125450,-44.0,1655,108,16:44:22,2012-07-31
447445,125450,-62.0,1655,108,15:36:46,2012-07-27
447450,125450,-55.333332,1655,108,15:36:55,2012-07-27
447705,125450,-68.800003,1655,108,15:34:55,2012-07-27
447925,125450,-59.0,1655,108,15:33:04,2012-07-27
447930,125450,-59.0,1655,108,15:33:04,2012-07-27
447360,125455,-44.0,1655,108,16:44:21,2012-07-31
447450,125455,-55.0,1655,108,15:36:52,2012-07-27
447700,125455,-69.666664,1655,108,15:34:53,2012-07-27
447925,125455,-59.0,1655,108,15:33:04,2012-07-27
447360,125460,-57.0,1655,108,15:52:29,2012-07-27
447365,125460,-54.5,1655,108,15:26:07,2012-07-27
447915,125460,-59.75,1655,108,15:33:03,2012-07-27
447365,125465,-57.0,1655,108,15:26:09,2012-07-27
447910,125465,-60.0,1655,108,15:33:02,2012-07-27
447350,125470,-57.0,1655,108,15:52:30,2012-07-27
447370,125470,-57.63158,1655,108,15:24:35,2012-07-27
447375,125470,-55.5,1655,108,15:24:36,2012-07-27
447380,125470,-57.333332,1655,108,15:24:39,2012-07-27
447365,125475,-62.25,1655,108,15:24:33,2012-07-27
447905,125475,-60.0,1655,108,15:33:02,2012-07-27
447340,125480,-57.0,1655,108,15:52:31,2012-07-27
447385,125480,-61.333332,1655,108,15:24:40,2012-07-27
447900,125480,-60.0,1655,108,15:33:01,2012-07-27
447370,125485,-67.0,1655,108,15:24:31,2012-07-27
447375,125485,-69.0,1655,108,15:24:30,2012-07-27
447745,125485,-66.0,1655,108,15:32:32,2012-07-27
447895,125485,-60.75,1655,108,15:33:00,2012-07-27
447325,125490,-57.0,1655,108,15:52:33,2012-07-27
447380,125490,-68.0,1655,108,15:24:29,2012-07-27
447890,125490,-61.0,1655,108,15:32:59,2012-07-27
447760,125495,-66.0,1655,108,15:32:33,2012-07-27
447890,125495,-61.0,1655,108,15:32:59,2012-07-27
447390,125500,-64.75,1655,108,15:24:28,2012-07-27
447765,125500,-66.0,1655,108,15:32:35,2012-07-27
447885,125500,-61.0,1655,108,15:32:58,2012-07-27
447310,125505,-57.0,1655,108,15:52:34,2012-07-27
447395,125505,-64.0,1655,108,15:24:27,2012-07-27
447770,125505,-66.0,1655,108,15:32:35,2012-07-27
447880,125505,-62.333332,1655,108,15:32:57,2012-07-27
447400,125510,-60.666668,1655,108,15:24:26,2012-07-27
447780,125510,-66.0,1655,108,15:32:36,2012-07-27
447405,125515,-59.0,1655,108,15:24:25,2012-07-27
447785,125515,-65.333336,1655,108,15:32:38,2012-07-27
447875,125515,-63.0,1655,108,15:32:56,2012-07-27
447295,125520,-58.714287,1655,108,15:52:34,2012-07-27
447410,125525,-59.0,1655,108,15:24:22,2012-07-27
447795,125525,-64.0,1655,108,15:32:39,2012-07-27
447280,125530,-60.0,1655,108,15:52:35,2012-07-27
447410,125530,-59.0,1655,108,15:24:21,2012-07-27
447805,125530,-63.666668,1655,108,15:32:40,2012-07-27
447865,125530,-63.75,1655,108,15:32:55,2012-07-27
447275,125535,-60.0,1655,108,15:52:35,2012-07-27
447410,125535,-59.0,1655,108,15:24:20,2012-07-27
447810,125535,-63.0,1655,108,15:32:41,2012-07-27
447865,125535,-64.0,1655,108,15:32:54,2012-07-27
447270,125540,-59.799999,1655,108,15:52:36,2012-07-27
447820,125540,-63.400002,1655,108,15:32:42,2012-07-27
447860,125540,-64.0,1655,108,15:32:53,2012-07-27
447265,125545,-59.0,1655,108,15:52:36,2012-07-27
447825,125545,-64.666664,1655,108,15:32:43,2012-07-27
447860,125545,-64.666664,1655,108,15:32:52,2012-07-27
447255,125550,-59.0,1655,108,15:52:37,2012-07-27
447830,125550,-65.666664,1655,108,15:32:45,2012-07-27
447840,125555,-65.0,1655,108,15:32:46,2012-07-27
447845,125555,-65.0,1655,108,15:32:47,2012-07-27
447855,125555,-65.0,1655,108,15:32:50,2012-07-27
447250,125560,-59.0,1655,108,15:52:37,2012-07-27
447845,125560,-65.400002,1655,108,15:32:47,2012-07-27
447245,125565,-59.0,1655,108,15:52:38,2012-07-27
447235,125575,-59.25,1655,108,15:52:39,2012-07-27
447220,125585,-60.0,1655,108,15:52:39,2012-07-27
447210,125590,-59.75,1655,108,15:52:40,2012-07-27
447580,125600,-60.375,1655,108,15:31:23,2012-07-27
447190,125610,-59.0,1655,108,15:52:42,2012-07-27
447195,125610,-59.0,1655,108,15:52:42,2012-07-27
447185,125615,-59.0,1655,108,15:52:42,2012-07-27
447575,125615,-56.5,1655,108,15:31:21,2012-07-27
447180,125620,-59.0,1655,108,15:52:43,2012-07-27
447175,125625,-59.0,1655,108,15:52:43,2012-07-27
447170,125630,-59.0,1655,108,15:52:43,2012-07-27
447570,125630,-58.0,1655,108,15:31:18,2012-07-27
447565,125640,-58.0,1655,108,15:31:16,2012-07-27
447565,125645,-59.75,1655,108,15:31:15,2012-07-27
447565,125650,-59.714287,1655,108,15:31:12,2012-07-27
447565,125655,-59.833332,1655,108,15:31:09,2012-07-27
447560,125660,-57.0,1655,108,15:31:02,2012-07-27
437175,113740,-84.0,1655,108,11:52:38,2012-07-26
437180,113740,-84.0,1655,108,11:52:39,2012-07-26
437185,113740,-82.272728,1655,108,11:52:39,2012-07-26
437190,113740,-83.0,1655,108,11:52:40,2012-07-26
437170,113745,-85.400002,1655,108,11:52:38,2012-07-26
437175,113745,-84.0,1655,108,11:52:38,2012-07-26
437190,113745,-83.0,1655,108,11:52:40,2012-07-26
437195,113745,-83.0,1655,108,11:52:40,2012-07-26
437200,113745,-83.0,1655,108,11:52:41,2012-07-26
437205,113745,-83.0,1655,108,11:52:41,2012-07-26
437205,113750,-83.75,1655,108,11:52:42,2012-07-26
437210,113750,-86.0,1655,108,11:52:42,2012-07-26
444435,118800,-78.0,1655,108,11:55:11,2012-07-30
444435,118805,-78.85714,1655,108,11:55:10,2012-07-30
444435,118810,-80.0,1655,108,11:55:10,2012-07-30
444435,118815,-81.5,1655,108,11:55:09,2012-07-30
444435,118820,-82.0,1655,108,11:55:08,2012-07-30
444435,118825,-82.75,1655,108,11:55:07,2012-07-30
444435,118830,-83.0,1655,108,11:55:07,2012-07-30
444435,118835,-83.75,1655,108,11:55:06,2012-07-30
444430,118840,-84.0,1655,108,11:55:05,2012-07-30
444435,118840,-84.0,1655,108,11:55:05,2012-07-30
444430,118845,-84.0,1655,108,11:55:04,2012-07-30
444430,118850,-84.75,1655,108,11:55:03,2012-07-30
444425,118855,-85.0,1655,108,11:55:02,2012-07-30
444425,118860,-85.0,1655,108,11:55:02,2012-07-30
444420,118865,-84.400002,1655,108,11:55:00,2012-07-30
444415,118870,-83.25,1655,108,11:54:59,2012-07-30
444415,118875,-83.0,1655,108,11:54:58,2012-07-30
444410,118880,-81.800003,1655,108,11:54:56,2012-07-30
444410,118885,-81.0,1655,108,11:54:55,2012-07-30
444410,118890,-81.800003,1655,108,11:54:54,2012-07-30
444410,118895,-82.75,1655,108,11:54:53,2012-07-30
444415,118900,-83.0,1655,108,11:54:51,2012-07-30
444415,118905,-83.0,1655,108,11:54:50,2012-07-30
444415,118910,-84.0,1655,108,11:54:49,2012-07-30
444420,118915,-85.0,1655,108,11:54:48,2012-07-30
444420,118920,-83.5,1655,108,11:54:48,2012-07-30
444420,118930,-83.0,1655,108,11:54:46,2012-07-30
444420,118935,-83.0,1655,108,11:54:46,2012-07-30
444420,118940,-83.0,1655,108,11:54:44,2012-07-30
444420,118945,-83.0,1655,108,11:54:43,2012-07-30
444425,118945,-83.0,1655,108,11:54:43,2012-07-30
444425,118950,-83.0,1655,108,11:54:43,2012-07-30
444425,118955,-80.75,1655,108,11:54:42,2012-07-30
444425,118960,-80.0,1655,108,11:54:41,2012-07-30
444425,118965,-80.0,1655,108,11:54:41,2012-07-30
444425,118970,-81.0,1655,108,11:54:39,2012-07-30
444425,118975,-82.0,1655,108,11:54:38,2012-07-30
444425,118980,-82.599998,1655,108,11:54:38,2012-07-30
444425,118985,-83.0,1655,108,11:54:37,2012-07-30
444425,118995,-83.800003,1655,108,11:54:36,2012-07-30
444425,119000,-84.0,1655,108,11:54:35,2012-07-30
444425,119005,-85.199997,1655,108,11:54:34,2012-07-30
444420,119010,-86.0,1655,108,11:54:33,2012-07-30
444420,119020,-85.199997,1655,108,11:54:31,2012-07-30
444415,119025,-85.0,1655,108,11:54:30,2012-07-30
444415,119030,-84.25,1655,108,11:54:29,2012-07-30
444415,119035,-85.199997,1655,108,11:54:28,2012-07-30
444410,119045,-86.5,1655,108,11:54:27,2012-07-30
444410,119050,-87.0,1655,108,11:54:26,2012-07-30
444410,119060,-87.800003,1655,108,11:54:25,2012-07-30
444410,119070,-88.0,1655,108,11:54:24,2012-07-30
444410,119075,-88.0,1655,108,11:54:22,2012-07-30
444330,119085,-89.0,1655,108,11:54:06,2012-07-30
444335,119085,-89.0,1655,108,11:54:07,2012-07-30
444340,119085,-89.0,1655,108,11:54:08,2012-07-30
444345,119085,-89.0,1655,108,11:54:09,2012-07-30
444310,119090,-84.978722,1655,108,11:53:40,2012-07-30
444320,119090,-87.0,1655,108,11:54:04,2012-07-30
444325,119090,-89.0,1655,108,11:54:05,2012-07-30
444350,119090,-89.0,1655,108,11:54:10,2012-07-30
444355,119090,-89.0,1655,108,11:54:10,2012-07-30
444365,119095,-88.199997,1655,108,11:54:12,2012-07-30
444370,119095,-89.0,1655,108,11:54:13,2012-07-30
444375,119095,-89.0,1655,108,11:54:14,2012-07-30
444380,119095,-89.199997,1655,108,11:54:15,2012-07-30
447630,124890,-57.0,1655,108,15:22:22,2012-07-27
447625,124900,-57.0,1655,108,15:22:23,2012-07-27
447620,124910,-57.0,1655,108,15:22:23,2012-07-27
447620,124915,-57.0,1655,108,15:22:25,2012-07-27
448230,124920,-57.0,1655,108,16:45:18,2012-07-31
448215,124925,-56.799999,1655,108,16:45:17,2012-07-31
448220,124925,-55.0,1655,108,16:45:17,2012-07-31
448225,124925,-55.400002,1655,108,16:45:18,2012-07-31
448195,124930,-59.5,1655,108,16:45:15,2012-07-31
447610,124935,-57.0,1655,108,15:22:26,2012-07-27
448190,124935,-60.0,1655,108,16:45:14,2012-07-31
448180,124940,-59.333332,1655,108,16:45:14,2012-07-31
448150,124945,-57.625,1655,108,18:24:06,2012-07-27
448155,124945,-59.75,1655,108,16:45:12,2012-07-31
448135,124950,-57.0,1655,108,18:24:05,2012-07-27
448145,124950,-60.0,1655,108,16:45:12,2012-07-31
447600,124955,-54.0,1655,108,15:22:27,2012-07-27
448120,124955,-56.333332,1655,108,18:24:05,2012-07-27
448120,124955,-60.0,1655,108,16:45:10,2012-07-31
448135,124955,-48.0,1655,108,15:51:27,2012-07-27
448135,124955,-60.0,1655,108,16:45:11,2012-07-31
448105,124960,-55.333332,1655,108,18:24:03,2012-07-27
448110,124960,-56.400002,1655,108,16:45:09,2012-07-31
448115,124960,-60.0,1655,108,16:45:10,2012-07-31
448120,124960,-48.0,1655,108,15:51:29,2012-07-27
448090,124965,-55.0,1655,108,18:24:02,2012-07-27
448095,124965,-54.0,1655,108,16:45:09,2012-07-31
448100,124965,-48.0,1655,108,15:51:30,2012-07-27
448100,124965,-54.0,1655,108,16:45:09,2012-07-31
447595,124970,-47.333332,1655,108,15:22:29,2012-07-27
448070,124970,-51.0,1655,108,18:24:01,2012-07-27
448075,124970,-53.285713,1655,108,18:24:01,2012-07-27
448080,124970,-51.0,1655,108,16:45:08,2012-07-31
448055,124975,-52.0,1655,108,18:24:01,2012-07-27
448065,124975,-50.0,1655,108,16:45:07,2012-07-31
448070,124975,-50.0,1655,108,16:45:08,2012-07-31
448075,124975,-48.0,1655,108,15:51:32,2012-07-27
448045,124980,-49.0,1655,108,18:23:59,2012-07-27
448055,124980,-48.5,1655,108,16:45:07,2012-07-31
448025,124985,-46.666668,1655,108,18:23:58,2012-07-27
448035,124985,-48.333332,1655,108,15:51:33,2012-07-27
448020,124990,-48.375,1655,108,15:51:34,2012-07-27
448025,124990,-46.5,1655,108,16:45:05,2012-07-31
447585,124995,-45.333332,1655,108,15:22:30,2012-07-27
447995,124995,-45.0,1655,108,18:23:56,2012-07-27
448005,124995,-45.25,1655,108,18:23:56,2012-07-27
447980,125000,-43.666668,1655,108,18:23:55,2012-07-27
447990,125000,-43.5,1655,108,16:45:03,2012-07-31
448005,125000,-48.0,1655,108,15:51:35,2012-07-27
447580,125005,-44.5,1655,108,15:22:32,2012-07-27
447970,125005,-43.0,1655,108,18:23:54,2012-07-27
447990,125005,-47.799999,1655,108,15:51:37,2012-07-27
448240,125005,-55.0,1655,108,15:48:55,2012-07-27
447960,125010,-40.75,1655,108,18:23:54,2012-07-27
447970,125010,-43.0,1655,108,16:45:03,2012-07-31
448235,125010,-55.0,1655,108,15:48:54,2012-07-27
447575,125015,-46.0,1655,108,15:22:32,2012-07-27
447950,125015,-42.333332,1655,108,16:45:01,2012-07-31
447935,125020,-40.0,1655,108,18:23:52,2012-07-27
447945,125020,-46.666668,1655,108,15:51:39,2012-07-27
447925,125025,-40.0,1655,108,18:23:51,2012-07-27
447930,125025,-45.666668,1655,108,15:51:40,2012-07-27
448230,125025,-57.5,1655,108,15:48:53,2012-07-27
447570,125030,-46.666668,1655,108,15:22:33,2012-07-27
447910,125030,-39.333332,1655,108,18:23:51,2012-07-27
447910,125030,-42.0,1655,108,16:45:00,2012-07-31
447915,125030,-44.666668,1655,108,15:51:42,2012-07-27
447920,125030,-42.0,1655,108,16:45:00,2012-07-31
447570,125035,-50.400002,1655,108,15:22:35,2012-07-27
447900,125035,-39.0,1655,108,18:23:50,2012-07-27
447890,125040,-37.5,1655,108,18:23:49,2012-07-27
447900,125040,-43.666668,1655,108,15:51:43,2012-07-27
447885,125045,-40.666668,1655,108,16:44:58,2012-07-31
447560,125050,-52.200001,1655,108,15:22:35,2012-07-27
447870,125050,-37.0,1655,108,18:23:49,2012-07-27
447880,125050,-43.0,1655,108,15:51:44,2012-07-27
448215,125050,-60.666668,1655,108,15:48:52,2012-07-27
447850,125055,-37.75,1655,108,18:23:48,2012-07-27
447865,125055,-43.0,1655,108,15:51:44,2012-07-27
447865,125055,-40.0,1655,108,16:44:57,2012-07-31
448215,125055,-61.0,1655,108,15:48:51,2012-07-27
447555,125065,-53.0,1655,108,15:22:36,2012-07-27
447835,125065,-38.75,1655,108,18:23:47,2012-07-27
447850,125065,-42.333332,1655,108,15:51:46,2012-07-27
448210,125065,-61.0,1655,108,15:48:50,2012-07-27
447835,125070,-41.0,1655,108,15:51:47,2012-07-27
447835,125070,-40.0,1655,108,16:44:55,2012-07-31
447550,125075,-53.333332,1655,108,15:22:37,2012-07-27
447820,125075,-39.799999,1655,108,18:23:45,2012-07-27
448200,125075,-61.0,1655,108,15:48:49,2012-07-27
447815,125080,-42.0,1655,108,15:51:49,2012-07-27
447815,125080,-41.5,1655,108,16:44:54,2012-07-31
447545,125085,-54.0,1655,108,15:22:39,2012-07-27
447800,125090,-44.0,1655,108,15:51:49,2012-07-27
447785,125095,-43.0,1655,108,18:23:44,2012-07-27
447795,125095,-43.0,1655,108,16:44:53,2012-07-31
448190,125095,-62.333332,1655,108,15:48:48,2012-07-27
447785,125100,-44.666668,1655,108,15:51:50,2012-07-27
447775,125105,-46.0,1655,108,15:51:51,2012-07-27
448180,125105,-61.666668,1655,108,15:48:46,2012-07-27
447535,125110,-54.5,1655,108,15:22:40,2012-07-27
447760,125110,-47.333332,1655,108,18:23:42,2012-07-27
447765,125110,-46.75,1655,108,16:44:53,2012-07-31
447525,125120,-55.0,1655,108,15:22:42,2012-07-27
447525,125125,-54.666668,1655,108,15:22:43,2012-07-27
447745,125125,-46.5,1655,108,15:51:53,2012-07-27
447745,125125,-50.0,1655,108,16:44:51,2012-07-31
448165,125125,-59.666668,1655,108,15:48:45,2012-07-27
447735,125130,-48.0,1655,108,15:51:54,2012-07-27
447725,125140,-48.75,1655,108,15:51:54,2012-07-27
448150,125140,-59.0,1655,108,15:48:44,2012-07-27
447720,125145,-53.666668,1655,108,16:44:50,2012-07-31
447710,125150,-51.0,1655,108,15:51:55,2012-07-27
448140,125150,-58.333332,1655,108,15:48:42,2012-07-27
447505,125155,-54.333332,1655,108,15:22:44,2012-07-27
447705,125155,-52.5,1655,108,15:51:56,2012-07-27
447695,125160,-54.5,1655,108,18:23:38,2012-07-27
447700,125160,-54.0,1655,108,15:51:56,2012-07-27
447700,125160,-55.666668,1655,108,16:44:48,2012-07-31
447500,125165,-55.0,1655,108,15:22:46,2012-07-27
447690,125165,-54.25,1655,108,15:51:57,2012-07-27
448130,125165,-58.75,1655,108,15:48:41,2012-07-27
448125,125170,-59.0,1655,108,15:48:40,2012-07-27
447675,125175,-55.0,1655,108,15:51:58,2012-07-27
447680,125175,-55.0,1655,108,18:23:37,2012-07-27
447670,125180,-56.75,1655,108,16:44:47,2012-07-31
448120,125180,-59.666668,1655,108,15:48:39,2012-07-27
447665,125185,-55.0,1655,108,18:23:36,2012-07-27
447670,125185,-56.0,1655,108,15:51:58,2012-07-27
447480,125190,-55.0,1655,108,15:22:47,2012-07-27
448110,125190,-60.666668,1655,108,15:48:38,2012-07-27
447650,125195,-57.0,1655,108,16:44:45,2012-07-31
447655,125195,-59.666668,1655,108,15:52:00,2012-07-27
447655,125195,-54.0,1655,108,16:44:45,2012-07-31
447470,125200,-55.0,1655,108,15:22:49,2012-07-27
447650,125200,-52.599998,1655,108,18:23:35,2012-07-27
448100,125200,-61.0,1655,108,15:48:37,2012-07-27
447465,125205,-55.0,1655,108,15:22:49,2012-07-27
448100,125205,-63.666668,1655,108,15:48:37,2012-07-27
447635,125210,-52.0,1655,108,18:23:34,2012-07-27
447640,125210,-62.0,1655,108,15:52:01,2012-07-27
448095,125210,-65.0,1655,108,15:48:36,2012-07-27
447455,125215,-55.0,1655,108,15:22:50,2012-07-27
447635,125215,-64.0,1655,108,15:52:02,2012-07-27
448090,125215,-65.0,1655,108,15:48:35,2012-07-27
447445,125220,-55.0,1655,108,15:22:51,2012-07-27
447625,125220,-64.0,1655,108,15:52:02,2012-07-27
447625,125220,-52.666668,1655,108,16:44:44,2012-07-31
447630,125220,-64.0,1655,108,15:52:02,2012-07-27
448090,125220,-63.799999,1655,108,15:48:35,2012-07-27
447620,125225,-52.0,1655,108,18:00:47,2012-07-27
447625,125225,-64.0,1655,108,15:52:03,2012-07-27
448085,125225,-63.0,1655,108,15:48:34,2012-07-27
447440,125230,-54.666668,1655,108,15:22:51,2012-07-27
447610,125235,-67.0,1655,108,15:52:04,2012-07-27
448080,125235,-61.666668,1655,108,15:48:34,2012-07-27
447430,125240,-54.0,1655,108,15:22:53,2012-07-27
447605,125240,-51.111111,1655,108,18:00:47,2012-07-27
448075,125240,-61.0,1655,108,15:48:33,2012-07-27
447425,125245,-54.0,1655,108,15:22:54,2012-07-27
447415,125250,-53.666668,1655,108,15:22:54,2012-07-27
447590,125250,-51.0,1655,108,18:00:47,2012-07-27
447595,125250,-51.333332,1655,108,16:44:43,2012-07-31
448070,125250,-59.5,1655,108,15:48:32,2012-07-27
448065,125255,-59.0,1655,108,15:48:32,2012-07-27
447405,125260,-53.75,1655,108,15:22:56,2012-07-27
448060,125260,-59.0,1655,108,15:48:31,2012-07-27
447400,125265,-56.0,1655,108,15:22:56,2012-07-27
447780,125265,-62.400002,1655,108,15:34:07,2012-07-27
447390,125270,-56.666668,1655,108,15:22:57,2012-07-27
447565,125270,-49.666668,1655,108,18:23:30,2012-07-27
447570,125270,-50.25,1655,108,16:44:41,2012-07-31
447775,125270,-61.666668,1655,108,15:34:11,2012-07-27
447780,125270,-62.42857,1655,108,15:34:09,2012-07-27
447785,125270,-63.599998,1655,108,15:34:06,2012-07-27
447790,125270,-64.900002,1655,108,15:34:04,2012-07-27
447790,125275,-70.152176,1655,108,15:33:46,2012-07-27
448055,125275,-59.0,1655,108,15:48:29,2012-07-27
447375,125280,-58.0,1655,108,15:22:59,2012-07-27
447380,125280,-58.25,1655,108,15:22:58,2012-07-27
447555,125280,-49.5,1655,108,16:44:40,2012-07-31
447795,125280,-63.0,1655,108,15:33:43,2012-07-27
447800,125280,-63.0,1655,108,15:33:43,2012-07-27
447375,125285,-59.333332,1655,108,15:23:00,2012-07-27
447555,125285,-49.0,1655,108,18:00:47,2012-07-27
447765,125285,-61.333332,1655,108,15:34:14,2012-07-27
447770,125285,-61.0,1655,108,15:34:13,2012-07-27
447800,125285,-63.0,1655,108,15:33:43,2012-07-27
447805,125285,-63.0,1655,108,15:33:42,2012-07-27
447760,125290,-62.5,1655,108,15:34:16,2012-07-27
447810,125290,-63.0,1655,108,15:33:41,2012-07-27
447815,125290,-63.0,1655,108,15:33:40,2012-07-27
447540,125295,-49.0,1655,108,18:00:47,2012-07-27
447545,125295,-49.0,1655,108,16:44:38,2012-07-31
447755,125295,-64.0,1655,108,15:34:16,2012-07-27
448040,125295,-59.0,1655,108,15:48:27,2012-07-27
447345,125300,-60.666668,1655,108,15:23:01,2012-07-27
447755,125305,-63.599998,1655,108,15:34:17,2012-07-27
448035,125305,-59.0,1655,108,15:48:27,2012-07-27
447525,125310,-50.200001,1655,108,18:23:27,2012-07-27
447525,125310,-49.0,1655,108,16:44:37,2012-07-31
447750,125310,-62.666668,1655,108,15:34:19,2012-07-27
447330,125315,-61.599998,1655,108,15:23:03,2012-07-27
447515,125320,-51.5,1655,108,18:23:25,2012-07-27
447515,125320,-49.0,1655,108,16:44:36,2012-07-31
447745,125320,-62.0,1655,108,15:34:20,2012-07-27
447315,125325,-61.666668,1655,108,15:23:04,2012-07-27
447510,125325,-49.666668,1655,108,16:44:36,2012-07-31
447500,125330,-53.333332,1655,108,18:23:24,2012-07-27
447300,125335,-66.0,1655,108,15:23:06,2012-07-27
447305,125335,-63.333332,1655,108,15:23:05,2012-07-27
447520,125335,-47.5,1655,108,15:37:16,2012-07-27
447530,125335,-48.75,1655,108,15:37:19,2012-07-27
447735,125335,-62.333332,1655,108,15:34:21,2012-07-27
447495,125340,-50.0,1655,108,16:44:34,2012-07-31
447515,125340,-48.666668,1655,108,15:37:16,2012-07-27
447520,125340,-49.0,1655,108,15:37:16,2012-07-27
447535,125340,-49.0,1655,108,15:37:20,2012-07-27
447540,125340,-52.5,1655,108,15:37:21,2012-07-27
447290,125345,-68.285713,1655,108,15:23:07,2012-07-27
447490,125345,-49.25,1655,108,15:25:48,2012-07-27
447495,125345,-45.285713,1655,108,15:25:46,2012-07-27
447500,125345,-50.333332,1655,108,15:37:12,2012-07-27
447510,125345,-50.333332,1655,108,15:37:13,2012-07-27
447550,125345,-54.0,1655,108,15:37:22,2012-07-27
447730,125345,-63.0,1655,108,15:34:23,2012-07-27
447485,125350,-50.0,1655,108,15:25:50,2012-07-27
447500,125350,-45.028572,1655,108,15:25:43,2012-07-27
447555,125350,-54.666668,1655,108,15:37:23,2012-07-27
447800,125350,-58.75,1655,108,15:35:13,2012-07-27
447810,125350,-59.0,1655,108,15:35:14,2012-07-27
447475,125355,-54.0,1655,108,15:25:52,2012-07-27
447475,125355,-50.0,1655,108,16:44:33,2012-07-31
447495,125355,-49.333332,1655,108,15:37:09,2012-07-27
447500,125355,-45.661018,1655,108,15:25:26,2012-07-27
447560,125355,-57.200001,1655,108,15:37:24,2012-07-27
447720,125355,-63.333332,1655,108,15:34:24,2012-07-27
447795,125355,-59.75,1655,108,15:35:11,2012-07-27
447280,125360,-70.800003,1655,108,15:23:08,2012-07-27
447470,125360,-47.599998,1655,108,18:23:22,2012-07-27
447475,125360,-56.0,1655,108,15:25:52,2012-07-27
447500,125360,-48.333332,1655,108,15:25:15,2012-07-27
447790,125360,-58.799999,1655,108,15:35:10,2012-07-27
447820,125360,-62.333332,1655,108,15:35:16,2012-07-27
447270,125365,-72.333336,1655,108,15:23:10,2012-07-27
447495,125365,-47.5,1655,108,15:25:13,2012-07-27
447570,125365,-60.333332,1655,108,15:37:26,2012-07-27
447575,125365,-63.200001,1655,108,15:37:26,2012-07-27
447825,125365,-65.666664,1655,108,15:35:17,2012-07-27
447460,125370,-46.0,1655,108,18:23:21,2012-07-27
447460,125370,-50.0,1655,108,16:44:31,2012-07-31
447490,125370,-48.0,1655,108,15:37:06,2012-07-27
447495,125370,-48.0,1655,108,15:37:07,2012-07-27
447580,125370,-64.0,1655,108,15:37:28,2012-07-27
447585,125370,-65.85714,1655,108,15:37:29,2012-07-27
447715,125370,-64.666664,1655,108,15:34:26,2012-07-27
447780,125370,-58.0,1655,108,15:35:09,2012-07-27
447835,125370,-67.333336,1655,108,15:35:19,2012-07-27
447260,125375,-73.0,1655,108,15:23:10,2012-07-27
447460,125375,-56.333332,1655,108,15:25:54,2012-07-27
447490,125375,-48.0,1655,108,15:25:12,2012-07-27
447585,125375,-66.034485,1655,108,15:37:29,2012-07-27
447590,125375,-70.0,1655,108,15:37:50,2012-07-27
447595,125375,-70.0,1655,108,15:37:51,2012-07-27
447840,125375,-68.75,1655,108,15:35:20,2012-07-27
447845,125375,-71.0,1655,108,15:35:21,2012-07-27
447260,125380,-74.125,1655,108,15:23:11,2012-07-27
447445,125380,-46.0,1655,108,18:23:20,2012-07-27
447450,125380,-57.0,1655,108,15:25:56,2012-07-27
447450,125380,-49.25,1655,108,16:44:30,2012-07-31
447485,125380,-46.400002,1655,108,15:37:05,2012-07-27
447490,125380,-47.0,1655,108,15:37:05,2012-07-27
447595,125380,-70.0,1655,108,15:37:52,2012-07-27
447705,125380,-66.0,1655,108,15:34:27,2012-07-27
447770,125380,-58.0,1655,108,15:35:07,2012-07-27
447845,125380,-71.333336,1655,108,15:35:21,2012-07-27
447440,125385,-49.0,1655,108,16:44:29,2012-07-31
447490,125385,-51.0,1655,108,15:25:11,2012-07-27
447600,125385,-69.666664,1655,108,15:37:53,2012-07-27
447770,125385,-58.0,1655,108,15:35:07,2012-07-27
447845,125385,-71.0,1655,108,15:35:23,2012-07-27
447435,125390,-48.25,1655,108,16:44:29,2012-07-31
447440,125390,-60.0,1655,108,15:25:57,2012-07-27
447480,125390,-46.0,1655,108,15:37:03,2012-07-27
447610,125390,-69.0,1655,108,15:37:54,2012-07-27
447765,125390,-59.714287,1655,108,15:35:06,2012-07-27
447840,125390,-69.0,1655,108,15:35:24,2012-07-27
447845,125390,-69.0,1655,108,15:35:23,2012-07-27
447480,125395,-51.0,1655,108,15:25:09,2012-07-27
447615,125395,-69.0,1655,108,15:37:55,2012-07-27
447620,125395,-69.0,1655,108,15:37:55,2012-07-27
447695,125395,-65.0,1655,108,15:34:29,2012-07-27
447700,125395,-65.666664,1655,108,15:34:28,2012-07-27
447760,125395,-60.799999,1655,108,15:35:04,2012-07-27
447840,125395,-69.428574,1655,108,15:35:24,2012-07-27
447980,125395,-64.0,1655,108,15:33:13,2012-07-27
447425,125400,-46.0,1655,108,18:00:47,2012-07-27
447425,125400,-48.0,1655,108,16:44:28,2012-07-31
447475,125400,-48.0,1655,108,15:37:02,2012-07-27
447625,125400,-69.0,1655,108,15:37:56,2012-07-27
447630,125400,-67.5,1655,108,15:37:57,2012-07-27
447695,125400,-64.714287,1655,108,15:34:30,2012-07-27
447975,125400,-60.0,1655,108,15:33:11,2012-07-27
447980,125400,-61.333332,1655,108,15:33:13,2012-07-27
447415,125405,-45.0,1655,108,16:44:27,2012-07-31
447420,125405,-48.0,1655,108,16:44:27,2012-07-31
447690,125405,-64.0,1655,108,15:34:30,2012-07-27
447970,125405,-60.666668,1655,108,15:33:10,2012-07-27
447415,125410,-46.0,1655,108,18:00:47,2012-07-27
447470,125410,-50.375,1655,108,15:37:01,2012-07-27
447640,125410,-63.333332,1655,108,15:37:58,2012-07-27
447690,125410,-64.0,1655,108,15:34:31,2012-07-27
447745,125410,-62.888889,1655,108,15:35:03,2012-07-27
447405,125415,-46.0,1655,108,18:00:47,2012-07-27
447410,125415,-44.0,1655,108,16:44:26,2012-07-31
447465,125415,-46.0,1655,108,15:37:00,2012-07-27
447470,125415,-47.0,1655,108,15:37:00,2012-07-27
447965,125415,-59.666668,1655,108,15:33:09,2012-07-27
447405,125420,-44.0,1655,108,16:44:26,2012-07-31
447650,125420,-64.5,1655,108,15:38:00,2012-07-27
447655,125420,-66.0,1655,108,15:38:00,2012-07-27
447960,125420,-59.0,1655,108,15:33:08,2012-07-27
447465,125425,-46.0,1655,108,15:36:59,2012-07-27
447660,125425,-66.5,1655,108,15:38:01,2012-07-27
447730,125425,-65.25,1655,108,15:35:00,2012-07-27
447390,125430,-44.0,1655,108,16:44:24,2012-07-31
447460,125430,-50.0,1655,108,15:36:58,2012-07-27
447670,125430,-66.5,1655,108,15:38:02,2012-07-27
447725,125430,-65.25,1655,108,15:34:59,2012-07-27
447390,125435,-59.0,1655,108,15:26:03,2012-07-27
447460,125435,-50.0,1655,108,15:36:57,2012-07-27
447670,125435,-65.0,1655,108,15:38:03,2012-07-27
447675,125435,-64.428574,1655,108,15:34:42,2012-07-27
447940,125435,-59.0,1655,108,15:33:07,2012-07-27
447380,125440,-57.0,1655,108,15:26:04,2012-07-27
447680,125440,-65.875,1655,108,15:34:45,2012-07-27
447370,125445,-57.0,1655,108,15:26:05,2012-07-27
447375,125445,-57.0,1655,108,15:26:05,2012-07-27
447375,125445,-44.0,1655,108,16:44:23,2012-07-31
447455,125445,-54.0,1655,108,15:36:56,2012-07-27
447710,125445,-66.0,1655,108,15:34:56,2012-07-27
447930,125445,-59.166668,1655,108,15:33:05,2012-07-27
447370,125450,-54.0,1655,108,15:26:06,2012-07-27
447370,125450,-44.0,1655,108,16:44:22,2012-07-31
447445,125450,-62.0,1655,108,15:36:46,2012-07-27
447450,125450,-55.333332,1655,108,15:36:55,2012-07-27
447705,125450,-68.800003,1655,108,15:34:55,2012-07-27
447925,125450,-59.0,1655,108,15:33:04,2012-07-27
447930,125450,-59.0,1655,108,15:33:04,2012-07-27
447360,125455,-44.0,1655,108,16:44:21,2012-07-31
447450,125455,-55.0,1655,108,15:36:52,2012-07-27
447700,125455,-69.666664,1655,108,15:34:53,2012-07-27
447925,125455,-59.0,1655,108,15:33:04,2012-07-27
447360,125460,-57.0,1655,108,15:52:29,2012-07-27
447365,125460,-54.5,1655,108,15:26:07,2012-07-27
447915,125460,-59.75,1655,108,15:33:03,2012-07-27
447365,125465,-57.0,1655,108,15:26:09,2012-07-27
447910,125465,-60.0,1655,108,15:33:02,2012-07-27
447350,125470,-57.0,1655,108,15:52:30,2012-07-27
447370,125470,-57.63158,1655,108,15:24:35,2012-07-27
447375,125470,-55.5,1655,108,15:24:36,2012-07-27
447380,125470,-57.333332,1655,108,15:24:39,2012-07-27
447365,125475,-62.25,1655,108,15:24:33,2012-07-27
447905,125475,-60.0,1655,108,15:33:02,2012-07-27
447340,125480,-57.0,1655,108,15:52:31,2012-07-27
447385,125480,-61.333332,1655,108,15:24:40,2012-07-27
447900,125480,-60.0,1655,108,15:33:01,2012-07-27
447370,125485,-67.0,1655,108,15:24:31,2012-07-27
447375,125485,-69.0,1655,108,15:24:30,2012-07-27
447745,125485,-66.0,1655,108,15:32:32,2012-07-27
447895,125485,-60.75,1655,108,15:33:00,2012-07-27
447325,125490,-57.0,1655,108,15:52:33,2012-07-27
447380,125490,-68.0,1655,108,15:24:29,2012-07-27
447890,125490,-61.0,1655,108,15:32:59,2012-07-27
447760,125495,-66.0,1655,108,15:32:33,2012-07-27
447890,125495,-61.0,1655,108,15:32:59,2012-07-27
447390,125500,-64.75,1655,108,15:24:28,2012-07-27
447765,125500,-66.0,1655,108,15:32:35,2012-07-27
447885,125500,-61.0,1655,108,15:32:58,2012-07-27
447310,125505,-57.0,1655,108,15:52:34,2012-07-27
447395,125505,-64.0,1655,108,15:24:27,2012-07-27
447770,125505,-66.0,1655,108,15:32:35,2012-07-27
447880,125505,-62.333332,1655,108,15:32:57,2012-07-27
447400,125510,-60.666668,1655,108,15:24:26,2012-07-27
447780,125510,-66.0,1655,108,15:32:36,2012-07-27
447405,125515,-59.0,1655,108,15:24:25,2012-07-27
447785,125515,-65.333336,1655,108,15:32:38,2012-07-27
447875,125515,-63.0,1655,108,15:32:56,2012-07-27
447295,125520,-58.714287,1655,108,15:52:34,2012-07-27
447410,125525,-59.0,1655,108,15:24:22,2012-07-27
447795,125525,-64.0,1655,108,15:32:39,2012-07-27
447280,125530,-60.0,1655,108,15:52:35,2012-07-27
447410,125530,-59.0,1655,108,15:24:21,2012-07-27
447805,125530,-63.666668,1655,108,15:32:40,2012-07-27
447865,125530,-63.75,1655,108,15:32:55,2012-07-27
447275,125535,-60.0,1655,108,15:52:35,2012-07-27
447410,125535,-59.0,1655,108,15:24:20,2012-07-27
447810,125535,-63.0,1655,108,15:32:41,2012-07-27
447865,125535,-64.0,1655,108,15:32:54,2012-07-27
447270,125540,-59.799999,1655,108,15:52:36,2012-07-27
447820,125540,-63.400002,1655,108,15:32:42,2012-07-27
447860,125540,-64.0,1655,108,15:32:53,2012-07-27
447265,125545,-59.0,1655,108,15:52:36,2012-07-27
447825,125545,-64.666664,1655,108,15:32:43,2012-07-27
447860,125545,-64.666664,1655,108,15:32:52,2012-07-27
447255,125550,-59.0,1655,108,15:52:37,2012-07-27
447830,125550,-65.666664,1655,108,15:32:45,2012-07-27
447840,125555,-65.0,1655,108,15:32:46,2012-07-27
447845,125555,-65.0,1655,108,15:32:47,2012-07-27
447855,125555,-65.0,1655,108,15:32:50,2012-07-27
447250,125560,-59.0,1655,108,15:52:37,2012-07-27
447845,125560,-65.400002,1655,108,15:32:47,2012-07-27
447245,125565,-59.0,1655,108,15:52:38,2012-07-27
447235,125575,-59.25,1655,108,15:52:39,2012-07-27
447220,125585,-60.0,1655,108,15:52:39,2012-07-27
447210,125590,-59.75,1655,108,15:52:40,2012-07-27
447580,125600,-60.375,1655,108,15:31:23,2012-07-27
447190,125610,-59.0,1655,108,15:52:42,2012-07-27
447195,125610,-59.0,1655,108,15:52:42,2012-07-27
447185,125615,-59.0,1655,108,15:52:42,2012-07-27
447575,125615,-56.5,1655,108,15:31:21,2012-07-27
447180,125620,-59.0,1655,108,15:52:43,2012-07-27
447175,125625,-59.0,1655,108,15:52:43,2012-07-27
447170,125630,-59.0,1655,108,15:52:43,2012-07-27
447570,125630,-58.0,1655,108,15:31:18,2012-07-27
447565,125640,-58.0,1655,108,15:31:16,2012-07-27
447565,125645,-59.75,1655,108,15:31:15,2012-07-27
447565,125650,-59.714287,1655,108,15:31:12,2012-07-27
447565,125655,-59.833332,1655,108,15:31:09,2012-07-27
447560,125660,-57.0,1655,108,15:31:02,2012-07-27
