450610,123220,-63.0,1771,124,12:54:20,2012-07-31
450610,123225,-63.0,1771,124,12:54:21,2012-07-31
450610,123230,-63.0,1771,124,12:54:21,2012-07-31
450610,123235,-63.0,1771,124,12:54:22,2012-07-31
450610,123240,-63.0,1771,124,12:54:23,2012-07-31
450610,123245,-63.0,1771,124,12:54:23,2012-07-31
450610,123250,-63.0,1771,124,12:54:24,2012-07-31
450610,123255,-63.0,1771,124,12:54:24,2012-07-31
450605,123265,-60.25,1771,124,12:54:25,2012-07-31
450605,123270,-52.0,1771,124,12:54:26,2012-07-31
450605,123280,-52.0,1771,124,12:54:27,2012-07-31
450605,123290,-52.0,1771,124,12:54:28,2012-07-31
450600,123295,-52.0,1771,124,12:54:28,2012-07-31
450600,123300,-52.0,1771,124,12:54:29,2012-07-31
450600,123305,-52.0,1771,124,12:54:29,2012-07-31
450600,123315,-51.666668,1771,124,12:54:30,2012-07-31
450595,123335,-51.0,1771,124,12:54:31,2012-07-31
450595,123345,-51.0,1771,124,12:54:32,2012-07-31
450595,123355,-50.42857,1771,124,12:54:33,2012-07-31
450595,123365,-50.0,1771,124,12:54:34,2012-07-31
450595,123380,-50.0,1771,124,12:54:35,2012-07-31
450595,123390,-50.25,1771,124,12:54:35,2012-07-31
450590,123400,-51.0,1771,124,12:54:36,2012-07-31
450590,123420,-50.666668,1771,124,12:54:38,2012-07-31
450590,123430,-50.0,1771,124,12:54:39,2012-07-31
450590,123445,-50.400002,1771,124,12:54:40,2012-07-31
450585,123450,-51.0,1771,124,12:54:40,2012-07-31
450585,123465,-51.0,1771,124,12:54:41,2012-07-31
450560,123800,-57.0,1771,124,12:55:06,2012-07-31
450560,123810,-57.0,1771,124,12:55:07,2012-07-31
450560,123815,-57.0,1771,124,12:55:08,2012-07-31
450560,123835,-57.0,1771,124,12:55:09,2012-07-31
450555,123840,-57.0,1771,124,12:55:10,2012-07-31
450555,123845,-57.0,1771,124,12:55:10,2012-07-31
450555,123855,-57.0,1771,124,12:55:11,2012-07-31
450555,123860,-57.0,1771,124,12:55:11,2012-07-31
450555,123870,-57.25,1771,124,12:55:12,2012-07-31
450555,123875,-58.0,1771,124,12:55:13,2012-07-31
450550,123890,-58.0,1771,124,12:55:14,2012-07-31
450550,123900,-58.0,1771,124,12:55:14,2012-07-31
450550,123910,-57.333332,1771,124,12:55:15,2012-07-31
450550,123920,-56.0,1771,124,12:55:16,2012-07-31
450550,123925,-56.0,1771,124,12:55:16,2012-07-31
450545,123935,-56.0,1771,124,12:55:17,2012-07-31
450545,123940,-55.5,1771,124,12:55:18,2012-07-31
450545,123955,-55.363636,1771,124,12:55:19,2012-07-31
450545,123965,-56.0,1771,124,12:55:20,2012-07-31
450540,123980,-56.5,1771,124,12:55:21,2012-07-31
450540,123995,-57.5,1771,124,12:55:22,2012-07-31
450540,124000,-59.0,1771,124,12:55:22,2012-07-31
450540,124010,-58.400002,1771,124,12:55:23,2012-07-31
450535,124030,-58.5,1771,124,12:55:25,2012-07-31
450535,124045,-59.0,1771,124,12:55:26,2012-07-31
451985,124055,-61.666668,1771,124,14:47:56,2012-07-30
450535,124065,-54.799999,1771,124,12:55:28,2012-07-31
451955,124065,-59.5,1771,124,14:47:55,2012-07-30
451935,124075,-58.0,1771,124,14:47:55,2012-07-30
450530,124090,-52.200001,1771,124,12:55:29,2012-07-31
451885,124090,-57.400002,1771,124,14:47:54,2012-07-30
450530,124095,-50.5,1771,124,12:55:30,2012-07-31
451855,124105,-56.333332,1771,124,14:47:53,2012-07-30
450530,124110,-49.0,1771,124,12:55:31,2012-07-31
451815,124115,-55.333332,1771,124,14:47:51,2012-07-30
450530,124120,-48.0,1771,124,12:55:32,2012-07-31
451765,124130,-53.5,1771,124,14:47:50,2012-07-30
450525,124135,-47.599998,1771,124,12:55:33,2012-07-31
451745,124135,-53.0,1771,124,14:47:49,2012-07-30
451745,124140,-53.0,1771,124,14:47:49,2012-07-30
450525,124145,-50.0,1771,124,12:55:34,2012-07-31
451720,124145,-54.5,1771,124,14:47:48,2012-07-30
451680,124155,-55.0,1771,124,14:47:47,2012-07-30
451690,124155,-55.0,1771,124,14:47:47,2012-07-30
450525,124160,-50.5,1771,124,12:55:35,2012-07-31
451655,124165,-55.0,1771,124,14:47:46,2012-07-30
451635,124170,-56.5,1771,124,14:47:45,2012-07-30
450525,124175,-52.5,1771,124,12:55:36,2012-07-31
451595,124180,-58.333332,1771,124,14:47:44,2012-07-30
450520,124185,-54.599998,1771,124,12:55:37,2012-07-31
451550,124190,-59.666668,1771,124,14:47:43,2012-07-30
451560,124190,-59.0,1771,124,14:47:43,2012-07-30
451535,124195,-60.0,1771,124,14:47:42,2012-07-30
451540,124195,-60.0,1771,124,14:47:42,2012-07-30
451545,124195,-60.0,1771,124,14:47:43,2012-07-30
450520,124200,-57.0,1771,124,12:55:38,2012-07-31
451520,124200,-60.0,1771,124,14:47:42,2012-07-30
451495,124205,-62.0,1771,124,14:47:41,2012-07-30
451500,124205,-61.666668,1771,124,14:47:41,2012-07-30
451505,124205,-60.0,1771,124,14:47:41,2012-07-30
451510,124205,-60.0,1771,124,14:47:42,2012-07-30
451475,124210,-62.0,1771,124,14:47:40,2012-07-30
451485,124210,-62.0,1771,124,14:47:41,2012-07-30
450520,124215,-57.25,1771,124,12:55:39,2012-07-31
451460,124215,-61.25,1771,124,14:47:40,2012-07-30
451445,124220,-61.0,1771,124,14:47:39,2012-07-30
450520,124225,-58.0,1771,124,12:55:39,2012-07-31
451415,124225,-62.333332,1771,124,14:47:38,2012-07-30
451395,124230,-63.0,1771,124,14:47:38,2012-07-30
451410,124230,-63.0,1771,124,14:47:38,2012-07-30
450520,124240,-58.0,1771,124,12:55:40,2012-07-31
451365,124240,-62.25,1771,124,14:47:37,2012-07-30
450520,124245,-58.333332,1771,124,12:55:42,2012-07-31
451345,124245,-62.0,1771,124,14:47:36,2012-07-30
451320,124250,-62.0,1771,124,14:47:36,2012-07-30
451295,124255,-62.0,1771,124,14:47:35,2012-07-30
451270,124265,-59.0,1771,124,14:47:34,2012-07-30
450520,124270,-59.0,1771,124,12:55:43,2012-07-31
451240,124270,-58.0,1771,124,14:47:33,2012-07-30
451255,124270,-58.0,1771,124,14:47:33,2012-07-30
450520,124280,-59.0,1771,124,12:55:44,2012-07-31
451205,124280,-58.0,1771,124,14:47:32,2012-07-30
451185,124285,-55.75,1771,124,14:47:31,2012-07-30
450520,124290,-58.666668,1771,124,12:55:45,2012-07-31
451165,124290,-55.0,1771,124,14:47:31,2012-07-30
451140,124295,-55.0,1771,124,14:47:30,2012-07-30
450525,124300,-58.0,1771,124,12:55:45,2012-07-31
450525,124305,-58.0,1771,124,12:55:46,2012-07-31
451115,124305,-55.0,1771,124,14:47:29,2012-07-30
451095,124310,-54.25,1771,124,14:47:29,2012-07-30
450525,124315,-58.0,1771,124,12:55:47,2012-07-31
450525,124325,-57.5,1771,124,12:55:47,2012-07-31
451040,124325,-55.5,1771,124,14:47:27,2012-07-30
451010,124330,-56.0,1771,124,14:47:26,2012-07-30
450530,124335,-56.0,1771,124,12:55:48,2012-07-31
450990,124335,-57.0,1771,124,14:47:26,2012-07-30
450995,124335,-56.75,1771,124,14:47:26,2012-07-30
450530,124340,-55.799999,1771,124,12:55:49,2012-07-31
450970,124340,-57.0,1771,124,14:47:25,2012-07-30
450975,124340,-57.0,1771,124,14:47:25,2012-07-30
450530,124345,-55.0,1771,124,12:55:49,2012-07-31
450955,124345,-57.0,1771,124,14:47:24,2012-07-30
450530,124350,-55.0,1771,124,12:55:49,2012-07-31
450535,124355,-55.0,1771,124,12:55:50,2012-07-31
450925,124355,-57.0,1771,124,14:47:24,2012-07-30
450535,124360,-55.0,1771,124,12:55:50,2012-07-31
450895,124360,-57.0,1771,124,14:47:23,2012-07-30
450535,124365,-55.0,1771,124,12:55:51,2012-07-31
450540,124375,-55.0,1771,124,12:55:51,2012-07-31
450845,124375,-57.0,1771,124,14:47:21,2012-07-30
450540,124380,-55.0,1771,124,12:55:52,2012-07-31
450540,124385,-55.0,1771,124,12:55:52,2012-07-31
450795,124390,-57.666668,1771,124,14:47:20,2012-07-30
450545,124395,-54.75,1771,124,12:55:53,2012-07-31
450765,124395,-58.0,1771,124,14:47:19,2012-07-30
450715,124410,-58.0,1771,124,14:47:18,2012-07-30
450550,124420,-54.333332,1771,124,12:55:54,2012-07-31
450680,124420,-57.333332,1771,124,14:47:17,2012-07-30
450550,124425,-55.0,1771,124,12:55:55,2012-07-31
450650,124425,-57.0,1771,124,14:47:16,2012-07-30
450550,124435,-55.0,1771,124,12:55:56,2012-07-31
450615,124435,-56.200001,1771,124,14:47:14,2012-07-30
450550,124440,-56.333332,1771,124,12:55:56,2012-07-31
450555,124445,-59.0,1771,124,12:55:56,2012-07-31
450580,124445,-55.0,1771,124,14:47:13,2012-07-30
450550,124455,-53.222221,1771,124,14:47:12,2012-07-30
450515,124460,-51.599998,1771,124,14:47:11,2012-07-30
450485,124470,-51.666668,1771,124,14:47:10,2012-07-30
450400,124490,-53.0,1771,124,14:47:08,2012-07-30
450365,124500,-54.5,1771,124,14:47:07,2012-07-30
450335,124510,-55.0,1771,124,14:47:06,2012-07-30
450295,124520,-54.0,1771,124,14:47:05,2012-07-30
450300,124520,-55.0,1771,124,14:47:05,2012-07-30
450270,124530,-54.333332,1771,124,14:47:05,2012-07-30
450275,124530,-54.0,1771,124,14:47:04,2012-07-30
450250,124535,-54.0,1771,124,14:47:03,2012-07-30
450185,124555,-54.0,1771,124,14:47:02,2012-07-30
450155,124565,-54.0,1771,124,14:47:00,2012-07-30
450130,124570,-54.0,1771,124,14:47:00,2012-07-30
450140,124570,-54.0,1771,124,14:47:00,2012-07-30
450120,124575,-54.0,1771,124,14:47:00,2012-07-30
450110,124580,-54.0,1771,124,14:46:59,2012-07-30
450610,123220,-63.0,1771,124,12:54:20,2012-07-31
450610,123225,-63.0,1771,124,12:54:21,2012-07-31
450610,123230,-63.0,1771,124,12:54:21,2012-07-31
450610,123235,-63.0,1771,124,12:54:22,2012-07-31
450610,123240,-63.0,1771,124,12:54:23,2012-07-31
450610,123245,-63.0,1771,124,12:54:23,2012-07-31
450610,123250,-63.0,1771,124,12:54:24,2012-07-31
450610,123255,-63.0,1771,124,12:54:24,2012-07-31
450605,123265,-60.25,1771,124,12:54:25,2012-07-31
450605,123270,-52.0,1771,124,12:54:26,2012-07-31
450605,123280,-52.0,1771,124,12:54:27,2012-07-31
450605,123290,-52.0,1771,124,12:54:28,2012-07-31
450600,123295,-52.0,1771,124,12:54:28,2012-07-31
450600,123300,-52.0,1771,124,12:54:29,2012-07-31
450600,123305,-52.0,1771,124,12:54:29,2012-07-31
450600,123315,-51.666668,1771,124,12:54:30,2012-07-31
450595,123335,-51.0,1771,124,12:54:31,2012-07-31
450595,123345,-51.0,1771,124,12:54:32,2012-07-31
450595,123355,-50.42857,1771,124,12:54:33,2012-07-31
450595,123365,-50.0,1771,124,12:54:34,2012-07-31
450595,123380,-50.0,1771,124,12:54:35,2012-07-31
450595,123390,-50.25,1771,124,12:54:35,2012-07-31
450590,123400,-51.0,1771,124,12:54:36,2012-07-31
450590,123420,-50.666668,1771,124,12:54:38,2012-07-31
450590,123430,-50.0,1771,124,12:54:39,2012-07-31
450590,123445,-50.400002,1771,124,12:54:40,2012-07-31
450585,123450,-51.0,1771,124,12:54:40,2012-07-31
450585,123465,-51.0,1771,124,12:54:41,2012-07-31
450560,123800,-57.0,1771,124,12:55:06,2012-07-31
450560,123810,-57.0,1771,124,12:55:07,2012-07-31
450560,123815,-57.0,1771,124,12:55:08,2012-07-31
450560,123835,-57.0,1771,124,12:55:09,2012-07-31
450555,123840,-57.0,1771,124,12:55:10,2012-07-31
450555,123845,-57.0,1771,124,12:55:10,2012-07-31
450555,123855,-57.0,1771,124,12:55:11,2012-07-31
450555,123860,-57.0,1771,124,12:55:11,2012-07-31
450555,123870,-57.25,1771,124,12:55:12,2012-07-31
450555,123875,-58.0,1771,124,12:55:13,2012-07-31
450550,123890,-58.0,1771,124,12:55:14,2012-07-31
450550,123900,-58.0,1771,124,12:55:14,2012-07-31
450550,123910,-57.333332,1771,124,12:55:15,2012-07-31
450550,123920,-56.0,1771,124,12:55:16,2012-07-31
450550,123925,-56.0,1771,124,12:55:16,2012-07-31
450545,123935,-56.0,1771,124,12:55:17,2012-07-31
450545,123940,-55.5,1771,124,12:55:18,2012-07-31
450545,123955,-55.363636,1771,124,12:55:19,2012-07-31
450545,123965,-56.0,1771,124,12:55:20,2012-07-31
450540,123980,-56.5,1771,124,12:55:21,2012-07-31
450540,123995,-57.5,1771,124,12:55:22,2012-07-31
450540,124000,-59.0,1771,124,12:55:22,2012-07-31
450540,124010,-58.400002,1771,124,12:55:23,2012-07-31
450535,124030,-58.5,1771,124,12:55:25,2012-07-31
450535,124045,-59.0,1771,124,12:55:26,2012-07-31
451985,124055,-61.666668,1771,124,14:47:56,2012-07-30
450535,124065,-54.799999,1771,124,12:55:28,2012-07-31
451955,124065,-59.5,1771,124,14:47:55,2012-07-30
451935,124075,-58.0,1771,124,14:47:55,2012-07-30
450530,124090,-52.200001,1771,124,12:55:29,2012-07-31
451885,124090,-57.400002,1771,124,14:47:54,2012-07-30
450530,124095,-50.5,1771,124,12:55:30,2012-07-31
451855,124105,-56.333332,1771,124,14:47:53,2012-07-30
450530,124110,-49.0,1771,124,12:55:31,2012-07-31
451815,124115,-55.333332,1771,124,14:47:51,2012-07-30
450530,124120,-48.0,1771,124,12:55:32,2012-07-31
451765,124130,-53.5,1771,124,14:47:50,2012-07-30
450525,124135,-47.599998,1771,124,12:55:33,2012-07-31
451745,124135,-53.0,1771,124,14:47:49,2012-07-30
451745,124140,-53.0,1771,124,14:47:49,2012-07-30
450525,124145,-50.0,1771,124,12:55:34,2012-07-31
451720,124145,-54.5,1771,124,14:47:48,2012-07-30
451680,124155,-55.0,1771,124,14:47:47,2012-07-30
451690,124155,-55.0,1771,124,14:47:47,2012-07-30
450525,124160,-50.5,1771,124,12:55:35,2012-07-31
451655,124165,-55.0,1771,124,14:47:46,2012-07-30
451635,124170,-56.5,1771,124,14:47:45,2012-07-30
450525,124175,-52.5,1771,124,12:55:36,2012-07-31
451595,124180,-58.333332,1771,124,14:47:44,2012-07-30
450520,124185,-54.599998,1771,124,12:55:37,2012-07-31
451550,124190,-59.666668,1771,124,14:47:43,2012-07-30
451560,124190,-59.0,1771,124,14:47:43,2012-07-30
451535,124195,-60.0,1771,124,14:47:42,2012-07-30
451540,124195,-60.0,1771,124,14:47:42,2012-07-30
451545,124195,-60.0,1771,124,14:47:43,2012-07-30
450520,124200,-57.0,1771,124,12:55:38,2012-07-31
451520,124200,-60.0,1771,124,14:47:42,2012-07-30
451495,124205,-62.0,1771,124,14:47:41,2012-07-30
451500,124205,-61.666668,1771,124,14:47:41,2012-07-30
451505,124205,-60.0,1771,124,14:47:41,2012-07-30
451510,124205,-60.0,1771,124,14:47:42,2012-07-30
451475,124210,-62.0,1771,124,14:47:40,2012-07-30
451485,124210,-62.0,1771,124,14:47:41,2012-07-30
450520,124215,-57.25,1771,124,12:55:39,2012-07-31
451460,124215,-61.25,1771,124,14:47:40,2012-07-30
451445,124220,-61.0,1771,124,14:47:39,2012-07-30
450520,124225,-58.0,1771,124,12:55:39,2012-07-31
451415,124225,-62.333332,1771,124,14:47:38,2012-07-30
451395,124230,-63.0,1771,124,14:47:38,2012-07-30
451410,124230,-63.0,1771,124,14:47:38,2012-07-30
450520,124240,-58.0,1771,124,12:55:40,2012-07-31
451365,124240,-62.25,1771,124,14:47:37,2012-07-30
450520,124245,-58.333332,1771,124,12:55:42,2012-07-31
451345,124245,-62.0,1771,124,14:47:36,2012-07-30
451320,124250,-62.0,1771,124,14:47:36,2012-07-30
451295,124255,-62.0,1771,124,14:47:35,2012-07-30
451270,124265,-59.0,1771,124,14:47:34,2012-07-30
450520,124270,-59.0,1771,124,12:55:43,2012-07-31
451240,124270,-58.0,1771,124,14:47:33,2012-07-30
451255,124270,-58.0,1771,124,14:47:33,2012-07-30
450520,124280,-59.0,1771,124,12:55:44,2012-07-31
451205,124280,-58.0,1771,124,14:47:32,2012-07-30
451185,124285,-55.75,1771,124,14:47:31,2012-07-30
450520,124290,-58.666668,1771,124,12:55:45,2012-07-31
451165,124290,-55.0,1771,124,14:47:31,2012-07-30
451140,124295,-55.0,1771,124,14:47:30,2012-07-30
450525,124300,-58.0,1771,124,12:55:45,2012-07-31
450525,124305,-58.0,1771,124,12:55:46,2012-07-31
451115,124305,-55.0,1771,124,14:47:29,2012-07-30
451095,124310,-54.25,1771,124,14:47:29,2012-07-30
450525,124315,-58.0,1771,124,12:55:47,2012-07-31
450525,124325,-57.5,1771,124,12:55:47,2012-07-31
451040,124325,-55.5,1771,124,14:47:27,2012-07-30
451010,124330,-56.0,1771,124,14:47:26,2012-07-30
450530,124335,-56.0,1771,124,12:55:48,2012-07-31
450990,124335,-57.0,1771,124,14:47:26,2012-07-30
450995,124335,-56.75,1771,124,14:47:26,2012-07-30
450530,124340,-55.799999,1771,124,12:55:49,2012-07-31
450970,124340,-57.0,1771,124,14:47:25,2012-07-30
450975,124340,-57.0,1771,124,14:47:25,2012-07-30
450530,124345,-55.0,1771,124,12:55:49,2012-07-31
450955,124345,-57.0,1771,124,14:47:24,2012-07-30
450530,124350,-55.0,1771,124,12:55:49,2012-07-31
450535,124355,-55.0,1771,124,12:55:50,2012-07-31
450925,124355,-57.0,1771,124,14:47:24,2012-07-30
450535,124360,-55.0,1771,124,12:55:50,2012-07-31
450895,124360,-57.0,1771,124,14:47:23,2012-07-30
450535,124365,-55.0,1771,124,12:55:51,2012-07-31
450540,124375,-55.0,1771,124,12:55:51,2012-07-31
450845,124375,-57.0,1771,124,14:47:21,2012-07-30
450540,124380,-55.0,1771,124,12:55:52,2012-07-31
450540,124385,-55.0,1771,124,12:55:52,2012-07-31
450795,124390,-57.666668,1771,124,14:47:20,2012-07-30
450545,124395,-54.75,1771,124,12:55:53,2012-07-31
450765,124395,-58.0,1771,124,14:47:19,2012-07-30
450715,124410,-58.0,1771,124,14:47:18,2012-07-30
450550,124420,-54.333332,1771,124,12:55:54,2012-07-31
450680,124420,-57.333332,1771,124,14:47:17,2012-07-30
450550,124425,-55.0,1771,124,12:55:55,2012-07-31
450650,124425,-57.0,1771,124,14:47:16,2012-07-30
450550,124435,-55.0,1771,124,12:55:56,2012-07-31
450615,124435,-56.200001,1771,124,14:47:14,2012-07-30
450550,124440,-56.333332,1771,124,12:55:56,2012-07-31
450555,124445,-59.0,1771,124,12:55:56,2012-07-31
450580,124445,-55.0,1771,124,14:47:13,2012-07-30
450550,124455,-53.222221,1771,124,14:47:12,2012-07-30
450515,124460,-51.599998,1771,124,14:47:11,2012-07-30
450485,124470,-51.666668,1771,124,14:47:10,2012-07-30
450400,124490,-53.0,1771,124,14:47:08,2012-07-30
450365,124500,-54.5,1771,124,14:47:07,2012-07-30
450335,124510,-55.0,1771,124,14:47:06,2012-07-30
450295,124520,-54.0,1771,124,14:47:05,2012-07-30
450300,124520,-55.0,1771,124,14:47:05,2012-07-30
450270,124530,-54.333332,1771,124,14:47:05,2012-07-30
450275,124530,-54.0,1771,124,14:47:04,2012-07-30
450250,124535,-54.0,1771,124,14:47:03,2012-07-30
450185,124555,-54.0,1771,124,14:47:02,2012-07-30
450155,124565,-54.0,1771,124,14:47:00,2012-07-30
450130,124570,-54.0,1771,124,14:47:00,2012-07-30
450140,124570,-54.0,1771,124,14:47:00,2012-07-30
450120,124575,-54.0,1771,124,14:47:00,2012-07-30
450110,124580,-54.0,1771,124,14:46:59,2012-07-30
