444630,112790,-99.0,1162,106,12:35:44,2012-07-26
444620,112795,-99.0,1162,106,12:35:43,2012-07-26
444625,112795,-99.0,1162,106,12:35:43,2012-07-26
444580,112800,-99.0,1162,106,12:35:38,2012-07-26
444585,112800,-99.0,1162,106,12:35:39,2012-07-26
444590,112800,-99.0,1162,106,12:35:40,2012-07-26
444595,112800,-99.0,1162,106,12:35:40,2012-07-26
444605,112800,-99.0,1162,106,12:35:41,2012-07-26
444615,112800,-99.0,1162,106,12:35:42,2012-07-26
444475,112835,-99.0,1162,106,12:35:28,2012-07-26
444480,112835,-99.0,1162,106,12:35:28,2012-07-26
444485,112835,-99.0,1162,106,12:35:29,2012-07-26
444465,112840,-99.0,1162,106,12:35:27,2012-07-26
444470,112840,-99.0,1162,106,12:35:27,2012-07-26
444460,112845,-99.0,1162,106,12:35:26,2012-07-26
444465,112845,-99.0,1162,106,12:35:26,2012-07-26
444455,112850,-99.0,1162,106,12:35:26,2012-07-26
444450,112860,-99.0,1162,106,12:35:24,2012-07-26
444350,112870,-97.333336,1162,106,12:35:09,2012-07-26
444360,112870,-95.75,1162,106,12:35:10,2012-07-26
444365,112870,-95.0,1162,106,12:35:11,2012-07-26
444370,112870,-95.0,1162,106,12:35:12,2012-07-26
444335,112875,-98.0,1162,106,12:35:07,2012-07-26
444345,112875,-98.0,1162,106,12:35:08,2012-07-26
444375,112875,-95.25,1162,106,12:35:13,2012-07-26
444385,112875,-96.0,1162,106,12:35:13,2012-07-26
444440,112875,-99.0,1162,106,12:35:23,2012-07-26
444315,112880,-98.666664,1162,106,12:35:06,2012-07-26
444300,112885,-99.0,1162,106,12:35:04,2012-07-26
444310,112885,-99.0,1162,106,12:35:05,2012-07-26
444390,112885,-97.199997,1162,106,12:35:14,2012-07-26
444430,112885,-99.599998,1162,106,12:35:21,2012-07-26
444290,112890,-98.333336,1162,106,12:35:03,2012-07-26
444295,112890,-99.0,1162,106,12:35:04,2012-07-26
444395,112890,-98.25,1162,106,12:35:16,2012-07-26
444280,112895,-98.0,1162,106,12:35:02,2012-07-26
444400,112895,-99.666664,1162,106,12:35:17,2012-07-26
444420,112895,-100.66666,1162,106,12:35:20,2012-07-26
443495,112900,-80.0,1162,106,12:31:24,2012-07-26
443500,112900,-79.0,1162,106,12:31:25,2012-07-26
444410,112900,-101.0,1162,106,12:35:17,2012-07-26
444415,112900,-101.0,1162,106,12:35:19,2012-07-26
443500,112905,-78.0,1162,106,12:31:26,2012-07-26
443505,112905,-78.0,1162,106,12:31:26,2012-07-26
444275,112905,-98.0,1162,106,12:35:02,2012-07-26
444265,112910,-98.666664,1162,106,12:35:00,2012-07-26
443515,112915,-77.333336,1162,106,12:31:28,2012-07-26
443520,112920,-76.0,1162,106,12:31:28,2012-07-26
444260,112920,-99.0,1162,106,12:34:59,2012-07-26
443525,112925,-75.333336,1162,106,12:31:29,2012-07-26
443525,112930,-74.0,1162,106,12:31:29,2012-07-26
444250,112930,-99.0,1162,106,12:34:57,2012-07-26
444255,112930,-99.0,1162,106,12:34:58,2012-07-26
444235,112935,-99.0,1162,106,12:34:55,2012-07-26
444240,112935,-99.0,1162,106,12:34:56,2012-07-26
444245,112935,-99.0,1162,106,12:34:57,2012-07-26
443535,112940,-74.0,1162,106,12:31:30,2012-07-26
444200,112940,-99.0,1162,106,12:34:52,2012-07-26
444210,112940,-99.25,1162,106,12:34:53,2012-07-26
444215,112940,-100.0,1162,106,12:34:54,2012-07-26
444225,112940,-99.75,1162,106,12:34:55,2012-07-26
444180,112945,-97.0,1162,106,12:34:51,2012-07-26
444185,112945,-97.0,1162,106,12:34:51,2012-07-26
444190,112945,-97.666664,1162,106,12:34:52,2012-07-26
443545,112950,-74.0,1162,106,12:31:31,2012-07-26
444165,112950,-97.25,1162,106,12:34:49,2012-07-26
444170,112950,-98.0,1162,106,12:34:50,2012-07-26
444175,112950,-97.75,1162,106,12:34:50,2012-07-26
443550,112955,-74.0,1162,106,12:31:32,2012-07-26
444150,112955,-96.333336,1162,106,12:34:47,2012-07-26
444155,112955,-97.0,1162,106,12:34:48,2012-07-26
443550,112960,-74.0,1162,106,12:31:32,2012-07-26
443555,112960,-74.0,1162,106,12:31:32,2012-07-26
444140,112960,-96.0,1162,106,12:34:46,2012-07-26
444145,112960,-96.0,1162,106,12:34:47,2012-07-26
443560,112965,-74.0,1162,106,12:31:33,2012-07-26
444140,112965,-96.0,1162,106,12:34:45,2012-07-26
444135,112975,-97.599998,1162,106,12:34:45,2012-07-26
444130,112985,-98.0,1162,106,12:34:43,2012-07-26
443690,113055,-80.166664,1162,106,12:32:47,2012-07-26
443690,113060,-80.400002,1162,106,12:32:47,2012-07-26
443685,113070,-81.26667,1162,106,12:32:45,2012-07-26
443680,113075,-82.0,1162,106,12:32:45,2012-07-26
443675,113080,-82.0,1162,106,12:32:44,2012-07-26
443670,113085,-83.0,1162,106,12:32:43,2012-07-26
443675,113085,-82.599998,1162,106,12:32:44,2012-07-26
443670,113090,-83.666664,1162,106,12:32:42,2012-07-26
443670,113095,-84.0,1162,106,12:32:42,2012-07-26
443665,113100,-84.0,1162,106,12:32:42,2012-07-26
443670,113100,-84.0,1162,106,12:32:42,2012-07-26
443665,113105,-84.0,1162,106,12:32:41,2012-07-26
443665,113110,-84.0,1162,106,12:32:40,2012-07-26
443665,113115,-84.0,1162,106,12:32:40,2012-07-26
443655,113165,-84.0,1162,106,12:32:35,2012-07-26
443650,113170,-84.0,1162,106,12:32:35,2012-07-26
443650,113175,-84.0,1162,106,12:32:35,2012-07-26
443640,113180,-85.333336,1162,106,12:32:34,2012-07-26
443635,113205,-87.0,1162,106,12:32:32,2012-07-26
443635,113210,-87.0,1162,106,12:32:31,2012-07-26
443635,113215,-87.0,1162,106,12:32:31,2012-07-26
443635,113220,-87.0,1162,106,12:32:30,2012-07-26
443630,113225,-95.25,1162,106,12:32:30,2012-07-26
443630,113235,-98.0,1162,106,12:32:29,2012-07-26
443630,113245,-98.0,1162,106,12:32:28,2012-07-26
443635,113255,-98.0,1162,106,12:32:28,2012-07-26
443635,113260,-98.0,1162,106,12:32:27,2012-07-26
443635,113265,-98.0,1162,106,12:32:26,2012-07-26
443635,113270,-98.0,1162,106,12:32:26,2012-07-26
443635,113275,-98.0,1162,106,12:32:25,2012-07-26
443635,113280,-98.0,1162,106,12:32:25,2012-07-26
440810,113495,-97.75,1162,106,12:23:59,2012-07-26
440815,113495,-97.0,1162,106,12:23:59,2012-07-26
440760,113500,-97.199997,1162,106,12:23:54,2012-07-26
440775,113500,-98.0,1162,106,12:23:55,2012-07-26
440780,113500,-98.0,1162,106,12:23:56,2012-07-26
440790,113500,-98.0,1162,106,12:23:57,2012-07-26
440800,113500,-98.0,1162,106,12:23:58,2012-07-26
440820,113500,-96.5,1162,106,12:24:00,2012-07-26
440830,113500,-95.0,1162,106,12:24:01,2012-07-26
440835,113500,-95.0,1162,106,12:24:02,2012-07-26
440835,113505,-95.0,1162,106,12:24:02,2012-07-26
440840,113510,-95.0,1162,106,12:24:03,2012-07-26
440840,113515,-95.0,1162,106,12:24:04,2012-07-26
440845,113520,-94.75,1162,106,12:24:04,2012-07-26
440845,113530,-94.666664,1162,106,12:24:06,2012-07-26
440845,113540,-96.0,1162,106,12:24:06,2012-07-26
440845,113545,-96.25,1162,106,12:24:07,2012-07-26
440845,113550,-97.0,1162,106,12:24:08,2012-07-26
440840,113560,-97.25,1162,106,12:24:09,2012-07-26
440835,113565,-98.0,1162,106,12:24:09,2012-07-26
440835,113575,-98.0,1162,106,12:24:10,2012-07-26
440835,113585,-98.0,1162,106,12:24:11,2012-07-26
440835,113595,-98.25,1162,106,12:24:11,2012-07-26
440840,113600,-99.0,1162,106,12:24:12,2012-07-26
440840,113605,-99.0,1162,106,12:24:13,2012-07-26
440920,113660,-102.0,1162,106,12:24:21,2012-07-26
440925,113665,-102.0,1162,106,12:24:22,2012-07-26
440935,113670,-102.0,1162,106,12:24:23,2012-07-26
440950,113675,-102.0,1162,106,12:24:24,2012-07-26
440955,113680,-102.0,1162,106,12:24:25,2012-07-26
441015,114025,-99.0,1162,106,12:24:50,2012-07-26
441020,114035,-99.0,1162,106,12:24:51,2012-07-26
442080,121530,-79.0,1162,106,11:00:48,2012-07-30
442080,121535,-79.0,1162,106,11:00:47,2012-07-30
442085,121540,-79.0,1162,106,11:00:46,2012-07-30
442085,121545,-79.0,1162,106,11:00:45,2012-07-30
442080,121550,-79.0,1162,106,11:00:44,2012-07-30
442080,121555,-79.0,1162,106,11:00:43,2012-07-30
442080,121560,-79.0,1162,106,11:00:43,2012-07-30
442075,121570,-79.0,1162,106,11:00:41,2012-07-30
442080,121570,-79.0,1162,106,11:00:42,2012-07-30
442015,121660,-86.0,1162,106,11:00:27,2012-07-30
442000,121665,-86.0,1162,106,11:00:24,2012-07-30
442010,121665,-86.0,1162,106,11:00:25,2012-07-30
441990,121670,-86.0,1162,106,11:00:23,2012-07-30
441855,121925,-81.0,1162,106,10:59:43,2012-07-30
441855,121930,-81.0,1162,106,10:59:43,2012-07-30
441860,121930,-81.0,1162,106,10:59:42,2012-07-30
441865,121935,-81.0,1162,106,10:59:41,2012-07-30
441875,121940,-81.0,1162,106,10:59:39,2012-07-30
441890,121940,-81.0,1162,106,10:59:38,2012-07-30
441940,121940,-82.0,1162,106,10:59:30,2012-07-30
441945,121940,-82.5,1162,106,10:59:29,2012-07-30
441950,121940,-82.454544,1162,106,10:59:27,2012-07-30
441955,121940,-79.800003,1162,106,10:59:26,2012-07-30
441960,121940,-79.0,1162,106,10:59:25,2012-07-30
441965,121940,-76.666664,1162,106,10:59:24,2012-07-30
441970,121940,-76.0,1162,106,10:59:23,2012-07-30
441900,121945,-81.0,1162,106,10:59:37,2012-07-30
441910,121945,-81.0,1162,106,10:59:35,2012-07-30
441915,121945,-81.400002,1162,106,10:59:34,2012-07-30
441920,121945,-82.800003,1162,106,10:59:33,2012-07-30
441925,121945,-84.0,1162,106,10:59:32,2012-07-30
441930,121945,-82.800003,1162,106,10:59:32,2012-07-30
441965,121945,-76.0,1162,106,10:59:20,2012-07-30
441970,121945,-76.0,1162,106,10:59:20,2012-07-30
441825,121975,-86.0,1162,106,10:58:54,2012-07-30
441830,121975,-86.0,1162,106,10:58:55,2012-07-30
441875,121975,-86.0,1162,106,10:59:04,2012-07-30
441880,121975,-86.0,1162,106,10:59:04,2012-07-30
441835,121980,-86.0,1162,106,10:58:56,2012-07-30
441840,121980,-86.0,1162,106,10:58:57,2012-07-30
441845,121980,-86.0,1162,106,10:58:58,2012-07-30
441860,121980,-86.0,1162,106,10:59:01,2012-07-30
441865,121980,-86.0,1162,106,10:59:02,2012-07-30
441870,121980,-86.0,1162,106,10:59:03,2012-07-30
441850,121985,-86.0,1162,106,10:58:59,2012-07-30
441855,121985,-86.0,1162,106,10:59:00,2012-07-30
449205,124295,-70.0,1162,106,15:16:29,2012-07-27
449200,124300,-70.0,1162,106,15:16:29,2012-07-27
449195,124310,-70.0,1162,106,15:16:30,2012-07-27
449190,124315,-70.0,1162,106,15:16:30,2012-07-27
449190,124320,-70.0,1162,106,15:16:30,2012-07-27
449185,124330,-70.0,1162,106,15:16:31,2012-07-27
449175,124335,-70.0,1162,106,15:16:32,2012-07-27
449170,124345,-70.0,1162,106,15:16:33,2012-07-27
449165,124350,-70.0,1162,106,15:16:33,2012-07-27
449155,124365,-70.0,1162,106,15:16:35,2012-07-27
449150,124370,-69.0,1162,106,15:16:35,2012-07-27
449155,124370,-69.5,1162,106,15:16:35,2012-07-27
449145,124375,-69.0,1162,106,15:16:35,2012-07-27
449150,124375,-69.0,1162,106,15:16:35,2012-07-27
449135,124385,-69.333336,1162,106,15:16:36,2012-07-27
449140,124385,-69.0,1162,106,15:16:36,2012-07-27
449135,124390,-70.0,1162,106,15:16:36,2012-07-27
449125,124400,-70.0,1162,106,15:16:37,2012-07-27
449120,124405,-71.0,1162,106,15:16:38,2012-07-27
449110,124420,-72.0,1162,106,15:16:39,2012-07-27
449105,124425,-72.0,1162,106,15:16:40,2012-07-27
449095,124435,-71.75,1162,106,15:16:40,2012-07-27
449090,124440,-71.0,1162,106,15:16:41,2012-07-27
449085,124445,-71.333336,1162,106,15:16:42,2012-07-27
449080,124450,-72.0,1162,106,15:16:42,2012-07-27
449075,124455,-72.0,1162,106,15:16:43,2012-07-27
449080,124455,-72.0,1162,106,15:16:42,2012-07-27
449070,124460,-72.400002,1162,106,15:16:43,2012-07-27
449065,124465,-73.0,1162,106,15:16:44,2012-07-27
449060,124470,-73.5,1162,106,15:16:45,2012-07-27
450015,124610,-58.5,1162,106,14:46:56,2012-07-30
450000,124615,-58.0,1162,106,14:46:56,2012-07-30
449105,124620,-67.0,1162,106,18:26:24,2012-07-27
449990,124620,-58.0,1162,106,14:46:55,2012-07-30
449995,124620,-58.0,1162,106,14:46:55,2012-07-30
449975,124625,-55.75,1162,106,14:46:55,2012-07-30
449980,124625,-58.0,1162,106,14:46:55,2012-07-30
449115,124630,-67.0,1162,106,18:26:24,2012-07-27
449970,124630,-55.0,1162,106,14:46:54,2012-07-30
449120,124635,-67.0,1162,106,18:26:25,2012-07-27
449955,124635,-55.0,1162,106,14:46:54,2012-07-30
449940,124640,-55.0,1162,106,14:46:54,2012-07-30
449930,124645,-50.5,1162,106,14:46:53,2012-07-30
449140,124655,-67.0,1162,106,18:26:26,2012-07-27
449910,124655,-49.0,1162,106,14:46:53,2012-07-30
449885,124660,-46.75,1162,106,14:46:52,2012-07-30
449145,124665,-67.0,1162,106,18:26:27,2012-07-27
449150,124670,-67.0,1162,106,18:26:28,2012-07-27
449865,124670,-46.0,1162,106,14:46:51,2012-07-30
449845,124680,-47.5,1162,106,14:46:50,2012-07-30
449165,124690,-69.0,1162,106,18:26:29,2012-07-27
449175,124700,-75.0,1162,106,18:26:30,2012-07-27
449800,124700,-45.333332,1162,106,14:46:49,2012-07-30
449175,124705,-75.0,1162,106,18:26:30,2012-07-27
449185,124710,-74.5,1162,106,18:26:31,2012-07-27
449775,124710,-44.0,1162,106,14:46:48,2012-07-30
449755,124720,-41.75,1162,106,14:46:48,2012-07-30
449195,124725,-73.0,1162,106,18:26:32,2012-07-27
449200,124730,-73.25,1162,106,18:26:32,2012-07-27
449730,124730,-41.0,1162,106,14:46:47,2012-07-30
449200,124735,-74.0,1162,106,18:26:32,2012-07-27
449205,124740,-74.0,1162,106,18:26:33,2012-07-27
449710,124740,-41.0,1162,106,14:46:46,2012-07-30
449210,124750,-74.0,1162,106,18:26:33,2012-07-27
449685,124750,-41.0,1162,106,14:46:45,2012-07-30
449215,124755,-73.599998,1162,106,18:26:34,2012-07-27
449220,124760,-73.0,1162,106,18:26:34,2012-07-27
449665,124760,-40.400002,1162,106,14:46:45,2012-07-30
449220,124765,-73.0,1162,106,18:26:34,2012-07-27
449640,124770,-40.0,1162,106,14:46:44,2012-07-30
449230,124775,-72.75,1162,106,18:26:35,2012-07-27
449625,124780,-38.5,1162,106,14:46:43,2012-07-30
449235,124785,-72.0,1162,106,18:26:36,2012-07-27
449605,124790,-38.0,1162,106,14:46:43,2012-07-30
449240,124800,-71.333336,1162,106,18:26:36,2012-07-27
449580,124800,-37.25,1162,106,14:46:42,2012-07-30
449575,124805,-37.0,1162,106,14:46:42,2012-07-30
449255,124820,-70.333336,1162,106,18:26:38,2012-07-27
449545,124820,-37.0,1162,106,14:46:41,2012-07-30
449260,124830,-71.0,1162,106,18:26:38,2012-07-27
449510,124835,-37.0,1162,106,14:46:40,2012-07-30
449265,124845,-71.25,1162,106,18:26:39,2012-07-27
449480,124850,-37.0,1162,106,14:46:39,2012-07-30
449270,124855,-72.0,1162,106,18:26:40,2012-07-27
449280,124870,-72.333336,1162,106,18:26:41,2012-07-27
449450,124870,-37.0,1162,106,14:46:38,2012-07-30
449290,124890,-73.25,1162,106,18:26:42,2012-07-27
449390,124900,-38.5,1162,106,14:46:36,2012-07-30
449295,124905,-73.800003,1162,106,18:26:43,2012-07-27
449360,124915,-39.0,1162,106,14:46:35,2012-07-30
449305,124920,-72.599998,1162,106,18:26:45,2012-07-27
449330,124935,-39.0,1162,106,14:46:34,2012-07-30
449315,124945,-71.0,1162,106,18:26:46,2012-07-27
449300,124950,-39.799999,1162,106,14:46:33,2012-07-30
449275,124965,-41.5,1162,106,14:46:32,2012-07-30
449325,124965,-70.25,1162,106,18:26:46,2012-07-27
449330,124975,-67.199997,1162,106,18:26:48,2012-07-27
449245,124985,-42.0,1162,106,14:46:31,2012-07-30
449335,124985,-64.0,1162,106,18:26:48,2012-07-27
449215,125000,-42.0,1162,106,14:46:30,2012-07-30
449345,125000,-62.799999,1162,106,18:26:49,2012-07-27
449355,125015,-61.333332,1162,106,18:26:50,2012-07-27
449185,125020,-42.0,1162,106,14:46:29,2012-07-30
449365,125030,-62.200001,1162,106,18:26:51,2012-07-27
449375,125040,-63.0,1162,106,18:26:53,2012-07-27
449140,125045,-42.57143,1162,106,14:46:28,2012-07-30
449385,125055,-63.400002,1162,106,18:26:53,2012-07-27
449115,125065,-43.0,1162,106,14:46:27,2012-07-30
449395,125065,-64.5,1162,106,18:26:55,2012-07-27
449100,125075,-43.0,1162,106,14:46:26,2012-07-30
449410,125075,-67.0,1162,106,18:26:56,2012-07-27
449070,125090,-50.5,1162,106,14:46:25,2012-07-30
449430,125090,-69.25,1162,106,18:26:58,2012-07-27
449450,125105,-70.199997,1162,106,18:26:58,2012-07-27
449465,125110,-71.0,1162,106,18:27:00,2012-07-27
449030,125120,-53.0,1162,106,14:46:24,2012-07-30
449485,125120,-71.25,1162,106,18:27:00,2012-07-27
449495,125125,-72.0,1162,106,18:27:01,2012-07-27
449505,125130,-72.0,1162,106,18:27:01,2012-07-27
449510,125130,-73.0,1162,106,18:27:02,2012-07-27
449515,125135,-75.0,1162,106,18:27:02,2012-07-27
449520,125135,-75.0,1162,106,18:27:02,2012-07-27
449525,125135,-75.0,1162,106,18:27:02,2012-07-27
449000,125140,-53.0,1162,106,14:46:23,2012-07-30
449530,125140,-75.0,1162,106,18:27:03,2012-07-27
449535,125140,-75.25,1162,106,18:27:03,2012-07-27
449540,125140,-76.0,1162,106,18:27:03,2012-07-27
449550,125145,-76.0,1162,106,18:27:04,2012-07-27
449560,125145,-76.0,1162,106,18:27:05,2012-07-27
449565,125145,-76.0,1162,106,18:27:05,2012-07-27
449570,125145,-76.0,1162,106,18:27:05,2012-07-27
449580,125150,-76.0,1162,106,18:27:06,2012-07-27
449585,125150,-76.0,1162,106,18:27:06,2012-07-27
449595,125150,-76.0,1162,106,18:27:06,2012-07-27
449605,125150,-76.0,1162,106,18:27:07,2012-07-27
449610,125150,-76.0,1162,106,18:27:07,2012-07-27
448970,125160,-53.0,1162,106,14:46:21,2012-07-30
448945,125180,-53.0,1162,106,14:46:21,2012-07-30
448930,125190,-53.0,1162,106,14:46:20,2012-07-30
448900,125210,-53.0,1162,106,14:46:19,2012-07-30
439205,125235,-66.0,1162,106,13:59:59,2012-07-30
439205,125250,-66.0,1162,106,14:00:00,2012-07-30
439205,125260,-66.0,1162,106,14:00:01,2012-07-30
439205,125280,-66.0,1162,106,14:00:02,2012-07-30
439210,125295,-66.800003,1162,106,14:00:03,2012-07-30
439210,125310,-70.0,1162,106,14:00:05,2012-07-30
439210,125320,-70.0,1162,106,14:00:06,2012-07-30
439215,125335,-69.75,1162,106,14:00:07,2012-07-30
439215,125350,-68.75,1162,106,14:00:08,2012-07-30
439215,125360,-68.0,1162,106,14:00:09,2012-07-30
439210,125370,-68.0,1162,106,14:00:10,2012-07-30
439210,125380,-67.666664,1162,106,14:00:11,2012-07-30
439205,125390,-67.0,1162,106,14:00:12,2012-07-30
439205,125400,-66.599998,1162,106,14:00:13,2012-07-30
439205,125410,-67.5,1162,106,14:00:14,2012-07-30
439205,125420,-69.36364,1162,106,14:00:15,2012-07-30
439205,125435,-69.666664,1162,106,14:00:17,2012-07-30
439205,125445,-69.400002,1162,106,14:00:18,2012-07-30
439205,125470,-71.333336,1162,106,14:00:20,2012-07-30
439205,125480,-70.5,1162,106,14:00:21,2012-07-30
439205,125495,-69.0,1162,106,14:00:23,2012-07-30
439205,125505,-69.5,1162,106,14:00:24,2012-07-30
439205,125515,-71.0,1162,106,14:00:25,2012-07-30
439210,125520,-71.0,1162,106,14:00:25,2012-07-30
439210,125525,-71.0,1162,106,14:00:26,2012-07-30
439215,125530,-71.0,1162,106,14:00:26,2012-07-30
439215,125535,-71.333336,1162,106,14:00:27,2012-07-30
439220,125540,-72.0,1162,106,14:00:27,2012-07-30
439220,125545,-72.0,1162,106,14:00:28,2012-07-30
439225,125550,-72.25,1162,106,14:00:28,2012-07-30
439225,125555,-73.0,1162,106,14:00:29,2012-07-30
439230,125560,-73.0,1162,106,14:00:29,2012-07-30
439230,125565,-73.25,1162,106,14:00:30,2012-07-30
439230,125570,-74.0,1162,106,14:00:30,2012-07-30
439230,125575,-73.75,1162,106,14:00:31,2012-07-30
439235,125585,-73.0,1162,106,14:00:32,2012-07-30
439235,125590,-72.599998,1162,106,14:00:32,2012-07-30
439240,125595,-71.0,1162,106,14:00:33,2012-07-30
439240,125600,-71.0,1162,106,14:00:33,2012-07-30
439240,125605,-71.0,1162,106,14:00:34,2012-07-30
439245,125605,-71.0,1162,106,14:00:34,2012-07-30
439245,125610,-71.0,1162,106,14:00:35,2012-07-30
439250,125620,-72.5,1162,106,14:00:35,2012-07-30
439255,125625,-74.5,1162,106,14:00:37,2012-07-30
439260,125640,-76.666664,1162,106,14:00:38,2012-07-30
439265,125650,-78.333336,1162,106,14:00:40,2012-07-30
439270,125660,-78.75,1162,106,14:00:41,2012-07-30
439270,125675,-77.333336,1162,106,14:00:42,2012-07-30
439270,125680,-76.0,1162,106,14:00:43,2012-07-30
439270,125685,-75.25,1162,106,14:00:44,2012-07-30
439265,125695,-73.0,1162,106,14:00:45,2012-07-30
439260,125705,-73.0,1162,106,14:00:46,2012-07-30
439260,125710,-73.0,1162,106,14:00:46,2012-07-30
439255,125715,-74.0,1162,106,14:00:48,2012-07-30
439250,125730,-75.25,1162,106,14:00:49,2012-07-30
439250,125740,-76.166664,1162,106,14:00:50,2012-07-30
439250,125755,-77.666664,1162,106,14:00:52,2012-07-30
439255,125760,-79.0,1162,106,14:00:53,2012-07-30
439260,125770,-79.400002,1162,106,14:00:54,2012-07-30
439270,125780,-80.0,1162,106,14:00:55,2012-07-30
444630,112790,-99.0,1162,106,12:35:44,2012-07-26
444620,112795,-99.0,1162,106,12:35:43,2012-07-26
444625,112795,-99.0,1162,106,12:35:43,2012-07-26
444580,112800,-99.0,1162,106,12:35:38,2012-07-26
444585,112800,-99.0,1162,106,12:35:39,2012-07-26
444590,112800,-99.0,1162,106,12:35:40,2012-07-26
444595,112800,-99.0,1162,106,12:35:40,2012-07-26
444605,112800,-99.0,1162,106,12:35:41,2012-07-26
444615,112800,-99.0,1162,106,12:35:42,2012-07-26
444475,112835,-99.0,1162,106,12:35:28,2012-07-26
444480,112835,-99.0,1162,106,12:35:28,2012-07-26
444485,112835,-99.0,1162,106,12:35:29,2012-07-26
444465,112840,-99.0,1162,106,12:35:27,2012-07-26
444470,112840,-99.0,1162,106,12:35:27,2012-07-26
444460,112845,-99.0,1162,106,12:35:26,2012-07-26
444465,112845,-99.0,1162,106,12:35:26,2012-07-26
444455,112850,-99.0,1162,106,12:35:26,2012-07-26
444450,112860,-99.0,1162,106,12:35:24,2012-07-26
444350,112870,-97.333336,1162,106,12:35:09,2012-07-26
444360,112870,-95.75,1162,106,12:35:10,2012-07-26
444365,112870,-95.0,1162,106,12:35:11,2012-07-26
444370,112870,-95.0,1162,106,12:35:12,2012-07-26
444335,112875,-98.0,1162,106,12:35:07,2012-07-26
444345,112875,-98.0,1162,106,12:35:08,2012-07-26
444375,112875,-95.25,1162,106,12:35:13,2012-07-26
444385,112875,-96.0,1162,106,12:35:13,2012-07-26
444440,112875,-99.0,1162,106,12:35:23,2012-07-26
444315,112880,-98.666664,1162,106,12:35:06,2012-07-26
444300,112885,-99.0,1162,106,12:35:04,2012-07-26
444310,112885,-99.0,1162,106,12:35:05,2012-07-26
444390,112885,-97.199997,1162,106,12:35:14,2012-07-26
444430,112885,-99.599998,1162,106,12:35:21,2012-07-26
444290,112890,-98.333336,1162,106,12:35:03,2012-07-26
444295,112890,-99.0,1162,106,12:35:04,2012-07-26
444395,112890,-98.25,1162,106,12:35:16,2012-07-26
444280,112895,-98.0,1162,106,12:35:02,2012-07-26
444400,112895,-99.666664,1162,106,12:35:17,2012-07-26
444420,112895,-100.66666,1162,106,12:35:20,2012-07-26
443495,112900,-80.0,1162,106,12:31:24,2012-07-26
443500,112900,-79.0,1162,106,12:31:25,2012-07-26
444410,112900,-101.0,1162,106,12:35:17,2012-07-26
444415,112900,-101.0,1162,106,12:35:19,2012-07-26
443500,112905,-78.0,1162,106,12:31:26,2012-07-26
443505,112905,-78.0,1162,106,12:31:26,2012-07-26
444275,112905,-98.0,1162,106,12:35:02,2012-07-26
444265,112910,-98.666664,1162,106,12:35:00,2012-07-26
443515,112915,-77.333336,1162,106,12:31:28,2012-07-26
443520,112920,-76.0,1162,106,12:31:28,2012-07-26
444260,112920,-99.0,1162,106,12:34:59,2012-07-26
443525,112925,-75.333336,1162,106,12:31:29,2012-07-26
443525,112930,-74.0,1162,106,12:31:29,2012-07-26
444250,112930,-99.0,1162,106,12:34:57,2012-07-26
444255,112930,-99.0,1162,106,12:34:58,2012-07-26
444235,112935,-99.0,1162,106,12:34:55,2012-07-26
444240,112935,-99.0,1162,106,12:34:56,2012-07-26
444245,112935,-99.0,1162,106,12:34:57,2012-07-26
443535,112940,-74.0,1162,106,12:31:30,2012-07-26
444200,112940,-99.0,1162,106,12:34:52,2012-07-26
444210,112940,-99.25,1162,106,12:34:53,2012-07-26
444215,112940,-100.0,1162,106,12:34:54,2012-07-26
444225,112940,-99.75,1162,106,12:34:55,2012-07-26
444180,112945,-97.0,1162,106,12:34:51,2012-07-26
444185,112945,-97.0,1162,106,12:34:51,2012-07-26
444190,112945,-97.666664,1162,106,12:34:52,2012-07-26
443545,112950,-74.0,1162,106,12:31:31,2012-07-26
444165,112950,-97.25,1162,106,12:34:49,2012-07-26
444170,112950,-98.0,1162,106,12:34:50,2012-07-26
444175,112950,-97.75,1162,106,12:34:50,2012-07-26
443550,112955,-74.0,1162,106,12:31:32,2012-07-26
444150,112955,-96.333336,1162,106,12:34:47,2012-07-26
444155,112955,-97.0,1162,106,12:34:48,2012-07-26
443550,112960,-74.0,1162,106,12:31:32,2012-07-26
443555,112960,-74.0,1162,106,12:31:32,2012-07-26
444140,112960,-96.0,1162,106,12:34:46,2012-07-26
444145,112960,-96.0,1162,106,12:34:47,2012-07-26
443560,112965,-74.0,1162,106,12:31:33,2012-07-26
444140,112965,-96.0,1162,106,12:34:45,2012-07-26
444135,112975,-97.599998,1162,106,12:34:45,2012-07-26
444130,112985,-98.0,1162,106,12:34:43,2012-07-26
443690,113055,-80.166664,1162,106,12:32:47,2012-07-26
443690,113060,-80.400002,1162,106,12:32:47,2012-07-26
443685,113070,-81.26667,1162,106,12:32:45,2012-07-26
443680,113075,-82.0,1162,106,12:32:45,2012-07-26
443675,113080,-82.0,1162,106,12:32:44,2012-07-26
443670,113085,-83.0,1162,106,12:32:43,2012-07-26
443675,113085,-82.599998,1162,106,12:32:44,2012-07-26
443670,113090,-83.666664,1162,106,12:32:42,2012-07-26
443670,113095,-84.0,1162,106,12:32:42,2012-07-26
443665,113100,-84.0,1162,106,12:32:42,2012-07-26
443670,113100,-84.0,1162,106,12:32:42,2012-07-26
443665,113105,-84.0,1162,106,12:32:41,2012-07-26
443665,113110,-84.0,1162,106,12:32:40,2012-07-26
443665,113115,-84.0,1162,106,12:32:40,2012-07-26
443655,113165,-84.0,1162,106,12:32:35,2012-07-26
443650,113170,-84.0,1162,106,12:32:35,2012-07-26
443650,113175,-84.0,1162,106,12:32:35,2012-07-26
443640,113180,-85.333336,1162,106,12:32:34,2012-07-26
443635,113205,-87.0,1162,106,12:32:32,2012-07-26
443635,113210,-87.0,1162,106,12:32:31,2012-07-26
443635,113215,-87.0,1162,106,12:32:31,2012-07-26
443635,113220,-87.0,1162,106,12:32:30,2012-07-26
443630,113225,-95.25,1162,106,12:32:30,2012-07-26
443630,113235,-98.0,1162,106,12:32:29,2012-07-26
443630,113245,-98.0,1162,106,12:32:28,2012-07-26
443635,113255,-98.0,1162,106,12:32:28,2012-07-26
443635,113260,-98.0,1162,106,12:32:27,2012-07-26
443635,113265,-98.0,1162,106,12:32:26,2012-07-26
443635,113270,-98.0,1162,106,12:32:26,2012-07-26
443635,113275,-98.0,1162,106,12:32:25,2012-07-26
443635,113280,-98.0,1162,106,12:32:25,2012-07-26
440810,113495,-97.75,1162,106,12:23:59,2012-07-26
440815,113495,-97.0,1162,106,12:23:59,2012-07-26
440760,113500,-97.199997,1162,106,12:23:54,2012-07-26
440775,113500,-98.0,1162,106,12:23:55,2012-07-26
440780,113500,-98.0,1162,106,12:23:56,2012-07-26
440790,113500,-98.0,1162,106,12:23:57,2012-07-26
440800,113500,-98.0,1162,106,12:23:58,2012-07-26
440820,113500,-96.5,1162,106,12:24:00,2012-07-26
440830,113500,-95.0,1162,106,12:24:01,2012-07-26
440835,113500,-95.0,1162,106,12:24:02,2012-07-26
440835,113505,-95.0,1162,106,12:24:02,2012-07-26
440840,113510,-95.0,1162,106,12:24:03,2012-07-26
440840,113515,-95.0,1162,106,12:24:04,2012-07-26
440845,113520,-94.75,1162,106,12:24:04,2012-07-26
440845,113530,-94.666664,1162,106,12:24:06,2012-07-26
440845,113540,-96.0,1162,106,12:24:06,2012-07-26
440845,113545,-96.25,1162,106,12:24:07,2012-07-26
440845,113550,-97.0,1162,106,12:24:08,2012-07-26
440840,113560,-97.25,1162,106,12:24:09,2012-07-26
440835,113565,-98.0,1162,106,12:24:09,2012-07-26
440835,113575,-98.0,1162,106,12:24:10,2012-07-26
440835,113585,-98.0,1162,106,12:24:11,2012-07-26
440835,113595,-98.25,1162,106,12:24:11,2012-07-26
440840,113600,-99.0,1162,106,12:24:12,2012-07-26
440840,113605,-99.0,1162,106,12:24:13,2012-07-26
440920,113660,-102.0,1162,106,12:24:21,2012-07-26
440925,113665,-102.0,1162,106,12:24:22,2012-07-26
440935,113670,-102.0,1162,106,12:24:23,2012-07-26
440950,113675,-102.0,1162,106,12:24:24,2012-07-26
440955,113680,-102.0,1162,106,12:24:25,2012-07-26
441015,114025,-99.0,1162,106,12:24:50,2012-07-26
441020,114035,-99.0,1162,106,12:24:51,2012-07-26
442080,121530,-79.0,1162,106,11:00:48,2012-07-30
442080,121535,-79.0,1162,106,11:00:47,2012-07-30
442085,121540,-79.0,1162,106,11:00:46,2012-07-30
442085,121545,-79.0,1162,106,11:00:45,2012-07-30
442080,121550,-79.0,1162,106,11:00:44,2012-07-30
442080,121555,-79.0,1162,106,11:00:43,2012-07-30
442080,121560,-79.0,1162,106,11:00:43,2012-07-30
442075,121570,-79.0,1162,106,11:00:41,2012-07-30
442080,121570,-79.0,1162,106,11:00:42,2012-07-30
442015,121660,-86.0,1162,106,11:00:27,2012-07-30
442000,121665,-86.0,1162,106,11:00:24,2012-07-30
442010,121665,-86.0,1162,106,11:00:25,2012-07-30
441990,121670,-86.0,1162,106,11:00:23,2012-07-30
441855,121925,-81.0,1162,106,10:59:43,2012-07-30
441855,121930,-81.0,1162,106,10:59:43,2012-07-30
441860,121930,-81.0,1162,106,10:59:42,2012-07-30
441865,121935,-81.0,1162,106,10:59:41,2012-07-30
441875,121940,-81.0,1162,106,10:59:39,2012-07-30
441890,121940,-81.0,1162,106,10:59:38,2012-07-30
441940,121940,-82.0,1162,106,10:59:30,2012-07-30
441945,121940,-82.5,1162,106,10:59:29,2012-07-30
441950,121940,-82.454544,1162,106,10:59:27,2012-07-30
441955,121940,-79.800003,1162,106,10:59:26,2012-07-30
441960,121940,-79.0,1162,106,10:59:25,2012-07-30
441965,121940,-76.666664,1162,106,10:59:24,2012-07-30
441970,121940,-76.0,1162,106,10:59:23,2012-07-30
441900,121945,-81.0,1162,106,10:59:37,2012-07-30
441910,121945,-81.0,1162,106,10:59:35,2012-07-30
441915,121945,-81.400002,1162,106,10:59:34,2012-07-30
441920,121945,-82.800003,1162,106,10:59:33,2012-07-30
441925,121945,-84.0,1162,106,10:59:32,2012-07-30
441930,121945,-82.800003,1162,106,10:59:32,2012-07-30
441965,121945,-76.0,1162,106,10:59:20,2012-07-30
441970,121945,-76.0,1162,106,10:59:20,2012-07-30
441825,121975,-86.0,1162,106,10:58:54,2012-07-30
441830,121975,-86.0,1162,106,10:58:55,2012-07-30
441875,121975,-86.0,1162,106,10:59:04,2012-07-30
441880,121975,-86.0,1162,106,10:59:04,2012-07-30
441835,121980,-86.0,1162,106,10:58:56,2012-07-30
441840,121980,-86.0,1162,106,10:58:57,2012-07-30
441845,121980,-86.0,1162,106,10:58:58,2012-07-30
441860,121980,-86.0,1162,106,10:59:01,2012-07-30
441865,121980,-86.0,1162,106,10:59:02,2012-07-30
441870,121980,-86.0,1162,106,10:59:03,2012-07-30
441850,121985,-86.0,1162,106,10:58:59,2012-07-30
441855,121985,-86.0,1162,106,10:59:00,2012-07-30
449205,124295,-70.0,1162,106,15:16:29,2012-07-27
449200,124300,-70.0,1162,106,15:16:29,2012-07-27
449195,124310,-70.0,1162,106,15:16:30,2012-07-27
449190,124315,-70.0,1162,106,15:16:30,2012-07-27
449190,124320,-70.0,1162,106,15:16:30,2012-07-27
449185,124330,-70.0,1162,106,15:16:31,2012-07-27
449175,124335,-70.0,1162,106,15:16:32,2012-07-27
449170,124345,-70.0,1162,106,15:16:33,2012-07-27
449165,124350,-70.0,1162,106,15:16:33,2012-07-27
449155,124365,-70.0,1162,106,15:16:35,2012-07-27
449150,124370,-69.0,1162,106,15:16:35,2012-07-27
449155,124370,-69.5,1162,106,15:16:35,2012-07-27
449145,124375,-69.0,1162,106,15:16:35,2012-07-27
449150,124375,-69.0,1162,106,15:16:35,2012-07-27
449135,124385,-69.333336,1162,106,15:16:36,2012-07-27
449140,124385,-69.0,1162,106,15:16:36,2012-07-27
449135,124390,-70.0,1162,106,15:16:36,2012-07-27
449125,124400,-70.0,1162,106,15:16:37,2012-07-27
449120,124405,-71.0,1162,106,15:16:38,2012-07-27
449110,124420,-72.0,1162,106,15:16:39,2012-07-27
449105,124425,-72.0,1162,106,15:16:40,2012-07-27
449095,124435,-71.75,1162,106,15:16:40,2012-07-27
449090,124440,-71.0,1162,106,15:16:41,2012-07-27
449085,124445,-71.333336,1162,106,15:16:42,2012-07-27
449080,124450,-72.0,1162,106,15:16:42,2012-07-27
449075,124455,-72.0,1162,106,15:16:43,2012-07-27
449080,124455,-72.0,1162,106,15:16:42,2012-07-27
449070,124460,-72.400002,1162,106,15:16:43,2012-07-27
449065,124465,-73.0,1162,106,15:16:44,2012-07-27
449060,124470,-73.5,1162,106,15:16:45,2012-07-27
450015,124610,-58.5,1162,106,14:46:56,2012-07-30
450000,124615,-58.0,1162,106,14:46:56,2012-07-30
449105,124620,-67.0,1162,106,18:26:24,2012-07-27
449990,124620,-58.0,1162,106,14:46:55,2012-07-30
449995,124620,-58.0,1162,106,14:46:55,2012-07-30
449975,124625,-55.75,1162,106,14:46:55,2012-07-30
449980,124625,-58.0,1162,106,14:46:55,2012-07-30
449115,124630,-67.0,1162,106,18:26:24,2012-07-27
449970,124630,-55.0,1162,106,14:46:54,2012-07-30
449120,124635,-67.0,1162,106,18:26:25,2012-07-27
449955,124635,-55.0,1162,106,14:46:54,2012-07-30
449940,124640,-55.0,1162,106,14:46:54,2012-07-30
449930,124645,-50.5,1162,106,14:46:53,2012-07-30
449140,124655,-67.0,1162,106,18:26:26,2012-07-27
449910,124655,-49.0,1162,106,14:46:53,2012-07-30
449885,124660,-46.75,1162,106,14:46:52,2012-07-30
449145,124665,-67.0,1162,106,18:26:27,2012-07-27
449150,124670,-67.0,1162,106,18:26:28,2012-07-27
449865,124670,-46.0,1162,106,14:46:51,2012-07-30
449845,124680,-47.5,1162,106,14:46:50,2012-07-30
449165,124690,-69.0,1162,106,18:26:29,2012-07-27
449175,124700,-75.0,1162,106,18:26:30,2012-07-27
449800,124700,-45.333332,1162,106,14:46:49,2012-07-30
449175,124705,-75.0,1162,106,18:26:30,2012-07-27
449185,124710,-74.5,1162,106,18:26:31,2012-07-27
449775,124710,-44.0,1162,106,14:46:48,2012-07-30
449755,124720,-41.75,1162,106,14:46:48,2012-07-30
449195,124725,-73.0,1162,106,18:26:32,2012-07-27
449200,124730,-73.25,1162,106,18:26:32,2012-07-27
449730,124730,-41.0,1162,106,14:46:47,2012-07-30
449200,124735,-74.0,1162,106,18:26:32,2012-07-27
449205,124740,-74.0,1162,106,18:26:33,2012-07-27
449710,124740,-41.0,1162,106,14:46:46,2012-07-30
449210,124750,-74.0,1162,106,18:26:33,2012-07-27
449685,124750,-41.0,1162,106,14:46:45,2012-07-30
449215,124755,-73.599998,1162,106,18:26:34,2012-07-27
449220,124760,-73.0,1162,106,18:26:34,2012-07-27
449665,124760,-40.400002,1162,106,14:46:45,2012-07-30
449220,124765,-73.0,1162,106,18:26:34,2012-07-27
449640,124770,-40.0,1162,106,14:46:44,2012-07-30
449230,124775,-72.75,1162,106,18:26:35,2012-07-27
449625,124780,-38.5,1162,106,14:46:43,2012-07-30
449235,124785,-72.0,1162,106,18:26:36,2012-07-27
449605,124790,-38.0,1162,106,14:46:43,2012-07-30
449240,124800,-71.333336,1162,106,18:26:36,2012-07-27
449580,124800,-37.25,1162,106,14:46:42,2012-07-30
449575,124805,-37.0,1162,106,14:46:42,2012-07-30
449255,124820,-70.333336,1162,106,18:26:38,2012-07-27
449545,124820,-37.0,1162,106,14:46:41,2012-07-30
449260,124830,-71.0,1162,106,18:26:38,2012-07-27
449510,124835,-37.0,1162,106,14:46:40,2012-07-30
449265,124845,-71.25,1162,106,18:26:39,2012-07-27
449480,124850,-37.0,1162,106,14:46:39,2012-07-30
449270,124855,-72.0,1162,106,18:26:40,2012-07-27
449280,124870,-72.333336,1162,106,18:26:41,2012-07-27
449450,124870,-37.0,1162,106,14:46:38,2012-07-30
449290,124890,-73.25,1162,106,18:26:42,2012-07-27
449390,124900,-38.5,1162,106,14:46:36,2012-07-30
449295,124905,-73.800003,1162,106,18:26:43,2012-07-27
449360,124915,-39.0,1162,106,14:46:35,2012-07-30
449305,124920,-72.599998,1162,106,18:26:45,2012-07-27
449330,124935,-39.0,1162,106,14:46:34,2012-07-30
449315,124945,-71.0,1162,106,18:26:46,2012-07-27
449300,124950,-39.799999,1162,106,14:46:33,2012-07-30
449275,124965,-41.5,1162,106,14:46:32,2012-07-30
449325,124965,-70.25,1162,106,18:26:46,2012-07-27
449330,124975,-67.199997,1162,106,18:26:48,2012-07-27
449245,124985,-42.0,1162,106,14:46:31,2012-07-30
449335,124985,-64.0,1162,106,18:26:48,2012-07-27
449215,125000,-42.0,1162,106,14:46:30,2012-07-30
449345,125000,-62.799999,1162,106,18:26:49,2012-07-27
449355,125015,-61.333332,1162,106,18:26:50,2012-07-27
449185,125020,-42.0,1162,106,14:46:29,2012-07-30
449365,125030,-62.200001,1162,106,18:26:51,2012-07-27
449375,125040,-63.0,1162,106,18:26:53,2012-07-27
449140,125045,-42.57143,1162,106,14:46:28,2012-07-30
449385,125055,-63.400002,1162,106,18:26:53,2012-07-27
449115,125065,-43.0,1162,106,14:46:27,2012-07-30
449395,125065,-64.5,1162,106,18:26:55,2012-07-27
449100,125075,-43.0,1162,106,14:46:26,2012-07-30
449410,125075,-67.0,1162,106,18:26:56,2012-07-27
449070,125090,-50.5,1162,106,14:46:25,2012-07-30
449430,125090,-69.25,1162,106,18:26:58,2012-07-27
449450,125105,-70.199997,1162,106,18:26:58,2012-07-27
449465,125110,-71.0,1162,106,18:27:00,2012-07-27
449030,125120,-53.0,1162,106,14:46:24,2012-07-30
449485,125120,-71.25,1162,106,18:27:00,2012-07-27
449495,125125,-72.0,1162,106,18:27:01,2012-07-27
449505,125130,-72.0,1162,106,18:27:01,2012-07-27
449510,125130,-73.0,1162,106,18:27:02,2012-07-27
449515,125135,-75.0,1162,106,18:27:02,2012-07-27
449520,125135,-75.0,1162,106,18:27:02,2012-07-27
449525,125135,-75.0,1162,106,18:27:02,2012-07-27
449000,125140,-53.0,1162,106,14:46:23,2012-07-30
449530,125140,-75.0,1162,106,18:27:03,2012-07-27
449535,125140,-75.25,1162,106,18:27:03,2012-07-27
449540,125140,-76.0,1162,106,18:27:03,2012-07-27
449550,125145,-76.0,1162,106,18:27:04,2012-07-27
449560,125145,-76.0,1162,106,18:27:05,2012-07-27
449565,125145,-76.0,1162,106,18:27:05,2012-07-27
449570,125145,-76.0,1162,106,18:27:05,2012-07-27
449580,125150,-76.0,1162,106,18:27:06,2012-07-27
449585,125150,-76.0,1162,106,18:27:06,2012-07-27
449595,125150,-76.0,1162,106,18:27:06,2012-07-27
449605,125150,-76.0,1162,106,18:27:07,2012-07-27
449610,125150,-76.0,1162,106,18:27:07,2012-07-27
448970,125160,-53.0,1162,106,14:46:21,2012-07-30
448945,125180,-53.0,1162,106,14:46:21,2012-07-30
448930,125190,-53.0,1162,106,14:46:20,2012-07-30
448900,125210,-53.0,1162,106,14:46:19,2012-07-30
439205,125235,-66.0,1162,106,13:59:59,2012-07-30
439205,125250,-66.0,1162,106,14:00:00,2012-07-30
439205,125260,-66.0,1162,106,14:00:01,2012-07-30
439205,125280,-66.0,1162,106,14:00:02,2012-07-30
439210,125295,-66.800003,1162,106,14:00:03,2012-07-30
439210,125310,-70.0,1162,106,14:00:05,2012-07-30
439210,125320,-70.0,1162,106,14:00:06,2012-07-30
439215,125335,-69.75,1162,106,14:00:07,2012-07-30
439215,125350,-68.75,1162,106,14:00:08,2012-07-30
439215,125360,-68.0,1162,106,14:00:09,2012-07-30
439210,125370,-68.0,1162,106,14:00:10,2012-07-30
439210,125380,-67.666664,1162,106,14:00:11,2012-07-30
439205,125390,-67.0,1162,106,14:00:12,2012-07-30
439205,125400,-66.599998,1162,106,14:00:13,2012-07-30
439205,125410,-67.5,1162,106,14:00:14,2012-07-30
439205,125420,-69.36364,1162,106,14:00:15,2012-07-30
439205,125435,-69.666664,1162,106,14:00:17,2012-07-30
439205,125445,-69.400002,1162,106,14:00:18,2012-07-30
439205,125470,-71.333336,1162,106,14:00:20,2012-07-30
439205,125480,-70.5,1162,106,14:00:21,2012-07-30
439205,125495,-69.0,1162,106,14:00:23,2012-07-30
439205,125505,-69.5,1162,106,14:00:24,2012-07-30
439205,125515,-71.0,1162,106,14:00:25,2012-07-30
439210,125520,-71.0,1162,106,14:00:25,2012-07-30
439210,125525,-71.0,1162,106,14:00:26,2012-07-30
439215,125530,-71.0,1162,106,14:00:26,2012-07-30
439215,125535,-71.333336,1162,106,14:00:27,2012-07-30
439220,125540,-72.0,1162,106,14:00:27,2012-07-30
439220,125545,-72.0,1162,106,14:00:28,2012-07-30
439225,125550,-72.25,1162,106,14:00:28,2012-07-30
439225,125555,-73.0,1162,106,14:00:29,2012-07-30
439230,125560,-73.0,1162,106,14:00:29,2012-07-30
439230,125565,-73.25,1162,106,14:00:30,2012-07-30
439230,125570,-74.0,1162,106,14:00:30,2012-07-30
439230,125575,-73.75,1162,106,14:00:31,2012-07-30
439235,125585,-73.0,1162,106,14:00:32,2012-07-30
439235,125590,-72.599998,1162,106,14:00:32,2012-07-30
439240,125595,-71.0,1162,106,14:00:33,2012-07-30
439240,125600,-71.0,1162,106,14:00:33,2012-07-30
439240,125605,-71.0,1162,106,14:00:34,2012-07-30
439245,125605,-71.0,1162,106,14:00:34,2012-07-30
439245,125610,-71.0,1162,106,14:00:35,2012-07-30
439250,125620,-72.5,1162,106,14:00:35,2012-07-30
439255,125625,-74.5,1162,106,14:00:37,2012-07-30
439260,125640,-76.666664,1162,106,14:00:38,2012-07-30
439265,125650,-78.333336,1162,106,14:00:40,2012-07-30
439270,125660,-78.75,1162,106,14:00:41,2012-07-30
439270,125675,-77.333336,1162,106,14:00:42,2012-07-30
439270,125680,-76.0,1162,106,14:00:43,2012-07-30
439270,125685,-75.25,1162,106,14:00:44,2012-07-30
439265,125695,-73.0,1162,106,14:00:45,2012-07-30
439260,125705,-73.0,1162,106,14:00:46,2012-07-30
439260,125710,-73.0,1162,106,14:00:46,2012-07-30
439255,125715,-74.0,1162,106,14:00:48,2012-07-30
439250,125730,-75.25,1162,106,14:00:49,2012-07-30
439250,125740,-76.166664,1162,106,14:00:50,2012-07-30
439250,125755,-77.666664,1162,106,14:00:52,2012-07-30
439255,125760,-79.0,1162,106,14:00:53,2012-07-30
439260,125770,-79.400002,1162,106,14:00:54,2012-07-30
439270,125780,-80.0,1162,106,14:00:55,2012-07-30
