456125,123985,-93.0,525,110,18:28:39,2012-07-31
456125,123990,-91.5,525,110,18:28:39,2012-07-31
456125,123995,-91.0,525,110,18:28:38,2012-07-31
456130,124000,-91.0,525,110,18:28:38,2012-07-31
456130,124005,-91.0,525,110,18:28:38,2012-07-31
456130,124010,-90.5,525,110,18:28:37,2012-07-31
456135,124025,-90.0,525,110,18:28:36,2012-07-31
456145,124045,-90.0,525,110,18:28:34,2012-07-31
456150,124065,-90.0,525,110,18:28:33,2012-07-31
456155,124080,-91.333336,525,110,18:28:32,2012-07-31
456160,124090,-92.0,525,110,18:28:30,2012-07-31
456205,124175,-92.0,525,110,18:28:23,2012-07-31
456210,124185,-91.400002,525,110,18:28:22,2012-07-31
456215,124195,-90.0,525,110,18:28:20,2012-07-31
456220,124220,-89.0,525,110,18:28:19,2012-07-31
456225,124230,-88.333336,525,110,18:28:17,2012-07-31
456225,124255,-86.0,525,110,18:28:16,2012-07-31
456230,124265,-83.666664,525,110,18:28:15,2012-07-31
456235,124290,-83.0,525,110,18:28:13,2012-07-31
456235,124295,-81.666664,525,110,18:28:12,2012-07-31
456240,124305,-81.0,525,110,18:28:11,2012-07-31
456250,124320,-83.0,525,110,18:28:09,2012-07-31
456260,124335,-84.0,525,110,18:28:08,2012-07-31
456265,124340,-84.599998,525,110,18:28:07,2012-07-31
456270,124350,-85.0,525,110,18:28:06,2012-07-31
456275,124365,-85.0,525,110,18:28:05,2012-07-31
456285,124380,-86.428574,525,110,18:28:03,2012-07-31
456295,124395,-86.0,525,110,18:28:02,2012-07-31
456295,124400,-86.666664,525,110,18:28:02,2012-07-31
456300,124400,-87.0,525,110,18:28:02,2012-07-31
456300,124405,-87.0,525,110,18:28:01,2012-07-31
456300,124410,-87.0,525,110,18:28:01,2012-07-31
456305,124410,-83.25,525,110,18:28:01,2012-07-31
456315,124430,-82.0,525,110,18:27:59,2012-07-31
456320,124445,-82.0,525,110,18:27:58,2012-07-31
456325,124455,-82.0,525,110,18:27:57,2012-07-31
456330,124460,-82.0,525,110,18:27:56,2012-07-31
456335,124465,-82.0,525,110,18:27:56,2012-07-31
456335,124470,-82.0,525,110,18:27:56,2012-07-31
456340,124480,-82.0,525,110,18:27:55,2012-07-31
456355,124500,-82.571426,525,110,18:27:53,2012-07-31
456360,124515,-83.0,525,110,18:27:52,2012-07-31
456360,124530,-83.0,525,110,18:27:51,2012-07-31
456365,124540,-83.75,525,110,18:27:50,2012-07-31
456365,124555,-83.199997,525,110,18:27:49,2012-07-31
456365,124570,-80.75,525,110,18:27:48,2012-07-31
456365,124580,-80.0,525,110,18:27:47,2012-07-31
456365,124595,-79.199997,525,110,18:27:46,2012-07-31
456370,124610,-78.25,525,110,18:27:45,2012-07-31
456370,124620,-78.0,525,110,18:27:44,2012-07-31
456370,124635,-78.0,525,110,18:27:44,2012-07-31
456375,124655,-77.333336,525,110,18:27:42,2012-07-31
456375,124670,-77.75,525,110,18:27:41,2012-07-31
456375,124680,-78.0,525,110,18:27:40,2012-07-31
456380,124695,-78.85714,525,110,18:27:39,2012-07-31
456380,124710,-79.571426,525,110,18:27:37,2012-07-31
456125,123985,-93.0,525,110,18:28:39,2012-07-31
456125,123990,-91.5,525,110,18:28:39,2012-07-31
456125,123995,-91.0,525,110,18:28:38,2012-07-31
456130,124000,-91.0,525,110,18:28:38,2012-07-31
456130,124005,-91.0,525,110,18:28:38,2012-07-31
456130,124010,-90.5,525,110,18:28:37,2012-07-31
456135,124025,-90.0,525,110,18:28:36,2012-07-31
456145,124045,-90.0,525,110,18:28:34,2012-07-31
456150,124065,-90.0,525,110,18:28:33,2012-07-31
456155,124080,-91.333336,525,110,18:28:32,2012-07-31
456160,124090,-92.0,525,110,18:28:30,2012-07-31
456205,124175,-92.0,525,110,18:28:23,2012-07-31
456210,124185,-91.400002,525,110,18:28:22,2012-07-31
456215,124195,-90.0,525,110,18:28:20,2012-07-31
456220,124220,-89.0,525,110,18:28:19,2012-07-31
456225,124230,-88.333336,525,110,18:28:17,2012-07-31
456225,124255,-86.0,525,110,18:28:16,2012-07-31
456230,124265,-83.666664,525,110,18:28:15,2012-07-31
456235,124290,-83.0,525,110,18:28:13,2012-07-31
456235,124295,-81.666664,525,110,18:28:12,2012-07-31
456240,124305,-81.0,525,110,18:28:11,2012-07-31
456250,124320,-83.0,525,110,18:28:09,2012-07-31
456260,124335,-84.0,525,110,18:28:08,2012-07-31
456265,124340,-84.599998,525,110,18:28:07,2012-07-31
456270,124350,-85.0,525,110,18:28:06,2012-07-31
456275,124365,-85.0,525,110,18:28:05,2012-07-31
456285,124380,-86.428574,525,110,18:28:03,2012-07-31
456295,124395,-86.0,525,110,18:28:02,2012-07-31
456295,124400,-86.666664,525,110,18:28:02,2012-07-31
456300,124400,-87.0,525,110,18:28:02,2012-07-31
456300,124405,-87.0,525,110,18:28:01,2012-07-31
456300,124410,-87.0,525,110,18:28:01,2012-07-31
456305,124410,-83.25,525,110,18:28:01,2012-07-31
456315,124430,-82.0,525,110,18:27:59,2012-07-31
456320,124445,-82.0,525,110,18:27:58,2012-07-31
456325,124455,-82.0,525,110,18:27:57,2012-07-31
456330,124460,-82.0,525,110,18:27:56,2012-07-31
456335,124465,-82.0,525,110,18:27:56,2012-07-31
456335,124470,-82.0,525,110,18:27:56,2012-07-31
456340,124480,-82.0,525,110,18:27:55,2012-07-31
456355,124500,-82.571426,525,110,18:27:53,2012-07-31
456360,124515,-83.0,525,110,18:27:52,2012-07-31
456360,124530,-83.0,525,110,18:27:51,2012-07-31
456365,124540,-83.75,525,110,18:27:50,2012-07-31
456365,124555,-83.199997,525,110,18:27:49,2012-07-31
456365,124570,-80.75,525,110,18:27:48,2012-07-31
456365,124580,-80.0,525,110,18:27:47,2012-07-31
456365,124595,-79.199997,525,110,18:27:46,2012-07-31
456370,124610,-78.25,525,110,18:27:45,2012-07-31
456370,124620,-78.0,525,110,18:27:44,2012-07-31
456370,124635,-78.0,525,110,18:27:44,2012-07-31
456375,124655,-77.333336,525,110,18:27:42,2012-07-31
456375,124670,-77.75,525,110,18:27:41,2012-07-31
456375,124680,-78.0,525,110,18:27:40,2012-07-31
456380,124695,-78.85714,525,110,18:27:39,2012-07-31
456380,124710,-79.571426,525,110,18:27:37,2012-07-31
