449380,114800,-67.0,917,115,13:01:23,2012-08-01
449380,114805,-67.25,917,115,13:01:23,2012-08-01
449385,114820,-68.25,917,115,13:01:25,2012-08-01
449385,114825,-69.0,917,115,13:01:25,2012-08-01
449745,115020,-75.0,917,115,12:16:34,2012-07-31
449740,115035,-75.0,917,115,12:16:35,2012-07-31
449735,115045,-75.0,917,115,12:16:36,2012-07-31
449730,115055,-75.0,917,115,12:16:37,2012-07-31
449725,115065,-75.0,917,115,12:16:38,2012-07-31
449725,115070,-75.0,917,115,12:16:38,2012-07-31
449720,115080,-75.0,917,115,12:16:39,2012-07-31
449715,115085,-76.75,917,115,12:16:40,2012-07-31
449715,115095,-82.0,917,115,12:16:40,2012-07-31
449710,115100,-81.5,917,115,12:16:41,2012-07-31
449710,115105,-80.0,917,115,12:16:43,2012-07-31
449705,115110,-80.0,917,115,12:16:43,2012-07-31
449715,115125,-75.0,917,115,12:16:47,2012-07-31
449720,115130,-75.0,917,115,12:16:48,2012-07-31
449725,115135,-75.0,917,115,12:16:48,2012-07-31
449725,115140,-74.714287,917,115,12:16:49,2012-07-31
449720,115160,-74.0,917,115,12:16:51,2012-07-31
449720,115165,-74.0,917,115,12:16:52,2012-07-31
449715,115170,-73.400002,917,115,12:16:52,2012-07-31
449715,115180,-71.0,917,115,12:16:53,2012-07-31
449710,115185,-70.75,917,115,12:16:54,2012-07-31
449710,115190,-70.0,917,115,12:16:55,2012-07-31
449705,115200,-69.75,917,115,12:16:55,2012-07-31
449700,115210,-69.0,917,115,12:16:56,2012-07-31
449700,115220,-68.75,917,115,12:16:57,2012-07-31
449695,115225,-68.0,917,115,12:16:57,2012-07-31
449695,115235,-67.333336,917,115,12:16:58,2012-07-31
449685,115255,-66.666664,917,115,12:17:00,2012-07-31
449680,115265,-68.0,917,115,12:17:00,2012-07-31
449680,115275,-68.75,917,115,12:17:01,2012-07-31
449670,115295,-71.25,917,115,12:17:02,2012-07-31
449665,115300,-72.0,917,115,12:17:03,2012-07-31
449665,115310,-72.75,917,115,12:17:04,2012-07-31
449660,115315,-75.0,917,115,12:17:04,2012-07-31
449660,115325,-75.0,917,115,12:17:05,2012-07-31
449650,115340,-76.0,917,115,12:17:07,2012-07-31
449650,115350,-76.0,917,115,12:17:07,2012-07-31
449645,115360,-75.599998,917,115,12:17:08,2012-07-31
449645,115365,-75.0,917,115,12:17:09,2012-07-31
449640,115370,-75.0,917,115,12:17:09,2012-07-31
449645,115370,-75.0,917,115,12:17:09,2012-07-31
449640,115375,-75.0,917,115,12:17:10,2012-07-31
449640,115380,-75.0,917,115,12:17:10,2012-07-31
449635,115385,-75.0,917,115,12:17:11,2012-07-31
449640,115385,-75.0,917,115,12:17:10,2012-07-31
449635,115400,-75.0,917,115,12:17:12,2012-07-31
449625,115420,-75.0,917,115,12:17:13,2012-07-31
449620,115435,-75.0,917,115,12:17:15,2012-07-31
449615,115450,-75.0,917,115,12:17:16,2012-07-31
449610,115465,-75.0,917,115,12:17:18,2012-07-31
449600,115500,-76.0,917,115,12:17:20,2012-07-31
449595,115515,-76.0,917,115,12:17:21,2012-07-31
449595,115525,-76.0,917,115,12:17:22,2012-07-31
449590,115540,-76.0,917,115,12:17:24,2012-07-31
449585,115555,-76.0,917,115,12:17:25,2012-07-31
449585,115565,-76.0,917,115,12:17:26,2012-07-31
449580,115580,-76.0,917,115,12:17:27,2012-07-31
449575,115595,-74.75,917,115,12:17:28,2012-07-31
449570,115605,-71.0,917,115,12:17:29,2012-07-31
449565,115620,-71.666664,917,115,12:17:30,2012-07-31
449560,115635,-73.400002,917,115,12:17:31,2012-07-31
449560,115645,-75.0,917,115,12:17:32,2012-07-31
449555,115660,-75.25,917,115,12:17:33,2012-07-31
449555,115675,-76.666664,917,115,12:17:34,2012-07-31
449550,115690,-78.0,917,115,12:17:35,2012-07-31
449550,115705,-78.800003,917,115,12:17:36,2012-07-31
449550,115720,-80.0,917,115,12:17:37,2012-07-31
449540,115815,-79.0,917,115,12:17:44,2012-07-31
449540,115825,-79.0,917,115,12:17:46,2012-07-31
449540,115840,-79.0,917,115,12:17:46,2012-07-31
449535,115850,-79.0,917,115,12:17:47,2012-07-31
449230,116400,-79.0,917,115,12:18:41,2012-07-31
449230,116405,-79.0,917,115,12:18:41,2012-07-31
449225,116410,-79.25,917,115,12:18:42,2012-07-31
449220,116415,-80.0,917,115,12:18:43,2012-07-31
449220,116425,-80.0,917,115,12:18:43,2012-07-31
449210,116435,-80.333336,917,115,12:18:45,2012-07-31
449205,116440,-81.0,917,115,12:18:45,2012-07-31
449195,116445,-80.0,917,115,12:18:47,2012-07-31
449200,116445,-80.75,917,115,12:18:46,2012-07-31
449190,116450,-80.0,917,115,12:18:47,2012-07-31
449195,116450,-80.0,917,115,12:18:47,2012-07-31
449185,116455,-81.0,917,115,12:18:48,2012-07-31
449190,116455,-80.199997,917,115,12:18:47,2012-07-31
449180,116460,-81.0,917,115,12:18:48,2012-07-31
449185,116460,-81.0,917,115,12:18:48,2012-07-31
449180,116465,-81.0,917,115,12:18:49,2012-07-31
449170,116475,-81.0,917,115,12:18:50,2012-07-31
449160,116490,-81.0,917,115,12:18:51,2012-07-31
449155,116495,-81.0,917,115,12:18:52,2012-07-31
449150,116500,-81.0,917,115,12:18:53,2012-07-31
449140,116515,-81.0,917,115,12:18:54,2012-07-31
449130,116525,-80.666664,917,115,12:18:56,2012-07-31
449130,116530,-80.0,917,115,12:18:56,2012-07-31
449125,116535,-79.75,917,115,12:18:57,2012-07-31
449120,116540,-79.0,917,115,12:18:58,2012-07-31
449120,116545,-78.75,917,115,12:18:59,2012-07-31
449115,116560,-78.0,917,115,12:19:00,2012-07-31
449105,116570,-78.0,917,115,12:19:01,2012-07-31
449105,116575,-78.0,917,115,12:19:02,2012-07-31
449100,116585,-78.25,917,115,12:19:03,2012-07-31
449090,116595,-79.333336,917,115,12:19:04,2012-07-31
449085,116600,-80.0,917,115,12:19:06,2012-07-31
449075,116610,-79.666664,917,115,12:19:07,2012-07-31
449060,116620,-79.333336,917,115,12:19:08,2012-07-31
449050,116630,-80.0,917,115,12:19:10,2012-07-31
449040,116640,-79.714287,917,115,12:19:11,2012-07-31
449030,116645,-79.0,917,115,12:19:12,2012-07-31
449025,116655,-79.333336,917,115,12:19:13,2012-07-31
449015,116665,-80.0,917,115,12:19:14,2012-07-31
449010,116670,-79.666664,917,115,12:19:16,2012-07-31
449005,116685,-78.666664,917,115,12:19:17,2012-07-31
449000,116690,-78.0,917,115,12:19:17,2012-07-31
448995,116700,-78.714287,917,115,12:19:18,2012-07-31
448990,116710,-78.75,917,115,12:19:20,2012-07-31
448985,116720,-78.0,917,115,12:19:21,2012-07-31
448980,116730,-78.0,917,115,12:19:22,2012-07-31
448975,116740,-78.0,917,115,12:19:23,2012-07-31
448975,116745,-78.0,917,115,12:19:24,2012-07-31
448970,116755,-78.0,917,115,12:19:25,2012-07-31
448965,116770,-78.0,917,115,12:19:26,2012-07-31
448195,117485,-78.0,917,115,12:26:47,2012-07-31
448200,117490,-78.0,917,115,12:26:46,2012-07-31
448205,117495,-78.0,917,115,12:26:46,2012-07-31
448220,117545,-78.0,917,115,12:26:40,2012-07-31
448225,117555,-78.0,917,115,12:26:39,2012-07-31
448225,117565,-78.75,917,115,12:26:39,2012-07-31
448225,117575,-79.0,917,115,12:26:38,2012-07-31
448225,117580,-79.0,917,115,12:26:37,2012-07-31
448230,117590,-79.0,917,115,12:26:37,2012-07-31
448230,117595,-79.0,917,115,12:26:36,2012-07-31
448230,117600,-79.0,917,115,12:26:35,2012-07-31
448230,117610,-79.0,917,115,12:26:34,2012-07-31
448230,117615,-79.0,917,115,12:26:34,2012-07-31
448230,117620,-79.0,917,115,12:26:33,2012-07-31
448230,117635,-80.0,917,115,12:26:31,2012-07-31
448230,117645,-80.0,917,115,12:26:31,2012-07-31
448230,117655,-80.0,917,115,12:26:30,2012-07-31
447065,132400,-69.0,917,115,15:02:34,2012-07-31
447075,132400,-70.5,917,115,15:02:33,2012-07-31
447085,132400,-71.599998,917,115,15:02:32,2012-07-31
447060,132405,-68.333336,917,115,15:02:34,2012-07-31
447100,132405,-72.0,917,115,15:02:29,2012-07-31
447110,132410,-72.0,917,115,15:02:29,2012-07-31
447115,132410,-72.0,917,115,15:02:28,2012-07-31
447120,132410,-72.0,917,115,15:02:27,2012-07-31
447055,132415,-66.0,917,115,15:02:36,2012-07-31
447125,132415,-72.0,917,115,15:02:25,2012-07-31
447130,132415,-72.75,917,115,15:02:25,2012-07-31
447125,132420,-65.5,917,115,15:02:22,2012-07-31
447130,132420,-73.0,917,115,15:02:23,2012-07-31
447050,132425,-64.5,917,115,15:02:37,2012-07-31
447115,132425,-64.0,917,115,15:02:20,2012-07-31
447050,132430,-66.0,917,115,15:02:38,2012-07-31
447105,132430,-64.0,917,115,15:02:18,2012-07-31
447050,132435,-66.0,917,115,15:02:39,2012-07-31
447100,132435,-64.0,917,115,15:02:17,2012-07-31
445985,132445,-67.0,917,115,15:13:50,2012-07-31
445985,132455,-67.0,917,115,15:13:50,2012-07-31
447055,132455,-66.0,917,115,15:02:40,2012-07-31
445985,132460,-67.0,917,115,15:13:50,2012-07-31
445985,132465,-67.0,917,115,15:13:49,2012-07-31
445985,132470,-67.0,917,115,15:13:49,2012-07-31
447065,132470,-66.333336,917,115,15:02:41,2012-07-31
445985,132475,-67.0,917,115,15:13:49,2012-07-31
447070,132480,-66.666664,917,115,15:02:43,2012-07-31
445985,132485,-67.0,917,115,15:13:48,2012-07-31
447070,132500,-65.0,917,115,15:02:44,2012-07-31
445985,132510,-65.666664,917,115,15:13:47,2012-07-31
447065,132520,-63.333332,917,115,15:02:46,2012-07-31
445980,132525,-65.0,917,115,15:13:46,2012-07-31
447060,132535,-64.0,917,115,15:02:47,2012-07-31
445980,132540,-65.75,917,115,15:13:45,2012-07-31
447045,132545,-64.0,917,115,15:02:48,2012-07-31
447040,132550,-64.0,917,115,15:02:49,2012-07-31
447035,132555,-63.666668,917,115,15:02:50,2012-07-31
445980,132560,-66.666664,917,115,15:13:44,2012-07-31
447030,132560,-63.0,917,115,15:02:50,2012-07-31
447025,132565,-63.0,917,115,15:02:51,2012-07-31
447020,132570,-63.333332,917,115,15:02:51,2012-07-31
447015,132575,-64.0,917,115,15:02:52,2012-07-31
445975,132580,-65.5,917,115,15:13:42,2012-07-31
447010,132585,-63.333332,917,115,15:02:53,2012-07-31
445975,132590,-65.0,917,115,15:13:42,2012-07-31
447005,132590,-62.0,917,115,15:02:53,2012-07-31
445975,132595,-65.0,917,115,15:13:42,2012-07-31
447005,132595,-62.0,917,115,15:02:54,2012-07-31
445970,132605,-65.0,917,115,15:13:41,2012-07-31
445970,132610,-65.666664,917,115,15:13:41,2012-07-31
446995,132610,-61.666668,917,115,15:02:56,2012-07-31
445970,132620,-66.0,917,115,15:13:40,2012-07-31
446985,132625,-60.75,917,115,15:02:57,2012-07-31
446985,132630,-60.0,917,115,15:02:58,2012-07-31
445970,132635,-67.333336,917,115,15:13:40,2012-07-31
446985,132635,-60.0,917,115,15:02:58,2012-07-31
446980,132640,-59.142857,917,115,15:02:58,2012-07-31
446975,132645,-58.0,917,115,15:02:59,2012-07-31
445965,132650,-68.0,917,115,15:13:39,2012-07-31
446975,132655,-57.200001,917,115,15:03:00,2012-07-31
445965,132660,-67.25,917,115,15:13:38,2012-07-31
445965,132670,-67.0,917,115,15:13:37,2012-07-31
446970,132675,-55.666668,917,115,15:03:01,2012-07-31
445965,132680,-66.333336,917,115,15:13:37,2012-07-31
446965,132680,-55.0,917,115,15:03:02,2012-07-31
446965,132690,-55.0,917,115,15:03:03,2012-07-31
446960,132705,-55.666668,917,115,15:03:04,2012-07-31
446960,132710,-57.0,917,115,15:03:05,2012-07-31
445965,132715,-66.0,917,115,15:13:35,2012-07-31
446955,132715,-58.0,917,115,15:03:05,2012-07-31
446955,132720,-57.0,917,115,15:03:05,2012-07-31
445965,132735,-65.599998,917,115,15:13:34,2012-07-31
446950,132735,-60.0,917,115,15:03:07,2012-07-31
446950,132740,-62.0,917,115,15:03:07,2012-07-31
446945,132745,-62.0,917,115,15:03:08,2012-07-31
445960,132750,-66.199997,917,115,15:13:33,2012-07-31
446945,132750,-62.666668,917,115,15:03:08,2012-07-31
446940,132760,-64.5,917,115,15:03:10,2012-07-31
446935,132770,-66.0,917,115,15:03:10,2012-07-31
445955,132785,-67.0,917,115,15:13:30,2012-07-31
446920,132790,-65.333336,917,115,15:03:12,2012-07-31
445955,132800,-66.300003,917,115,15:13:29,2012-07-31
446910,132805,-63.666668,917,115,15:03:14,2012-07-31
445950,132815,-66.800003,917,115,15:13:28,2012-07-31
446895,132820,-62.666668,917,115,15:03:15,2012-07-31
445945,132830,-70.0,917,115,15:13:28,2012-07-31
446875,132835,-61.333332,917,115,15:03:17,2012-07-31
446860,132840,-59.666668,917,115,15:03:18,2012-07-31
445940,132845,-68.5,917,115,15:13:27,2012-07-31
446850,132845,-60.0,917,115,15:03:20,2012-07-31
446840,132855,-62.200001,917,115,15:03:20,2012-07-31
445935,132860,-64.333336,917,115,15:13:25,2012-07-31
446825,132860,-63.333332,917,115,15:03:22,2012-07-31
446800,132875,-64.666664,917,115,15:03:24,2012-07-31
446790,132880,-66.0,917,115,15:03:25,2012-07-31
445930,132885,-63.0,917,115,15:13:24,2012-07-31
446780,132885,-66.0,917,115,15:03:27,2012-07-31
446770,132890,-66.0,917,115,15:03:28,2012-07-31
446760,132895,-66.285713,917,115,15:03:28,2012-07-31
445930,132900,-63.0,917,115,15:13:23,2012-07-31
446750,132900,-67.166664,917,115,15:03:29,2012-07-31
446730,132905,-70.400002,917,115,15:03:31,2012-07-31
446740,132905,-68.0,917,115,15:03:30,2012-07-31
446705,132910,-73.666664,917,115,15:03:34,2012-07-31
446715,132910,-72.5,917,115,15:03:32,2012-07-31
446685,132920,-73.666664,917,115,15:03:35,2012-07-31
445930,132925,-60.75,917,115,15:13:21,2012-07-31
446670,132925,-74.666664,917,115,15:03:36,2012-07-31
446655,132935,-73.333336,917,115,15:03:38,2012-07-31
445930,132940,-62.0,917,115,15:13:20,2012-07-31
446640,132950,-71.666664,917,115,15:03:39,2012-07-31
445930,132955,-64.0,917,115,15:13:18,2012-07-31
446630,132960,-71.333336,917,115,15:03:41,2012-07-31
446615,132965,-72.0,917,115,15:03:42,2012-07-31
446600,132970,-73.0,917,115,15:03:44,2012-07-31
446585,132975,-75.333336,917,115,15:03:45,2012-07-31
445935,132985,-63.333332,917,115,15:13:17,2012-07-31
446570,132985,-75.5,917,115,15:03:46,2012-07-31
445935,132990,-62.333332,917,115,15:13:15,2012-07-31
446565,132990,-74.0,917,115,15:03:47,2012-07-31
446560,132995,-74.5,917,115,15:03:48,2012-07-31
445935,133000,-62.0,917,115,15:13:14,2012-07-31
446550,133010,-75.0,917,115,15:03:49,2012-07-31
445940,133015,-61.25,917,115,15:13:14,2012-07-31
446545,133020,-73.800003,917,115,15:03:51,2012-07-31
445940,133025,-60.0,917,115,15:13:13,2012-07-31
446540,133030,-71.333336,917,115,15:03:52,2012-07-31
445935,133040,-59.0,917,115,15:13:12,2012-07-31
446535,133040,-71.0,917,115,15:03:53,2012-07-31
445935,133050,-59.75,917,115,15:13:11,2012-07-31
446535,133050,-72.0,917,115,15:03:55,2012-07-31
445935,133055,-59.25,917,115,15:13:10,2012-07-31
445935,133065,-59.0,917,115,15:13:09,2012-07-31
446530,133065,-71.0,917,115,15:03:55,2012-07-31
445935,133075,-59.75,917,115,15:13:08,2012-07-31
446525,133075,-68.714287,917,115,15:03:56,2012-07-31
445935,133085,-60.0,917,115,15:13:08,2012-07-31
446520,133085,-67.0,917,115,15:03:57,2012-07-31
445935,133090,-60.0,917,115,15:13:07,2012-07-31
445935,133100,-60.0,917,115,15:13:06,2012-07-31
446515,133100,-66.400002,917,115,15:03:59,2012-07-31
445935,133110,-60.666668,917,115,15:13:06,2012-07-31
446510,133110,-64.0,917,115,15:04:00,2012-07-31
445935,133120,-61.0,917,115,15:13:04,2012-07-31
446505,133120,-62.5,917,115,15:04:01,2012-07-31
446505,133130,-61.666668,917,115,15:04:02,2012-07-31
445935,133140,-61.0,917,115,15:13:03,2012-07-31
445935,133150,-61.0,917,115,15:13:02,2012-07-31
446500,133150,-63.0,917,115,15:04:03,2012-07-31
445940,133155,-60.25,917,115,15:13:01,2012-07-31
446495,133160,-63.75,917,115,15:04:05,2012-07-31
446495,133165,-66.0,917,115,15:04:05,2012-07-31
445940,133170,-60.0,917,115,15:13:00,2012-07-31
445940,133175,-60.0,917,115,15:13:00,2012-07-31
445940,133180,-60.0,917,115,15:13:00,2012-07-31
446495,133180,-66.333336,917,115,15:04:06,2012-07-31
446495,133185,-68.0,917,115,15:04:08,2012-07-31
445940,133190,-60.0,917,115,15:12:59,2012-07-31
445940,133195,-58.333332,917,115,15:12:58,2012-07-31
445940,133200,-58.0,917,115,15:12:58,2012-07-31
445945,133205,-59.333332,917,115,15:12:57,2012-07-31
446500,133205,-69.0,917,115,15:04:09,2012-07-31
446505,133215,-69.0,917,115,15:04:10,2012-07-31
446505,133225,-68.333336,917,115,15:04:12,2012-07-31
446510,133230,-67.0,917,115,15:04:13,2012-07-31
445945,133240,-60.75,917,115,15:12:56,2012-07-31
446510,133240,-66.5,917,115,15:04:13,2012-07-31
445950,133245,-62.5,917,115,15:12:54,2012-07-31
446505,133260,-65.333336,917,115,15:04:15,2012-07-31
446505,133270,-65.666664,917,115,15:04:16,2012-07-31
445950,133275,-63.666668,917,115,15:12:53,2012-07-31
445955,133285,-65.199997,917,115,15:12:52,2012-07-31
446505,133290,-65.333336,917,115,15:04:17,2012-07-31
445955,133295,-66.0,917,115,15:12:51,2012-07-31
446500,133300,-65.0,917,115,15:04:19,2012-07-31
445955,133305,-66.75,917,115,15:12:50,2012-07-31
446500,133315,-62.333332,917,115,15:04:20,2012-07-31
445955,133320,-68.0,917,115,15:12:49,2012-07-31
446495,133330,-60.333332,917,115,15:04:22,2012-07-31
446490,133345,-58.666668,917,115,15:04:23,2012-07-31
445960,133350,-68.199997,917,115,15:12:47,2012-07-31
445960,133355,-64.666664,917,115,15:12:46,2012-07-31
446485,133360,-57.25,917,115,15:04:25,2012-07-31
445965,133370,-61.0,917,115,15:12:44,2012-07-31
446485,133375,-55.333332,917,115,15:04:26,2012-07-31
445965,133380,-60.0,917,115,15:12:43,2012-07-31
446485,133390,-56.666668,917,115,15:04:27,2012-07-31
445965,133395,-57.75,917,115,15:12:43,2012-07-31
446485,133395,-58.0,917,115,15:04:28,2012-07-31
446485,133400,-58.0,917,115,15:04:28,2012-07-31
445970,133405,-56.0,917,115,15:12:42,2012-07-31
446480,133405,-58.0,917,115,15:04:28,2012-07-31
446480,133410,-58.0,917,115,15:04:29,2012-07-31
445970,133425,-54.333332,917,115,15:12:40,2012-07-31
446480,133425,-57.200001,917,115,15:04:30,2012-07-31
445975,133435,-54.0,917,115,15:12:40,2012-07-31
446480,133435,-56.0,917,115,15:04:31,2012-07-31
446475,133445,-56.0,917,115,15:04:32,2012-07-31
445975,133450,-54.799999,917,115,15:12:39,2012-07-31
446475,133450,-56.0,917,115,15:04:32,2012-07-31
445980,133460,-55.666668,917,115,15:12:37,2012-07-31
446475,133460,-56.0,917,115,15:04:33,2012-07-31
446475,133475,-56.0,917,115,15:04:34,2012-07-31
445985,133480,-56.0,917,115,15:12:36,2012-07-31
446475,133485,-56.0,917,115,15:04:35,2012-07-31
446475,133490,-56.0,917,115,15:04:36,2012-07-31
445985,133495,-56.0,917,115,15:12:35,2012-07-31
446475,133495,-56.333332,917,115,15:04:37,2012-07-31
445990,133520,-55.333332,917,115,15:12:33,2012-07-31
446475,133520,-57.0,917,115,15:04:38,2012-07-31
446480,133525,-57.75,917,115,15:04:39,2012-07-31
445995,133535,-56.333332,917,115,15:12:32,2012-07-31
446480,133540,-62.142857,917,115,15:04:40,2012-07-31
446000,133545,-57.0,917,115,15:12:30,2012-07-31
446000,133560,-57.0,917,115,15:12:30,2012-07-31
446480,133565,-63.0,917,115,15:04:42,2012-07-31
446475,133570,-62.333332,917,115,15:04:43,2012-07-31
446005,133575,-57.0,917,115,15:12:29,2012-07-31
446010,133590,-57.0,917,115,15:12:28,2012-07-31
446465,133590,-60.0,917,115,15:04:44,2012-07-31
446010,133600,-57.0,917,115,15:12:27,2012-07-31
446455,133600,-58.666668,917,115,15:04:46,2012-07-31
446455,133605,-58.0,917,115,15:04:46,2012-07-31
446015,133615,-57.0,917,115,15:12:26,2012-07-31
446020,133630,-57.0,917,115,15:12:25,2012-07-31
446040,133685,-56.555557,917,115,15:06:42,2012-07-31
446045,133685,-55.200001,917,115,15:06:41,2012-07-31
446035,133690,-57.333332,917,115,15:06:46,2012-07-31
446050,133690,-53.75,917,115,15:06:39,2012-07-31
446055,133695,-51.666668,917,115,15:06:37,2012-07-31
446030,133700,-59.0,917,115,15:06:47,2012-07-31
446060,133700,-49.799999,917,115,15:06:36,2012-07-31
446030,133705,-61.0,917,115,15:06:49,2012-07-31
446030,133710,-60.57143,917,115,15:06:50,2012-07-31
446065,133720,-49.0,917,115,15:06:34,2012-07-31
446070,133730,-49.0,917,115,15:06:33,2012-07-31
446070,133735,-49.0,917,115,15:06:32,2012-07-31
446075,133745,-49.0,917,115,15:06:31,2012-07-31
446080,133755,-49.0,917,115,15:06:29,2012-07-31
446080,133770,-49.0,917,115,15:06:29,2012-07-31
449380,114800,-67.0,917,115,13:01:23,2012-08-01
449380,114805,-67.25,917,115,13:01:23,2012-08-01
449385,114820,-68.25,917,115,13:01:25,2012-08-01
449385,114825,-69.0,917,115,13:01:25,2012-08-01
449745,115020,-75.0,917,115,12:16:34,2012-07-31
449740,115035,-75.0,917,115,12:16:35,2012-07-31
449735,115045,-75.0,917,115,12:16:36,2012-07-31
449730,115055,-75.0,917,115,12:16:37,2012-07-31
449725,115065,-75.0,917,115,12:16:38,2012-07-31
449725,115070,-75.0,917,115,12:16:38,2012-07-31
449720,115080,-75.0,917,115,12:16:39,2012-07-31
449715,115085,-76.75,917,115,12:16:40,2012-07-31
449715,115095,-82.0,917,115,12:16:40,2012-07-31
449710,115100,-81.5,917,115,12:16:41,2012-07-31
449710,115105,-80.0,917,115,12:16:43,2012-07-31
449705,115110,-80.0,917,115,12:16:43,2012-07-31
449715,115125,-75.0,917,115,12:16:47,2012-07-31
449720,115130,-75.0,917,115,12:16:48,2012-07-31
449725,115135,-75.0,917,115,12:16:48,2012-07-31
449725,115140,-74.714287,917,115,12:16:49,2012-07-31
449720,115160,-74.0,917,115,12:16:51,2012-07-31
449720,115165,-74.0,917,115,12:16:52,2012-07-31
449715,115170,-73.400002,917,115,12:16:52,2012-07-31
449715,115180,-71.0,917,115,12:16:53,2012-07-31
449710,115185,-70.75,917,115,12:16:54,2012-07-31
449710,115190,-70.0,917,115,12:16:55,2012-07-31
449705,115200,-69.75,917,115,12:16:55,2012-07-31
449700,115210,-69.0,917,115,12:16:56,2012-07-31
449700,115220,-68.75,917,115,12:16:57,2012-07-31
449695,115225,-68.0,917,115,12:16:57,2012-07-31
449695,115235,-67.333336,917,115,12:16:58,2012-07-31
449685,115255,-66.666664,917,115,12:17:00,2012-07-31
449680,115265,-68.0,917,115,12:17:00,2012-07-31
449680,115275,-68.75,917,115,12:17:01,2012-07-31
449670,115295,-71.25,917,115,12:17:02,2012-07-31
449665,115300,-72.0,917,115,12:17:03,2012-07-31
449665,115310,-72.75,917,115,12:17:04,2012-07-31
449660,115315,-75.0,917,115,12:17:04,2012-07-31
449660,115325,-75.0,917,115,12:17:05,2012-07-31
449650,115340,-76.0,917,115,12:17:07,2012-07-31
449650,115350,-76.0,917,115,12:17:07,2012-07-31
449645,115360,-75.599998,917,115,12:17:08,2012-07-31
449645,115365,-75.0,917,115,12:17:09,2012-07-31
449640,115370,-75.0,917,115,12:17:09,2012-07-31
449645,115370,-75.0,917,115,12:17:09,2012-07-31
449640,115375,-75.0,917,115,12:17:10,2012-07-31
449640,115380,-75.0,917,115,12:17:10,2012-07-31
449635,115385,-75.0,917,115,12:17:11,2012-07-31
449640,115385,-75.0,917,115,12:17:10,2012-07-31
449635,115400,-75.0,917,115,12:17:12,2012-07-31
449625,115420,-75.0,917,115,12:17:13,2012-07-31
449620,115435,-75.0,917,115,12:17:15,2012-07-31
449615,115450,-75.0,917,115,12:17:16,2012-07-31
449610,115465,-75.0,917,115,12:17:18,2012-07-31
449600,115500,-76.0,917,115,12:17:20,2012-07-31
449595,115515,-76.0,917,115,12:17:21,2012-07-31
449595,115525,-76.0,917,115,12:17:22,2012-07-31
449590,115540,-76.0,917,115,12:17:24,2012-07-31
449585,115555,-76.0,917,115,12:17:25,2012-07-31
449585,115565,-76.0,917,115,12:17:26,2012-07-31
449580,115580,-76.0,917,115,12:17:27,2012-07-31
449575,115595,-74.75,917,115,12:17:28,2012-07-31
449570,115605,-71.0,917,115,12:17:29,2012-07-31
449565,115620,-71.666664,917,115,12:17:30,2012-07-31
449560,115635,-73.400002,917,115,12:17:31,2012-07-31
449560,115645,-75.0,917,115,12:17:32,2012-07-31
449555,115660,-75.25,917,115,12:17:33,2012-07-31
449555,115675,-76.666664,917,115,12:17:34,2012-07-31
449550,115690,-78.0,917,115,12:17:35,2012-07-31
449550,115705,-78.800003,917,115,12:17:36,2012-07-31
449550,115720,-80.0,917,115,12:17:37,2012-07-31
449540,115815,-79.0,917,115,12:17:44,2012-07-31
449540,115825,-79.0,917,115,12:17:46,2012-07-31
449540,115840,-79.0,917,115,12:17:46,2012-07-31
449535,115850,-79.0,917,115,12:17:47,2012-07-31
449230,116400,-79.0,917,115,12:18:41,2012-07-31
449230,116405,-79.0,917,115,12:18:41,2012-07-31
449225,116410,-79.25,917,115,12:18:42,2012-07-31
449220,116415,-80.0,917,115,12:18:43,2012-07-31
449220,116425,-80.0,917,115,12:18:43,2012-07-31
449210,116435,-80.333336,917,115,12:18:45,2012-07-31
449205,116440,-81.0,917,115,12:18:45,2012-07-31
449195,116445,-80.0,917,115,12:18:47,2012-07-31
449200,116445,-80.75,917,115,12:18:46,2012-07-31
449190,116450,-80.0,917,115,12:18:47,2012-07-31
449195,116450,-80.0,917,115,12:18:47,2012-07-31
449185,116455,-81.0,917,115,12:18:48,2012-07-31
449190,116455,-80.199997,917,115,12:18:47,2012-07-31
449180,116460,-81.0,917,115,12:18:48,2012-07-31
449185,116460,-81.0,917,115,12:18:48,2012-07-31
449180,116465,-81.0,917,115,12:18:49,2012-07-31
449170,116475,-81.0,917,115,12:18:50,2012-07-31
449160,116490,-81.0,917,115,12:18:51,2012-07-31
449155,116495,-81.0,917,115,12:18:52,2012-07-31
449150,116500,-81.0,917,115,12:18:53,2012-07-31
449140,116515,-81.0,917,115,12:18:54,2012-07-31
449130,116525,-80.666664,917,115,12:18:56,2012-07-31
449130,116530,-80.0,917,115,12:18:56,2012-07-31
449125,116535,-79.75,917,115,12:18:57,2012-07-31
449120,116540,-79.0,917,115,12:18:58,2012-07-31
449120,116545,-78.75,917,115,12:18:59,2012-07-31
449115,116560,-78.0,917,115,12:19:00,2012-07-31
449105,116570,-78.0,917,115,12:19:01,2012-07-31
449105,116575,-78.0,917,115,12:19:02,2012-07-31
449100,116585,-78.25,917,115,12:19:03,2012-07-31
449090,116595,-79.333336,917,115,12:19:04,2012-07-31
449085,116600,-80.0,917,115,12:19:06,2012-07-31
449075,116610,-79.666664,917,115,12:19:07,2012-07-31
449060,116620,-79.333336,917,115,12:19:08,2012-07-31
449050,116630,-80.0,917,115,12:19:10,2012-07-31
449040,116640,-79.714287,917,115,12:19:11,2012-07-31
449030,116645,-79.0,917,115,12:19:12,2012-07-31
449025,116655,-79.333336,917,115,12:19:13,2012-07-31
449015,116665,-80.0,917,115,12:19:14,2012-07-31
449010,116670,-79.666664,917,115,12:19:16,2012-07-31
449005,116685,-78.666664,917,115,12:19:17,2012-07-31
449000,116690,-78.0,917,115,12:19:17,2012-07-31
448995,116700,-78.714287,917,115,12:19:18,2012-07-31
448990,116710,-78.75,917,115,12:19:20,2012-07-31
448985,116720,-78.0,917,115,12:19:21,2012-07-31
448980,116730,-78.0,917,115,12:19:22,2012-07-31
448975,116740,-78.0,917,115,12:19:23,2012-07-31
448975,116745,-78.0,917,115,12:19:24,2012-07-31
448970,116755,-78.0,917,115,12:19:25,2012-07-31
448965,116770,-78.0,917,115,12:19:26,2012-07-31
448195,117485,-78.0,917,115,12:26:47,2012-07-31
448200,117490,-78.0,917,115,12:26:46,2012-07-31
448205,117495,-78.0,917,115,12:26:46,2012-07-31
448220,117545,-78.0,917,115,12:26:40,2012-07-31
448225,117555,-78.0,917,115,12:26:39,2012-07-31
448225,117565,-78.75,917,115,12:26:39,2012-07-31
448225,117575,-79.0,917,115,12:26:38,2012-07-31
448225,117580,-79.0,917,115,12:26:37,2012-07-31
448230,117590,-79.0,917,115,12:26:37,2012-07-31
448230,117595,-79.0,917,115,12:26:36,2012-07-31
448230,117600,-79.0,917,115,12:26:35,2012-07-31
448230,117610,-79.0,917,115,12:26:34,2012-07-31
448230,117615,-79.0,917,115,12:26:34,2012-07-31
448230,117620,-79.0,917,115,12:26:33,2012-07-31
448230,117635,-80.0,917,115,12:26:31,2012-07-31
448230,117645,-80.0,917,115,12:26:31,2012-07-31
448230,117655,-80.0,917,115,12:26:30,2012-07-31
447065,132400,-69.0,917,115,15:02:34,2012-07-31
447075,132400,-70.5,917,115,15:02:33,2012-07-31
447085,132400,-71.599998,917,115,15:02:32,2012-07-31
447060,132405,-68.333336,917,115,15:02:34,2012-07-31
447100,132405,-72.0,917,115,15:02:29,2012-07-31
447110,132410,-72.0,917,115,15:02:29,2012-07-31
447115,132410,-72.0,917,115,15:02:28,2012-07-31
447120,132410,-72.0,917,115,15:02:27,2012-07-31
447055,132415,-66.0,917,115,15:02:36,2012-07-31
447125,132415,-72.0,917,115,15:02:25,2012-07-31
447130,132415,-72.75,917,115,15:02:25,2012-07-31
447125,132420,-65.5,917,115,15:02:22,2012-07-31
447130,132420,-73.0,917,115,15:02:23,2012-07-31
447050,132425,-64.5,917,115,15:02:37,2012-07-31
447115,132425,-64.0,917,115,15:02:20,2012-07-31
447050,132430,-66.0,917,115,15:02:38,2012-07-31
447105,132430,-64.0,917,115,15:02:18,2012-07-31
447050,132435,-66.0,917,115,15:02:39,2012-07-31
447100,132435,-64.0,917,115,15:02:17,2012-07-31
445985,132445,-67.0,917,115,15:13:50,2012-07-31
445985,132455,-67.0,917,115,15:13:50,2012-07-31
447055,132455,-66.0,917,115,15:02:40,2012-07-31
445985,132460,-67.0,917,115,15:13:50,2012-07-31
445985,132465,-67.0,917,115,15:13:49,2012-07-31
445985,132470,-67.0,917,115,15:13:49,2012-07-31
447065,132470,-66.333336,917,115,15:02:41,2012-07-31
445985,132475,-67.0,917,115,15:13:49,2012-07-31
447070,132480,-66.666664,917,115,15:02:43,2012-07-31
445985,132485,-67.0,917,115,15:13:48,2012-07-31
447070,132500,-65.0,917,115,15:02:44,2012-07-31
445985,132510,-65.666664,917,115,15:13:47,2012-07-31
447065,132520,-63.333332,917,115,15:02:46,2012-07-31
445980,132525,-65.0,917,115,15:13:46,2012-07-31
447060,132535,-64.0,917,115,15:02:47,2012-07-31
445980,132540,-65.75,917,115,15:13:45,2012-07-31
447045,132545,-64.0,917,115,15:02:48,2012-07-31
447040,132550,-64.0,917,115,15:02:49,2012-07-31
447035,132555,-63.666668,917,115,15:02:50,2012-07-31
445980,132560,-66.666664,917,115,15:13:44,2012-07-31
447030,132560,-63.0,917,115,15:02:50,2012-07-31
447025,132565,-63.0,917,115,15:02:51,2012-07-31
447020,132570,-63.333332,917,115,15:02:51,2012-07-31
447015,132575,-64.0,917,115,15:02:52,2012-07-31
445975,132580,-65.5,917,115,15:13:42,2012-07-31
447010,132585,-63.333332,917,115,15:02:53,2012-07-31
445975,132590,-65.0,917,115,15:13:42,2012-07-31
447005,132590,-62.0,917,115,15:02:53,2012-07-31
445975,132595,-65.0,917,115,15:13:42,2012-07-31
447005,132595,-62.0,917,115,15:02:54,2012-07-31
445970,132605,-65.0,917,115,15:13:41,2012-07-31
445970,132610,-65.666664,917,115,15:13:41,2012-07-31
446995,132610,-61.666668,917,115,15:02:56,2012-07-31
445970,132620,-66.0,917,115,15:13:40,2012-07-31
446985,132625,-60.75,917,115,15:02:57,2012-07-31
446985,132630,-60.0,917,115,15:02:58,2012-07-31
445970,132635,-67.333336,917,115,15:13:40,2012-07-31
446985,132635,-60.0,917,115,15:02:58,2012-07-31
446980,132640,-59.142857,917,115,15:02:58,2012-07-31
446975,132645,-58.0,917,115,15:02:59,2012-07-31
445965,132650,-68.0,917,115,15:13:39,2012-07-31
446975,132655,-57.200001,917,115,15:03:00,2012-07-31
445965,132660,-67.25,917,115,15:13:38,2012-07-31
445965,132670,-67.0,917,115,15:13:37,2012-07-31
446970,132675,-55.666668,917,115,15:03:01,2012-07-31
445965,132680,-66.333336,917,115,15:13:37,2012-07-31
446965,132680,-55.0,917,115,15:03:02,2012-07-31
446965,132690,-55.0,917,115,15:03:03,2012-07-31
446960,132705,-55.666668,917,115,15:03:04,2012-07-31
446960,132710,-57.0,917,115,15:03:05,2012-07-31
445965,132715,-66.0,917,115,15:13:35,2012-07-31
446955,132715,-58.0,917,115,15:03:05,2012-07-31
446955,132720,-57.0,917,115,15:03:05,2012-07-31
445965,132735,-65.599998,917,115,15:13:34,2012-07-31
446950,132735,-60.0,917,115,15:03:07,2012-07-31
446950,132740,-62.0,917,115,15:03:07,2012-07-31
446945,132745,-62.0,917,115,15:03:08,2012-07-31
445960,132750,-66.199997,917,115,15:13:33,2012-07-31
446945,132750,-62.666668,917,115,15:03:08,2012-07-31
446940,132760,-64.5,917,115,15:03:10,2012-07-31
446935,132770,-66.0,917,115,15:03:10,2012-07-31
445955,132785,-67.0,917,115,15:13:30,2012-07-31
446920,132790,-65.333336,917,115,15:03:12,2012-07-31
445955,132800,-66.300003,917,115,15:13:29,2012-07-31
446910,132805,-63.666668,917,115,15:03:14,2012-07-31
445950,132815,-66.800003,917,115,15:13:28,2012-07-31
446895,132820,-62.666668,917,115,15:03:15,2012-07-31
445945,132830,-70.0,917,115,15:13:28,2012-07-31
446875,132835,-61.333332,917,115,15:03:17,2012-07-31
446860,132840,-59.666668,917,115,15:03:18,2012-07-31
445940,132845,-68.5,917,115,15:13:27,2012-07-31
446850,132845,-60.0,917,115,15:03:20,2012-07-31
446840,132855,-62.200001,917,115,15:03:20,2012-07-31
445935,132860,-64.333336,917,115,15:13:25,2012-07-31
446825,132860,-63.333332,917,115,15:03:22,2012-07-31
446800,132875,-64.666664,917,115,15:03:24,2012-07-31
446790,132880,-66.0,917,115,15:03:25,2012-07-31
445930,132885,-63.0,917,115,15:13:24,2012-07-31
446780,132885,-66.0,917,115,15:03:27,2012-07-31
446770,132890,-66.0,917,115,15:03:28,2012-07-31
446760,132895,-66.285713,917,115,15:03:28,2012-07-31
445930,132900,-63.0,917,115,15:13:23,2012-07-31
446750,132900,-67.166664,917,115,15:03:29,2012-07-31
446730,132905,-70.400002,917,115,15:03:31,2012-07-31
446740,132905,-68.0,917,115,15:03:30,2012-07-31
446705,132910,-73.666664,917,115,15:03:34,2012-07-31
446715,132910,-72.5,917,115,15:03:32,2012-07-31
446685,132920,-73.666664,917,115,15:03:35,2012-07-31
445930,132925,-60.75,917,115,15:13:21,2012-07-31
446670,132925,-74.666664,917,115,15:03:36,2012-07-31
446655,132935,-73.333336,917,115,15:03:38,2012-07-31
445930,132940,-62.0,917,115,15:13:20,2012-07-31
446640,132950,-71.666664,917,115,15:03:39,2012-07-31
445930,132955,-64.0,917,115,15:13:18,2012-07-31
446630,132960,-71.333336,917,115,15:03:41,2012-07-31
446615,132965,-72.0,917,115,15:03:42,2012-07-31
446600,132970,-73.0,917,115,15:03:44,2012-07-31
446585,132975,-75.333336,917,115,15:03:45,2012-07-31
445935,132985,-63.333332,917,115,15:13:17,2012-07-31
446570,132985,-75.5,917,115,15:03:46,2012-07-31
445935,132990,-62.333332,917,115,15:13:15,2012-07-31
446565,132990,-74.0,917,115,15:03:47,2012-07-31
446560,132995,-74.5,917,115,15:03:48,2012-07-31
445935,133000,-62.0,917,115,15:13:14,2012-07-31
446550,133010,-75.0,917,115,15:03:49,2012-07-31
445940,133015,-61.25,917,115,15:13:14,2012-07-31
446545,133020,-73.800003,917,115,15:03:51,2012-07-31
445940,133025,-60.0,917,115,15:13:13,2012-07-31
446540,133030,-71.333336,917,115,15:03:52,2012-07-31
445935,133040,-59.0,917,115,15:13:12,2012-07-31
446535,133040,-71.0,917,115,15:03:53,2012-07-31
445935,133050,-59.75,917,115,15:13:11,2012-07-31
446535,133050,-72.0,917,115,15:03:55,2012-07-31
445935,133055,-59.25,917,115,15:13:10,2012-07-31
445935,133065,-59.0,917,115,15:13:09,2012-07-31
446530,133065,-71.0,917,115,15:03:55,2012-07-31
445935,133075,-59.75,917,115,15:13:08,2012-07-31
446525,133075,-68.714287,917,115,15:03:56,2012-07-31
445935,133085,-60.0,917,115,15:13:08,2012-07-31
446520,133085,-67.0,917,115,15:03:57,2012-07-31
445935,133090,-60.0,917,115,15:13:07,2012-07-31
445935,133100,-60.0,917,115,15:13:06,2012-07-31
446515,133100,-66.400002,917,115,15:03:59,2012-07-31
445935,133110,-60.666668,917,115,15:13:06,2012-07-31
446510,133110,-64.0,917,115,15:04:00,2012-07-31
445935,133120,-61.0,917,115,15:13:04,2012-07-31
446505,133120,-62.5,917,115,15:04:01,2012-07-31
446505,133130,-61.666668,917,115,15:04:02,2012-07-31
445935,133140,-61.0,917,115,15:13:03,2012-07-31
445935,133150,-61.0,917,115,15:13:02,2012-07-31
446500,133150,-63.0,917,115,15:04:03,2012-07-31
445940,133155,-60.25,917,115,15:13:01,2012-07-31
446495,133160,-63.75,917,115,15:04:05,2012-07-31
446495,133165,-66.0,917,115,15:04:05,2012-07-31
445940,133170,-60.0,917,115,15:13:00,2012-07-31
445940,133175,-60.0,917,115,15:13:00,2012-07-31
445940,133180,-60.0,917,115,15:13:00,2012-07-31
446495,133180,-66.333336,917,115,15:04:06,2012-07-31
446495,133185,-68.0,917,115,15:04:08,2012-07-31
445940,133190,-60.0,917,115,15:12:59,2012-07-31
445940,133195,-58.333332,917,115,15:12:58,2012-07-31
445940,133200,-58.0,917,115,15:12:58,2012-07-31
445945,133205,-59.333332,917,115,15:12:57,2012-07-31
446500,133205,-69.0,917,115,15:04:09,2012-07-31
446505,133215,-69.0,917,115,15:04:10,2012-07-31
446505,133225,-68.333336,917,115,15:04:12,2012-07-31
446510,133230,-67.0,917,115,15:04:13,2012-07-31
445945,133240,-60.75,917,115,15:12:56,2012-07-31
446510,133240,-66.5,917,115,15:04:13,2012-07-31
445950,133245,-62.5,917,115,15:12:54,2012-07-31
446505,133260,-65.333336,917,115,15:04:15,2012-07-31
446505,133270,-65.666664,917,115,15:04:16,2012-07-31
445950,133275,-63.666668,917,115,15:12:53,2012-07-31
445955,133285,-65.199997,917,115,15:12:52,2012-07-31
446505,133290,-65.333336,917,115,15:04:17,2012-07-31
445955,133295,-66.0,917,115,15:12:51,2012-07-31
446500,133300,-65.0,917,115,15:04:19,2012-07-31
445955,133305,-66.75,917,115,15:12:50,2012-07-31
446500,133315,-62.333332,917,115,15:04:20,2012-07-31
445955,133320,-68.0,917,115,15:12:49,2012-07-31
446495,133330,-60.333332,917,115,15:04:22,2012-07-31
446490,133345,-58.666668,917,115,15:04:23,2012-07-31
445960,133350,-68.199997,917,115,15:12:47,2012-07-31
445960,133355,-64.666664,917,115,15:12:46,2012-07-31
446485,133360,-57.25,917,115,15:04:25,2012-07-31
445965,133370,-61.0,917,115,15:12:44,2012-07-31
446485,133375,-55.333332,917,115,15:04:26,2012-07-31
445965,133380,-60.0,917,115,15:12:43,2012-07-31
446485,133390,-56.666668,917,115,15:04:27,2012-07-31
445965,133395,-57.75,917,115,15:12:43,2012-07-31
446485,133395,-58.0,917,115,15:04:28,2012-07-31
446485,133400,-58.0,917,115,15:04:28,2012-07-31
445970,133405,-56.0,917,115,15:12:42,2012-07-31
446480,133405,-58.0,917,115,15:04:28,2012-07-31
446480,133410,-58.0,917,115,15:04:29,2012-07-31
445970,133425,-54.333332,917,115,15:12:40,2012-07-31
446480,133425,-57.200001,917,115,15:04:30,2012-07-31
445975,133435,-54.0,917,115,15:12:40,2012-07-31
446480,133435,-56.0,917,115,15:04:31,2012-07-31
446475,133445,-56.0,917,115,15:04:32,2012-07-31
445975,133450,-54.799999,917,115,15:12:39,2012-07-31
446475,133450,-56.0,917,115,15:04:32,2012-07-31
445980,133460,-55.666668,917,115,15:12:37,2012-07-31
446475,133460,-56.0,917,115,15:04:33,2012-07-31
446475,133475,-56.0,917,115,15:04:34,2012-07-31
445985,133480,-56.0,917,115,15:12:36,2012-07-31
446475,133485,-56.0,917,115,15:04:35,2012-07-31
446475,133490,-56.0,917,115,15:04:36,2012-07-31
445985,133495,-56.0,917,115,15:12:35,2012-07-31
446475,133495,-56.333332,917,115,15:04:37,2012-07-31
445990,133520,-55.333332,917,115,15:12:33,2012-07-31
446475,133520,-57.0,917,115,15:04:38,2012-07-31
446480,133525,-57.75,917,115,15:04:39,2012-07-31
445995,133535,-56.333332,917,115,15:12:32,2012-07-31
446480,133540,-62.142857,917,115,15:04:40,2012-07-31
446000,133545,-57.0,917,115,15:12:30,2012-07-31
446000,133560,-57.0,917,115,15:12:30,2012-07-31
446480,133565,-63.0,917,115,15:04:42,2012-07-31
446475,133570,-62.333332,917,115,15:04:43,2012-07-31
446005,133575,-57.0,917,115,15:12:29,2012-07-31
446010,133590,-57.0,917,115,15:12:28,2012-07-31
446465,133590,-60.0,917,115,15:04:44,2012-07-31
446010,133600,-57.0,917,115,15:12:27,2012-07-31
446455,133600,-58.666668,917,115,15:04:46,2012-07-31
446455,133605,-58.0,917,115,15:04:46,2012-07-31
446015,133615,-57.0,917,115,15:12:26,2012-07-31
446020,133630,-57.0,917,115,15:12:25,2012-07-31
446040,133685,-56.555557,917,115,15:06:42,2012-07-31
446045,133685,-55.200001,917,115,15:06:41,2012-07-31
446035,133690,-57.333332,917,115,15:06:46,2012-07-31
446050,133690,-53.75,917,115,15:06:39,2012-07-31
446055,133695,-51.666668,917,115,15:06:37,2012-07-31
446030,133700,-59.0,917,115,15:06:47,2012-07-31
446060,133700,-49.799999,917,115,15:06:36,2012-07-31
446030,133705,-61.0,917,115,15:06:49,2012-07-31
446030,133710,-60.57143,917,115,15:06:50,2012-07-31
446065,133720,-49.0,917,115,15:06:34,2012-07-31
446070,133730,-49.0,917,115,15:06:33,2012-07-31
446070,133735,-49.0,917,115,15:06:32,2012-07-31
446075,133745,-49.0,917,115,15:06:31,2012-07-31
446080,133755,-49.0,917,115,15:06:29,2012-07-31
446080,133770,-49.0,917,115,15:06:29,2012-07-31
