444195,119100,-87.0,1038,109,12:07:50,2012-07-30
444200,119100,-86.125,1038,109,12:07:49,2012-07-30
444205,119105,-86.0,1038,109,12:07:48,2012-07-30
444255,119130,-83.0,1038,109,12:07:39,2012-07-30
444260,119130,-83.0,1038,109,12:07:38,2012-07-30
444260,119135,-83.0,1038,109,12:07:37,2012-07-30
444265,119135,-83.5,1038,109,12:07:36,2012-07-30
444270,119135,-84.0,1038,109,12:07:35,2012-07-30
444275,119135,-84.0,1038,109,12:07:34,2012-07-30
444285,119135,-86.0,1038,109,12:07:32,2012-07-30
444405,119135,-83.599998,1038,109,12:03:25,2012-07-30
444260,119140,-83.0,1038,109,12:04:32,2012-07-30
444275,119140,-79.0,1038,109,12:06:16,2012-07-30
444400,119140,-83.565216,1038,109,12:03:22,2012-07-30
444250,119145,-83.25,1038,109,12:04:34,2012-07-30
444255,119145,-81.400002,1038,109,12:04:33,2012-07-30
444245,119150,-84.0,1038,109,12:04:35,2012-07-30
444250,119150,-81.666664,1038,109,12:05:40,2012-07-30
444255,119150,-81.0,1038,109,12:05:41,2012-07-30
444160,119155,-89.0,1038,109,12:05:23,2012-07-30
444240,119155,-84.0,1038,109,12:04:36,2012-07-30
444245,119155,-82.666664,1038,109,12:05:39,2012-07-30
444315,119155,-86.0,1038,109,12:06:24,2012-07-30
444320,119155,-79.333336,1038,109,12:07:03,2012-07-30
444325,119155,-79.800003,1038,109,12:07:03,2012-07-30
444160,119160,-89.0,1038,109,12:05:24,2012-07-30
444235,119160,-83.14286,1038,109,12:04:38,2012-07-30
444240,119160,-83.0,1038,109,12:05:38,2012-07-30
444315,119160,-86.0,1038,109,12:06:25,2012-07-30
444320,119160,-80.8125,1038,109,12:06:48,2012-07-30
444325,119160,-79.800003,1038,109,12:07:02,2012-07-30
444360,119160,-81.0,1038,109,12:04:10,2012-07-30
444370,119160,-81.0,1038,109,12:04:08,2012-07-30
444175,119165,-86.0,1038,109,12:05:26,2012-07-30
444180,119165,-85.5,1038,109,12:05:27,2012-07-30
444230,119165,-82.444443,1038,109,12:04:39,2012-07-30
444320,119165,-77.155556,1038,109,12:06:32,2012-07-30
444325,119165,-82.0,1038,109,12:04:16,2012-07-30
444185,119170,-84.0,1038,109,12:05:28,2012-07-30
444195,119170,-83.599998,1038,109,12:05:29,2012-07-30
444225,119170,-82.5,1038,109,12:05:34,2012-07-30
444230,119170,-82.0,1038,109,12:04:40,2012-07-30
444325,119170,-81.25,1038,109,12:04:15,2012-07-30
444340,119170,-80.666664,1038,109,12:04:12,2012-07-30
444350,119170,-81.0,1038,109,12:04:11,2012-07-30
444200,119175,-83.0,1038,109,12:05:30,2012-07-30
444210,119175,-83.0,1038,109,12:05:32,2012-07-30
444220,119175,-81.0,1038,109,12:04:41,2012-07-30
444225,119175,-81.599998,1038,109,12:04:41,2012-07-30
444335,119175,-80.400002,1038,109,12:04:14,2012-07-30
444215,119180,-83.0,1038,109,12:04:43,2012-07-30
444220,119180,-81.5,1038,109,12:04:42,2012-07-30
444205,119185,-85.0,1038,109,12:04:45,2012-07-30
444210,119185,-83.800003,1038,109,12:04:44,2012-07-30
444215,119185,-83.0,1038,109,12:04:43,2012-07-30
451160,119365,-74.0,1038,109,18:52:04,2012-07-27
451150,119385,-74.0,1038,109,18:52:03,2012-07-27
451145,119405,-74.0,1038,109,18:52:02,2012-07-27
451130,119435,-74.333336,1038,109,18:52:01,2012-07-27
451120,119455,-75.0,1038,109,18:52:00,2012-07-27
451110,119475,-75.666664,1038,109,18:51:59,2012-07-27
451095,119505,-77.333336,1038,109,18:51:58,2012-07-27
451090,119525,-78.0,1038,109,18:51:56,2012-07-27
451085,119535,-78.0,1038,109,18:51:55,2012-07-27
451075,119550,-78.0,1038,109,18:51:55,2012-07-27
451075,119560,-78.0,1038,109,18:51:54,2012-07-27
451070,119570,-78.0,1038,109,18:51:53,2012-07-27
451065,119580,-78.0,1038,109,18:51:52,2012-07-27
451060,119590,-78.0,1038,109,18:51:52,2012-07-27
451055,119595,-78.0,1038,109,18:51:51,2012-07-27
451055,119600,-78.0,1038,109,18:51:51,2012-07-27
451050,119610,-78.0,1038,109,18:51:50,2012-07-27
451045,119620,-78.0,1038,109,18:51:49,2012-07-27
451015,119680,-79.0,1038,109,18:51:45,2012-07-27
451010,119695,-79.0,1038,109,18:51:44,2012-07-27
451010,119700,-79.0,1038,109,18:51:44,2012-07-27
451005,119705,-79.0,1038,109,18:51:44,2012-07-27
451000,119725,-78.333336,1038,109,18:51:42,2012-07-27
450995,119735,-78.0,1038,109,18:51:41,2012-07-27
450990,119740,-78.0,1038,109,18:51:41,2012-07-27
450985,119745,-78.0,1038,109,18:51:40,2012-07-27
450980,119760,-78.0,1038,109,18:51:39,2012-07-27
453640,121435,-83.0,1038,109,18:36:09,2012-07-31
453640,121450,-83.0,1038,109,18:36:08,2012-07-31
453635,121465,-82.75,1038,109,18:36:07,2012-07-31
453630,121490,-81.333336,1038,109,18:36:06,2012-07-31
453630,121505,-80.25,1038,109,18:36:04,2012-07-31
453625,121520,-80.0,1038,109,18:36:04,2012-07-31
453625,121535,-79.333336,1038,109,18:36:03,2012-07-31
453625,121550,-78.333336,1038,109,18:36:02,2012-07-31
453625,121560,-77.25,1038,109,18:36:00,2012-07-31
453625,121575,-77.0,1038,109,18:35:59,2012-07-31
453625,121590,-77.0,1038,109,18:35:59,2012-07-31
453625,121600,-76.0,1038,109,18:35:57,2012-07-31
453625,121625,-76.0,1038,109,18:35:56,2012-07-31
454425,122185,-75.0,1038,109,18:33:14,2012-07-31
454425,122190,-75.0,1038,109,18:33:13,2012-07-31
454775,122330,-75.0,1038,109,18:32:44,2012-07-31
454795,122330,-73.800003,1038,109,18:32:43,2012-07-31
454825,122330,-72.400002,1038,109,18:32:42,2012-07-31
454840,122330,-72.0,1038,109,18:32:41,2012-07-31
454860,122330,-72.833336,1038,109,18:32:40,2012-07-31
454880,122330,-73.0,1038,109,18:32:39,2012-07-31
452645,122375,-70.0,1038,109,18:43:02,2012-07-27
452655,122400,-70.0,1038,109,18:43:01,2012-07-27
453580,122640,-79.0,1038,109,14:49:00,2012-07-30
453565,122670,-78.25,1038,109,14:48:59,2012-07-30
453545,122700,-78.0,1038,109,14:48:57,2012-07-30
453515,122740,-79.199997,1038,109,14:48:56,2012-07-30
453495,122770,-80.0,1038,109,14:48:55,2012-07-30
453475,122800,-78.5,1038,109,14:48:54,2012-07-30
453455,122825,-76.666664,1038,109,14:48:53,2012-07-30
453415,122885,-77.333336,1038,109,14:48:52,2012-07-30
453395,122910,-77.333336,1038,109,14:48:50,2012-07-30
453375,122940,-75.5,1038,109,14:48:49,2012-07-30
453355,122965,-75.0,1038,109,14:48:48,2012-07-30
453335,122990,-75.0,1038,109,14:48:48,2012-07-30
453310,123020,-75.0,1038,109,14:48:46,2012-07-30
453270,123075,-73.333336,1038,109,14:48:45,2012-07-30
453250,123100,-73.0,1038,109,14:48:43,2012-07-30
453015,123370,-70.0,1038,109,18:42:15,2012-07-27
453025,123390,-70.0,1038,109,18:42:13,2012-07-27
452360,123405,-82.0,1038,109,18:15:37,2012-07-31
453035,123405,-70.0,1038,109,18:42:12,2012-07-27
452365,123415,-81.428574,1038,109,18:15:38,2012-07-31
453045,123425,-70.0,1038,109,18:42:11,2012-07-27
452370,123430,-81.666664,1038,109,18:15:40,2012-07-31
452370,123435,-83.0,1038,109,18:15:40,2012-07-31
453060,123445,-70.0,1038,109,18:42:10,2012-07-27
452390,123460,-83.0,1038,109,18:15:42,2012-07-31
453070,123465,-70.0,1038,109,18:42:09,2012-07-27
452395,123470,-83.333336,1038,109,18:15:44,2012-07-31
452400,123480,-84.0,1038,109,18:15:45,2012-07-31
452890,123490,-73.0,1038,109,14:48:27,2012-07-30
452410,123495,-84.0,1038,109,18:15:46,2012-07-31
453090,123495,-70.0,1038,109,18:42:07,2012-07-27
452415,123500,-83.666664,1038,109,18:15:47,2012-07-31
453105,123510,-71.666664,1038,109,18:42:06,2012-07-27
452420,123515,-83.0,1038,109,18:15:48,2012-07-31
452855,123520,-73.0,1038,109,14:48:26,2012-07-30
452425,123530,-84.0,1038,109,18:15:49,2012-07-31
453115,123530,-74.666664,1038,109,18:42:06,2012-07-27
453120,123530,-76.0,1038,109,18:42:05,2012-07-27
452840,123535,-73.0,1038,109,14:48:25,2012-07-30
452430,123540,-83.75,1038,109,18:15:51,2012-07-31
453125,123540,-78.0,1038,109,18:42:04,2012-07-27
452820,123550,-72.25,1038,109,14:48:24,2012-07-30
452440,123555,-83.0,1038,109,18:15:52,2012-07-31
452800,123565,-72.0,1038,109,14:48:24,2012-07-30
453150,123570,-79.599998,1038,109,18:42:03,2012-07-27
453155,123575,-80.0,1038,109,18:42:03,2012-07-27
453160,123580,-80.0,1038,109,18:42:02,2012-07-27
452775,123585,-72.75,1038,109,14:48:23,2012-07-30
453160,123585,-80.0,1038,109,18:42:02,2012-07-27
453165,123585,-80.0,1038,109,18:42:02,2012-07-27
452475,123590,-80.0,1038,109,18:15:57,2012-07-31
453170,123590,-80.0,1038,109,18:42:02,2012-07-27
453170,123595,-80.0,1038,109,18:42:02,2012-07-27
452480,123600,-80.0,1038,109,18:15:57,2012-07-31
452485,123605,-80.25,1038,109,18:15:58,2012-07-31
452495,123610,-81.0,1038,109,18:15:59,2012-07-31
452500,123615,-80.25,1038,109,18:15:59,2012-07-31
452740,123615,-73.0,1038,109,14:48:22,2012-07-30
453190,123615,-80.0,1038,109,18:42:00,2012-07-27
452505,123620,-78.0,1038,109,18:16:00,2012-07-31
453200,123625,-80.0,1038,109,18:41:59,2012-07-27
452515,123630,-77.75,1038,109,18:16:01,2012-07-31
452720,123630,-73.0,1038,109,14:48:21,2012-07-30
453210,123635,-80.599998,1038,109,18:41:59,2012-07-27
452525,123640,-77.0,1038,109,18:16:02,2012-07-31
452530,123645,-77.666664,1038,109,18:16:04,2012-07-31
453220,123650,-81.0,1038,109,18:41:58,2012-07-27
452690,123655,-73.0,1038,109,14:48:20,2012-07-30
453230,123655,-81.0,1038,109,18:41:57,2012-07-27
452550,123665,-77.666664,1038,109,18:16:05,2012-07-31
452560,123675,-75.0,1038,109,18:16:06,2012-07-31
452660,123675,-72.400002,1038,109,14:48:19,2012-07-30
452570,123680,-74.5,1038,109,18:16:08,2012-07-31
453260,123685,-79.0,1038,109,18:41:56,2012-07-27
452630,123695,-72.0,1038,109,14:48:18,2012-07-30
453270,123695,-79.0,1038,109,18:41:55,2012-07-27
452585,123700,-73.800003,1038,109,18:16:09,2012-07-31
452590,123700,-73.0,1038,109,18:16:10,2012-07-31
453280,123705,-76.75,1038,109,18:41:54,2012-07-27
452600,123710,-73.0,1038,109,18:16:11,2012-07-31
453285,123710,-76.0,1038,109,18:41:54,2012-07-27
452605,123715,-72.800003,1038,109,14:48:17,2012-07-30
452605,123715,-73.333336,1038,109,18:16:12,2012-07-31
453300,123725,-75.333336,1038,109,18:41:53,2012-07-27
452620,123730,-74.666664,1038,109,18:16:13,2012-07-31
452575,123735,-72.333336,1038,109,14:48:16,2012-07-30
452630,123740,-77.0,1038,109,18:16:15,2012-07-31
452640,123745,-79.0,1038,109,18:16:16,2012-07-31
452645,123750,-78.0,1038,109,18:16:16,2012-07-31
453325,123750,-73.5,1038,109,18:41:52,2012-07-27
452655,123755,-76.333336,1038,109,18:16:18,2012-07-31
452665,123760,-75.0,1038,109,18:16:18,2012-07-31
453335,123760,-73.0,1038,109,18:41:51,2012-07-27
452530,123765,-72.0,1038,109,14:48:15,2012-07-30
452670,123765,-74.333336,1038,109,18:16:19,2012-07-31
452680,123765,-73.0,1038,109,18:16:21,2012-07-31
453350,123775,-71.5,1038,109,18:41:50,2012-07-27
452700,123780,-73.666664,1038,109,18:16:22,2012-07-31
452505,123785,-72.0,1038,109,14:48:14,2012-07-30
453360,123785,-71.0,1038,109,18:41:50,2012-07-27
452710,123790,-76.5,1038,109,18:16:23,2012-07-31
453370,123790,-71.75,1038,109,18:41:49,2012-07-27
452720,123795,-78.333336,1038,109,18:16:25,2012-07-31
452475,123800,-72.85714,1038,109,14:48:12,2012-07-30
452725,123800,-79.0,1038,109,18:16:25,2012-07-31
453380,123800,-72.0,1038,109,18:41:48,2012-07-27
452730,123810,-79.0,1038,109,18:16:26,2012-07-31
453390,123815,-72.75,1038,109,18:41:47,2012-07-27
452445,123820,-73.5,1038,109,14:48:11,2012-07-30
452740,123820,-79.0,1038,109,18:16:27,2012-07-31
452745,123825,-79.0,1038,109,18:16:28,2012-07-31
452755,123835,-79.0,1038,109,18:16:29,2012-07-31
453415,123835,-71.666664,1038,109,18:41:46,2012-07-27
452415,123840,-73.599998,1038,109,14:48:10,2012-07-30
452760,123845,-79.0,1038,109,18:16:30,2012-07-31
452770,123850,-78.0,1038,109,18:16:32,2012-07-31
453435,123855,-69.666664,1038,109,18:41:45,2012-07-27
452780,123865,-74.0,1038,109,18:16:32,2012-07-31
452360,123870,-72.333336,1038,109,14:48:09,2012-07-30
452795,123880,-75.0,1038,109,18:16:35,2012-07-31
453460,123885,-69.666664,1038,109,18:41:43,2012-07-27
452330,123890,-71.333336,1038,109,14:48:08,2012-07-30
452800,123890,-75.666664,1038,109,18:16:36,2012-07-31
453480,123900,-70.0,1038,109,18:41:42,2012-07-27
452300,123905,-71.0,1038,109,14:48:06,2012-07-30
452820,123910,-74.199997,1038,109,18:16:37,2012-07-31
452820,123915,-73.0,1038,109,18:16:38,2012-07-31
452825,123915,-73.0,1038,109,18:16:38,2012-07-31
452270,123920,-71.0,1038,109,14:48:05,2012-07-30
452825,123920,-73.0,1038,109,18:16:38,2012-07-31
452830,123920,-74.666664,1038,109,18:16:39,2012-07-31
452835,123925,-78.0,1038,109,18:16:40,2012-07-31
452240,123935,-71.0,1038,109,14:48:05,2012-07-30
452840,123935,-77.75,1038,109,18:16:40,2012-07-31
453505,123935,-70.75,1038,109,18:41:40,2012-07-27
452850,123945,-77.0,1038,109,18:16:42,2012-07-31
453520,123950,-71.599998,1038,109,18:41:39,2012-07-27
452865,123955,-76.666664,1038,109,18:16:43,2012-07-31
452880,123970,-76.0,1038,109,18:16:45,2012-07-31
453535,123975,-72.0,1038,109,18:41:38,2012-07-27
452890,123980,-75.0,1038,109,18:16:46,2012-07-31
452900,123990,-73.0,1038,109,18:16:47,2012-07-31
452915,124000,-72.0,1038,109,18:16:49,2012-07-31
453560,124005,-72.0,1038,109,18:41:36,2012-07-27
452920,124010,-70.0,1038,109,18:16:50,2012-07-31
452925,124015,-70.0,1038,109,18:16:50,2012-07-31
453570,124020,-72.800003,1038,109,18:41:34,2012-07-27
452935,124025,-69.666664,1038,109,18:16:52,2012-07-31
452945,124030,-68.666664,1038,109,18:16:53,2012-07-31
452955,124040,-68.0,1038,109,18:16:54,2012-07-31
452965,124045,-67.199997,1038,109,18:16:54,2012-07-31
453590,124045,-73.0,1038,109,18:41:32,2012-07-27
452975,124050,-66.0,1038,109,18:16:56,2012-07-31
452990,124060,-66.0,1038,109,18:16:57,2012-07-31
453600,124060,-72.0,1038,109,18:41:31,2012-07-27
453000,124065,-66.0,1038,109,18:16:57,2012-07-31
453010,124070,-66.25,1038,109,18:16:59,2012-07-31
453025,124075,-67.0,1038,109,18:16:59,2012-07-31
453605,124075,-72.0,1038,109,18:41:30,2012-07-27
453035,124080,-67.5,1038,109,18:17:00,2012-07-31
453045,124085,-68.25,1038,109,18:17:02,2012-07-31
453060,124090,-69.666664,1038,109,18:17:03,2012-07-31
453615,124090,-73.0,1038,109,18:41:29,2012-07-27
453075,124095,-70.5,1038,109,18:17:04,2012-07-31
453095,124105,-69.75,1038,109,18:17:06,2012-07-31
453625,124105,-73.0,1038,109,18:41:28,2012-07-27
453105,124110,-70.0,1038,109,18:17:07,2012-07-31
453120,124115,-72.0,1038,109,18:17:07,2012-07-31
453635,124115,-72.333336,1038,109,18:41:28,2012-07-27
453125,124120,-72.599998,1038,109,18:17:09,2012-07-31
453140,124125,-73.666664,1038,109,18:17:09,2012-07-31
453640,124125,-71.25,1038,109,18:41:26,2012-07-27
453150,124135,-77.0,1038,109,18:17:10,2012-07-31
453160,124140,-77.5,1038,109,18:17:11,2012-07-31
453650,124140,-71.0,1038,109,18:41:26,2012-07-27
453170,124145,-79.75,1038,109,18:17:13,2012-07-31
453660,124150,-73.5,1038,109,18:41:25,2012-07-27
451680,124155,-75.0,1038,109,14:47:47,2012-07-30
453185,124160,-82.0,1038,109,18:17:14,2012-07-31
453665,124160,-74.0,1038,109,18:41:23,2012-07-27
451655,124165,-75.0,1038,109,14:47:46,2012-07-30
451635,124170,-75.0,1038,109,14:47:45,2012-07-30
453200,124170,-81.0,1038,109,18:17:16,2012-07-31
453675,124175,-74.666664,1038,109,18:41:22,2012-07-27
451595,124180,-77.0,1038,109,14:47:44,2012-07-30
453215,124180,-78.0,1038,109,18:17:17,2012-07-31
453225,124185,-75.5,1038,109,18:17:18,2012-07-31
453680,124185,-75.0,1038,109,18:41:21,2012-07-27
451550,124190,-79.333336,1038,109,14:47:43,2012-07-30
451560,124190,-78.0,1038,109,14:47:43,2012-07-30
451535,124195,-80.0,1038,109,14:47:42,2012-07-30
451540,124195,-80.0,1038,109,14:47:42,2012-07-30
451545,124195,-80.0,1038,109,14:47:43,2012-07-30
453240,124195,-74.333336,1038,109,18:17:20,2012-07-31
451520,124200,-80.0,1038,109,14:47:42,2012-07-30
453685,124200,-75.666664,1038,109,18:41:19,2012-07-27
451495,124205,-81.0,1038,109,14:47:41,2012-07-30
451500,124205,-80.833336,1038,109,14:47:41,2012-07-30
451505,124205,-80.0,1038,109,14:47:41,2012-07-30
451510,124205,-80.0,1038,109,14:47:42,2012-07-30
453250,124205,-73.0,1038,109,18:17:21,2012-07-31
453685,124205,-76.666664,1038,109,18:41:18,2012-07-27
451475,124210,-81.0,1038,109,14:47:40,2012-07-30
451485,124210,-81.0,1038,109,14:47:41,2012-07-30
453255,124210,-72.75,1038,109,18:17:21,2012-07-31
451460,124215,-81.0,1038,109,14:47:40,2012-07-30
453265,124215,-72.0,1038,109,18:17:23,2012-07-31
453680,124220,-77.75,1038,109,18:41:16,2012-07-27
453285,124230,-72.0,1038,109,18:17:24,2012-07-31
453670,124230,-78.0,1038,109,18:41:16,2012-07-27
453665,124240,-78.800003,1038,109,18:41:15,2012-07-27
453305,124245,-71.75,1038,109,18:17:26,2012-07-31
453655,124250,-79.666664,1038,109,18:41:14,2012-07-27
453320,124255,-71.0,1038,109,18:17:27,2012-07-31
453645,124260,-81.800003,1038,109,18:41:12,2012-07-27
453335,124265,-71.666664,1038,109,18:17:28,2012-07-31
453340,124270,-73.0,1038,109,18:17:29,2012-07-31
453630,124270,-83.666664,1038,109,18:41:11,2012-07-27
453350,124275,-73.333336,1038,109,18:17:30,2012-07-31
453625,124280,-84.0,1038,109,18:41:10,2012-07-27
453610,124285,-82.0,1038,109,18:41:09,2012-07-27
453615,124285,-82.5,1038,109,18:41:09,2012-07-27
453360,124290,-73.666664,1038,109,18:17:31,2012-07-31
453605,124290,-81.333336,1038,109,18:41:08,2012-07-27
453585,124300,-79.5,1038,109,18:41:07,2012-07-27
453375,124305,-73.666664,1038,109,18:17:33,2012-07-31
453575,124305,-79.0,1038,109,18:41:06,2012-07-27
453580,124305,-79.0,1038,109,18:41:06,2012-07-27
453585,124305,-79.0,1038,109,18:41:06,2012-07-27
453570,124310,-76.0,1038,109,18:41:05,2012-07-27
453385,124315,-75.333336,1038,109,18:17:34,2012-07-31
453555,124315,-75.666664,1038,109,18:41:04,2012-07-27
453565,124315,-75.0,1038,109,18:41:04,2012-07-27
453540,124320,-76.0,1038,109,18:41:03,2012-07-27
453545,124320,-76.0,1038,109,18:41:03,2012-07-27
453530,124325,-76.0,1038,109,18:41:02,2012-07-27
453535,124325,-76.0,1038,109,18:41:02,2012-07-27
453540,124325,-76.0,1038,109,18:41:02,2012-07-27
453400,124330,-75.666664,1038,109,18:17:35,2012-07-31
453525,124330,-76.0,1038,109,18:41:01,2012-07-27
450990,124335,-83.0,1038,109,14:47:26,2012-07-30
450995,124335,-83.0,1038,109,14:47:26,2012-07-30
453505,124335,-76.0,1038,109,18:40:59,2012-07-27
453495,124340,-76.0,1038,109,18:40:58,2012-07-27
453410,124345,-74.75,1038,109,18:17:37,2012-07-31
453415,124345,-74.0,1038,109,18:17:37,2012-07-31
453420,124350,-74.0,1038,109,18:17:37,2012-07-31
453480,124350,-76.0,1038,109,18:40:57,2012-07-27
453425,124355,-73.75,1038,109,18:17:38,2012-07-31
453430,124355,-73.0,1038,109,18:17:39,2012-07-31
453430,124360,-73.0,1038,109,18:17:39,2012-07-31
453440,124365,-66.0,1038,109,18:40:52,2012-07-27
453440,124365,-72.666664,1038,109,18:17:40,2012-07-31
453445,124365,-66.0,1038,109,18:40:53,2012-07-27
453420,124375,-67.125,1038,109,18:40:38,2012-07-27
453425,124375,-66.0,1038,109,18:40:49,2012-07-27
453430,124375,-66.0,1038,109,18:40:50,2012-07-27
453455,124375,-71.0,1038,109,18:17:42,2012-07-31
453415,124380,-72.5,1038,109,18:40:35,2012-07-27
453420,124380,-69.0,1038,109,18:40:36,2012-07-27
453460,124380,-70.0,1038,109,18:17:42,2012-07-31
453470,124385,-70.0,1038,109,18:17:42,2012-07-31
453475,124385,-70.0,1038,109,18:17:43,2012-07-31
453410,124390,-73.0,1038,109,18:40:32,2012-07-27
453485,124390,-70.0,1038,109,18:17:44,2012-07-31
453495,124395,-70.75,1038,109,18:17:45,2012-07-31
453400,124400,-73.0,1038,109,18:40:32,2012-07-27
453520,124405,-74.0,1038,109,18:17:47,2012-07-31
453535,124405,-76.0,1038,109,18:17:48,2012-07-31
453395,124410,-74.333336,1038,109,18:40:31,2012-07-27
453545,124410,-78.0,1038,109,18:17:50,2012-07-31
453390,124415,-75.599998,1038,109,18:40:29,2012-07-27
453570,124415,-78.666664,1038,109,18:17:51,2012-07-31
453585,124415,-80.0,1038,109,18:17:52,2012-07-31
453385,124425,-76.0,1038,109,18:40:28,2012-07-27
453610,124425,-80.0,1038,109,18:17:54,2012-07-31
453620,124425,-80.0,1038,109,18:17:55,2012-07-31
453380,124430,-78.25,1038,109,18:40:28,2012-07-27
453635,124430,-80.400002,1038,109,18:17:57,2012-07-31
453375,124440,-80.333336,1038,109,18:40:26,2012-07-27
453655,124440,-82.333336,1038,109,18:17:58,2012-07-31
453670,124445,-83.333336,1038,109,18:17:59,2012-07-31
453365,124450,-81.0,1038,109,18:40:25,2012-07-27
453680,124450,-84.0,1038,109,18:18:01,2012-07-31
453355,124460,-79.666664,1038,109,18:40:23,2012-07-27
453705,124460,-83.199997,1038,109,18:18:02,2012-07-31
453350,124470,-79.0,1038,109,18:40:23,2012-07-27
453715,124470,-82.0,1038,109,18:18:04,2012-07-31
453350,124475,-79.75,1038,109,18:40:22,2012-07-27
453345,124480,-80.0,1038,109,18:40:21,2012-07-27
453735,124480,-81.666664,1038,109,18:18:05,2012-07-31
453340,124485,-79.333336,1038,109,18:40:21,2012-07-27
453335,124490,-79.0,1038,109,18:40:20,2012-07-27
453745,124490,-80.666664,1038,109,18:18:06,2012-07-31
453755,124495,-80.0,1038,109,18:18:07,2012-07-31
453330,124500,-78.25,1038,109,18:40:19,2012-07-27
453765,124505,-80.0,1038,109,18:18:08,2012-07-31
453315,124510,-79.5,1038,109,18:40:18,2012-07-27
453310,124515,-80.0,1038,109,18:40:17,2012-07-27
453315,124515,-80.0,1038,109,18:40:18,2012-07-27
453780,124515,-80.0,1038,109,18:18:09,2012-07-31
453310,124520,-80.0,1038,109,18:40:17,2012-07-27
453305,124525,-81.333336,1038,109,18:40:16,2012-07-27
453295,124535,-81.333336,1038,109,18:40:15,2012-07-27
453290,124540,-81.0,1038,109,18:40:14,2012-07-27
453280,124550,-81.666664,1038,109,18:40:13,2012-07-27
453270,124560,-82.5,1038,109,18:40:12,2012-07-27
453255,124580,-82.333336,1038,109,18:40:11,2012-07-27
453250,124590,-81.400002,1038,109,18:40:09,2012-07-27
453235,124620,-79.0,1038,109,18:40:07,2012-07-27
453230,124645,-77.333336,1038,109,18:40:05,2012-07-27
453225,124660,-77.0,1038,109,18:40:04,2012-07-27
453220,124670,-77.0,1038,109,18:40:03,2012-07-27
453215,124685,-76.285713,1038,109,18:40:02,2012-07-27
453210,124695,-76.0,1038,109,18:40:01,2012-07-27
453200,124715,-77.599998,1038,109,18:39:59,2012-07-27
453195,124730,-78.75,1038,109,18:39:58,2012-07-27
454145,124730,-82.0,1038,109,18:18:42,2012-07-31
453185,124740,-79.0,1038,109,18:39:57,2012-07-27
454155,124740,-82.0,1038,109,18:18:42,2012-07-31
454165,124745,-81.0,1038,109,18:18:43,2012-07-31
453180,124750,-79.0,1038,109,18:39:56,2012-07-27
454170,124755,-79.333336,1038,109,18:18:45,2012-07-31
453170,124760,-77.400002,1038,109,18:39:54,2012-07-27
453160,124765,-77.0,1038,109,18:39:54,2012-07-27
453155,124775,-74.333336,1038,109,18:39:52,2012-07-27
454190,124775,-79.0,1038,109,18:18:46,2012-07-31
454200,124780,-77.25,1038,109,18:18:47,2012-07-31
453140,124790,-73.0,1038,109,18:39:52,2012-07-27
454220,124790,-75.333336,1038,109,18:18:49,2012-07-31
453135,124795,-72.25,1038,109,18:39:51,2012-07-27
454230,124795,-76.0,1038,109,18:18:50,2012-07-31
454240,124805,-76.0,1038,109,18:18:51,2012-07-31
453115,124810,-71.5,1038,109,18:39:50,2012-07-27
454250,124810,-76.666664,1038,109,18:18:52,2012-07-31
454260,124815,-78.666664,1038,109,18:18:53,2012-07-31
453105,124820,-71.0,1038,109,18:39:48,2012-07-27
454270,124820,-80.333336,1038,109,18:18:54,2012-07-31
453095,124830,-71.599998,1038,109,18:39:47,2012-07-27
454285,124830,-82.0,1038,109,18:18:55,2012-07-31
454295,124835,-82.0,1038,109,18:18:56,2012-07-31
453085,124840,-72.0,1038,109,18:39:46,2012-07-27
453085,124845,-72.0,1038,109,18:39:45,2012-07-27
454305,124845,-82.0,1038,109,18:18:57,2012-07-31
454315,124850,-82.0,1038,109,18:18:58,2012-07-31
453075,124860,-72.0,1038,109,18:39:44,2012-07-27
454335,124865,-82.0,1038,109,18:19:00,2012-07-31
453070,124870,-72.0,1038,109,18:39:42,2012-07-27
454340,124875,-82.0,1038,109,18:19:01,2012-07-31
453065,124885,-72.0,1038,109,18:39:41,2012-07-27
454355,124890,-82.599998,1038,109,18:19:02,2012-07-31
453060,124895,-72.0,1038,109,18:39:41,2012-07-27
454360,124895,-85.0,1038,109,18:19:03,2012-07-31
454365,124900,-85.0,1038,109,18:19:03,2012-07-31
454370,124900,-85.0,1038,109,18:19:04,2012-07-31
454370,124905,-85.0,1038,109,18:19:04,2012-07-31
454440,124940,-88.0,1038,109,18:19:11,2012-07-31
454450,124945,-88.0,1038,109,18:19:12,2012-07-31
454455,124945,-88.0,1038,109,18:19:12,2012-07-31
454455,124950,-87.666664,1038,109,18:19:13,2012-07-31
454460,124950,-87.0,1038,109,18:19:13,2012-07-31
454475,124955,-86.666664,1038,109,18:19:14,2012-07-31
454490,124960,-86.333336,1038,109,18:19:15,2012-07-31
454505,124965,-86.75,1038,109,18:19:17,2012-07-31
454510,124970,-86.0,1038,109,18:19:17,2012-07-31
454515,124970,-86.0,1038,109,18:19:18,2012-07-31
454520,124975,-86.0,1038,109,18:19:18,2012-07-31
454525,124975,-86.0,1038,109,18:19:18,2012-07-31
454535,124980,-86.0,1038,109,18:19:20,2012-07-31
454545,124985,-86.0,1038,109,18:19:21,2012-07-31
454555,124990,-86.0,1038,109,18:19:21,2012-07-31
454575,124995,-86.0,1038,109,18:19:23,2012-07-31
454595,125005,-86.0,1038,109,18:19:25,2012-07-31
454610,125010,-86.0,1038,109,18:19:27,2012-07-31
454620,125015,-85.333336,1038,109,18:19:28,2012-07-31
454645,125025,-84.0,1038,109,18:19:29,2012-07-31
454660,125030,-86.0,1038,109,18:19:31,2012-07-31
454670,125040,-85.800003,1038,109,18:19:32,2012-07-31
454680,125045,-85.333336,1038,109,18:19:34,2012-07-31
454710,125055,-86.0,1038,109,18:19:35,2012-07-31
454775,125095,-86.0,1038,109,18:19:42,2012-07-31
454790,125100,-86.0,1038,109,18:19:43,2012-07-31
454800,125100,-86.0,1038,109,18:19:43,2012-07-31
454810,125105,-85.199997,1038,109,18:19:45,2012-07-31
454825,125110,-84.25,1038,109,18:19:46,2012-07-31
454855,125115,-85.333336,1038,109,18:19:48,2012-07-31
454860,125120,-86.0,1038,109,18:19:48,2012-07-31
454865,125120,-86.0,1038,109,18:19:49,2012-07-31
454890,125125,-86.25,1038,109,18:19:51,2012-07-31
454895,125125,-87.0,1038,109,18:19:51,2012-07-31
454905,125130,-87.0,1038,109,18:19:52,2012-07-31
452745,125140,-48.0,1038,109,18:39:02,2012-07-27
452725,125150,-48.0,1038,109,18:39:00,2012-07-27
452710,125155,-48.0,1038,109,18:38:59,2012-07-27
452695,125165,-48.0,1038,109,18:38:58,2012-07-27
452655,125185,-48.0,1038,109,18:38:57,2012-07-27
452635,125195,-48.0,1038,109,18:38:55,2012-07-27
452620,125200,-46.0,1038,109,18:38:54,2012-07-27
452625,125200,-46.0,1038,109,18:38:54,2012-07-27
452620,125205,-47.0,1038,109,18:38:53,2012-07-27
455100,125205,-85.0,1038,109,18:20:09,2012-07-31
452605,125210,-46.0,1038,109,18:38:53,2012-07-27
452610,125210,-46.0,1038,109,18:38:53,2012-07-27
455120,125210,-85.0,1038,109,18:20:10,2012-07-31
452600,125215,-46.0,1038,109,18:38:52,2012-07-27
455135,125215,-85.0,1038,109,18:20:11,2012-07-31
455140,125215,-85.333336,1038,109,18:20:12,2012-07-31
455145,125215,-86.0,1038,109,18:20:12,2012-07-31
455150,125215,-86.0,1038,109,18:20:12,2012-07-31
455160,125220,-86.0,1038,109,18:20:13,2012-07-31
455165,125220,-86.0,1038,109,18:20:13,2012-07-31
452580,125225,-48.0,1038,109,18:38:51,2012-07-27
455175,125225,-86.333336,1038,109,18:20:15,2012-07-31
452570,125230,-49.0,1038,109,18:38:51,2012-07-27
455190,125230,-86.666664,1038,109,18:20:16,2012-07-31
451035,125235,-84.0,1038,109,18:37:12,2012-07-27
455205,125235,-85.333336,1038,109,18:20:17,2012-07-31
455220,125235,-83.199997,1038,109,18:20:19,2012-07-31
451045,125240,-83.75,1038,109,18:37:14,2012-07-27
451055,125240,-83.0,1038,109,18:37:14,2012-07-27
452555,125240,-50.333332,1038,109,18:38:50,2012-07-27
455235,125240,-81.599998,1038,109,18:20:20,2012-07-31
451070,125245,-82.199997,1038,109,18:37:15,2012-07-27
451080,125245,-81.25,1038,109,18:37:17,2012-07-27
455250,125245,-79.25,1038,109,18:20:22,2012-07-31
451095,125250,-82.0,1038,109,18:37:18,2012-07-27
451105,125250,-82.0,1038,109,18:37:19,2012-07-27
452535,125250,-52.333332,1038,109,18:38:48,2012-07-27
451125,125255,-82.0,1038,109,18:37:20,2012-07-27
455275,125255,-77.0,1038,109,18:20:23,2012-07-31
455285,125260,-76.599998,1038,109,18:20:24,2012-07-31
452515,125265,-53.666668,1038,109,18:38:47,2012-07-27
455295,125265,-76.0,1038,109,18:20:26,2012-07-31
452495,125275,-54.0,1038,109,18:38:46,2012-07-27
455305,125275,-75.75,1038,109,18:20:26,2012-07-31
455315,125280,-75.333336,1038,109,18:20:29,2012-07-31
452470,125285,-53.333332,1038,109,18:38:44,2012-07-27
455330,125290,-76.0,1038,109,18:20:29,2012-07-31
455335,125295,-76.0,1038,109,18:20:30,2012-07-31
452445,125300,-53.666668,1038,109,18:38:43,2012-07-27
455345,125300,-76.0,1038,109,18:20:31,2012-07-31
452425,125305,-54.0,1038,109,18:38:41,2012-07-27
455355,125310,-75.666664,1038,109,18:20:33,2012-07-31
452385,125315,-56.0,1038,109,18:38:39,2012-07-27
452395,125315,-55.333332,1038,109,18:38:40,2012-07-27
455365,125315,-74.666664,1038,109,18:20:34,2012-07-31
452375,125320,-59.75,1038,109,18:38:39,2012-07-27
455375,125320,-73.666664,1038,109,18:20:36,2012-07-31
452360,125325,-61.666668,1038,109,18:38:37,2012-07-27
452370,125325,-61.0,1038,109,18:38:38,2012-07-27
455380,125330,-73.0,1038,109,18:20:36,2012-07-31
452330,125335,-63.333332,1038,109,18:38:36,2012-07-27
455385,125335,-72.0,1038,109,18:20:37,2012-07-31
452310,125345,-66.0,1038,109,18:38:34,2012-07-27
452315,125345,-64.0,1038,109,18:38:35,2012-07-27
452305,125350,-67.0,1038,109,18:38:34,2012-07-27
452295,125355,-67.0,1038,109,18:38:33,2012-07-27
452280,125360,-70.0,1038,109,18:38:32,2012-07-27
452285,125360,-70.0,1038,109,18:38:33,2012-07-27
452290,125360,-69.25,1038,109,18:38:33,2012-07-27
452275,125365,-70.0,1038,109,18:38:32,2012-07-27
452280,125365,-70.0,1038,109,18:38:32,2012-07-27
451590,125370,-81.0,1038,109,18:37:49,2012-07-27
451595,125370,-81.0,1038,109,18:37:50,2012-07-27
452265,125370,-70.0,1038,109,18:38:32,2012-07-27
452270,125370,-70.0,1038,109,18:38:32,2012-07-27
451615,125375,-80.666664,1038,109,18:37:51,2012-07-27
452265,125375,-70.0,1038,109,18:38:31,2012-07-27
451640,125385,-79.666664,1038,109,18:37:52,2012-07-27
452245,125385,-71.333336,1038,109,18:38:30,2012-07-27
451665,125390,-79.400002,1038,109,18:37:53,2012-07-27
451675,125395,-80.0,1038,109,18:37:54,2012-07-27
451690,125400,-79.5,1038,109,18:37:55,2012-07-27
452225,125400,-73.333336,1038,109,18:38:29,2012-07-27
451710,125405,-77.0,1038,109,18:37:56,2012-07-27
451725,125410,-75.75,1038,109,18:37:58,2012-07-27
452205,125415,-74.666664,1038,109,18:38:27,2012-07-27
451750,125420,-75.0,1038,109,18:37:59,2012-07-27
451765,125425,-75.0,1038,109,18:38:00,2012-07-27
452180,125430,-75.0,1038,109,18:38:26,2012-07-27
451780,125435,-75.333336,1038,109,18:38:01,2012-07-27
451800,125440,-77.0,1038,109,18:38:02,2012-07-27
451825,125450,-77.800003,1038,109,18:38:03,2012-07-27
451840,125455,-79.25,1038,109,18:38:05,2012-07-27
451855,125460,-80.25,1038,109,18:38:05,2012-07-27
452120,125465,-78.0,1038,109,18:38:23,2012-07-27
451880,125470,-81.0,1038,109,18:38:07,2012-07-27
452105,125470,-77.333336,1038,109,18:38:22,2012-07-27
452090,125475,-76.333336,1038,109,18:38:20,2012-07-27
451915,125480,-79.0,1038,109,18:38:09,2012-07-27
452065,125480,-75.25,1038,109,18:38:19,2012-07-27
451940,125485,-78.666664,1038,109,18:38:10,2012-07-27
452050,125485,-74.5,1038,109,18:38:17,2012-07-27
451955,125490,-78.0,1038,109,18:38:12,2012-07-27
451970,125490,-76.0,1038,109,18:38:13,2012-07-27
451995,125490,-75.75,1038,109,18:38:15,2012-07-27
452010,125490,-75.0,1038,109,18:38:15,2012-07-27
452030,125490,-74.75,1038,109,18:38:16,2012-07-27
446450,133620,-58.0,1038,109,15:04:47,2012-07-31
446440,133635,-58.0,1038,109,15:04:49,2012-07-31
446020,133645,-62.0,1038,109,15:12:24,2012-07-31
446435,133655,-58.0,1038,109,15:04:50,2012-07-31
446025,133660,-60.57143,1038,109,15:12:23,2012-07-31
446430,133665,-58.0,1038,109,15:04:51,2012-07-31
446025,133670,-56.0,1038,109,15:12:22,2012-07-31
446025,133675,-58.666668,1038,109,15:12:22,2012-07-31
446425,133680,-55.599998,1038,109,15:04:53,2012-07-31
446030,133690,-55.333332,1038,109,15:12:20,2012-07-31
446420,133695,-51.666668,1038,109,15:04:54,2012-07-31
446415,133710,-50.333332,1038,109,15:04:56,2012-07-31
446030,133715,-54.333332,1038,109,15:12:19,2012-07-31
446410,133720,-49.0,1038,109,15:04:56,2012-07-31
446030,133725,-55.0,1038,109,15:06:51,2012-07-31
446405,133730,-49.400002,1038,109,15:04:57,2012-07-31
446030,133735,-53.25,1038,109,15:12:18,2012-07-31
446035,133745,-55.0,1038,109,15:06:53,2012-07-31
446405,133745,-50.333332,1038,109,15:04:58,2012-07-31
446035,133755,-52.666668,1038,109,15:12:16,2012-07-31
446400,133755,-53.0,1038,109,15:05:00,2012-07-31
446035,133760,-55.0,1038,109,15:06:54,2012-07-31
446035,133765,-53.0,1038,109,15:12:16,2012-07-31
446035,133770,-55.0,1038,109,15:06:55,2012-07-31
446395,133770,-55.0,1038,109,15:05:01,2012-07-31
446035,133775,-54.5,1038,109,15:12:15,2012-07-31
446395,133780,-55.25,1038,109,15:05:01,2012-07-31
446035,133785,-55.0,1038,109,15:06:56,2012-07-31
446035,133795,-55.0,1038,109,15:06:57,2012-07-31
446395,133795,-56.333332,1038,109,15:05:03,2012-07-31
446035,133800,-55.0,1038,109,15:12:13,2012-07-31
446090,133805,-51.0,1038,109,15:06:25,2012-07-31
446035,133810,-55.0,1038,109,15:06:58,2012-07-31
446395,133810,-57.200001,1038,109,15:05:03,2012-07-31
446035,133815,-55.0,1038,109,15:12:13,2012-07-31
446095,133820,-51.0,1038,109,15:06:25,2012-07-31
446035,133825,-57.25,1038,109,15:12:12,2012-07-31
446390,133825,-58.0,1038,109,15:05:05,2012-07-31
446035,133830,-54.666668,1038,109,15:06:58,2012-07-31
446035,133835,-56.0,1038,109,15:06:59,2012-07-31
446390,133835,-58.799999,1038,109,15:05:05,2012-07-31
446035,133840,-59.333332,1038,109,15:12:11,2012-07-31
446035,133845,-54.666668,1038,109,15:07:00,2012-07-31
446390,133845,-60.0,1038,109,15:05:06,2012-07-31
446100,133850,-51.75,1038,109,15:06:23,2012-07-31
446035,133860,-57.0,1038,109,15:07:01,2012-07-31
446105,133860,-51.5,1038,109,15:06:22,2012-07-31
446385,133860,-60.0,1038,109,15:05:08,2012-07-31
446040,133870,-62.0,1038,109,15:12:09,2012-07-31
446380,133875,-60.0,1038,109,15:05:09,2012-07-31
446040,133880,-59.666668,1038,109,15:07:03,2012-07-31
446040,133885,-61.0,1038,109,15:07:03,2012-07-31
446110,133885,-51.0,1038,109,15:06:20,2012-07-31
446380,133885,-60.0,1038,109,15:05:10,2012-07-31
446040,133890,-61.0,1038,109,15:07:03,2012-07-31
446045,133890,-64.333336,1038,109,15:12:08,2012-07-31
446375,133895,-60.25,1038,109,15:05:10,2012-07-31
446045,133900,-61.666668,1038,109,15:07:04,2012-07-31
446050,133910,-65.5,1038,109,15:07:05,2012-07-31
446115,133910,-51.5,1038,109,15:06:19,2012-07-31
446370,133910,-61.0,1038,109,15:05:13,2012-07-31
446115,133915,-51.333332,1038,109,15:06:18,2012-07-31
446050,133920,-63.75,1038,109,15:07:05,2012-07-31
446120,133925,-51.0,1038,109,15:06:17,2012-07-31
446060,133930,-66.25,1038,109,15:12:05,2012-07-31
446365,133930,-64.0,1038,109,15:05:14,2012-07-31
446060,133935,-66.0,1038,109,15:12:04,2012-07-31
446120,133935,-51.75,1038,109,15:06:16,2012-07-31
446060,133940,-66.0,1038,109,15:07:07,2012-07-31
446065,133950,-66.0,1038,109,15:07:08,2012-07-31
446070,133950,-65.333336,1038,109,15:12:04,2012-07-31
446360,133950,-67.75,1038,109,15:05:17,2012-07-31
446125,133955,-54.0,1038,109,15:06:15,2012-07-31
446070,133960,-65.75,1038,109,15:07:08,2012-07-31
446355,133960,-70.0,1038,109,15:05:17,2012-07-31
446075,133965,-65.0,1038,109,15:12:02,2012-07-31
446355,133965,-70.25,1038,109,15:05:18,2012-07-31
446135,133970,-57.0,1038,109,15:06:13,2012-07-31
446080,133975,-64.75,1038,109,15:07:10,2012-07-31
446350,133975,-71.0,1038,109,15:05:19,2012-07-31
446085,133980,-64.400002,1038,109,15:12:02,2012-07-31
446350,133980,-71.75,1038,109,15:05:20,2012-07-31
446085,133985,-64.0,1038,109,15:07:10,2012-07-31
446140,133985,-59.333332,1038,109,15:06:12,2012-07-31
446090,133995,-62.285713,1038,109,15:07:11,2012-07-31
446350,133995,-73.5,1038,109,15:05:21,2012-07-31
446145,134000,-60.0,1038,109,15:06:11,2012-07-31
446145,134005,-62.0,1038,109,15:06:10,2012-07-31
446350,134005,-72.0,1038,109,15:05:22,2012-07-31
446095,134010,-61.0,1038,109,15:07:12,2012-07-31
446345,134010,-71.75,1038,109,15:05:22,2012-07-31
446345,134015,-71.0,1038,109,15:05:23,2012-07-31
446100,134020,-60.5,1038,109,15:07:13,2012-07-31
446105,134025,-60.0,1038,109,15:07:13,2012-07-31
446155,134025,-65.25,1038,109,15:06:09,2012-07-31
446345,134025,-71.0,1038,109,15:05:24,2012-07-31
446105,134030,-58.75,1038,109,15:07:14,2012-07-31
446160,134030,-66.0,1038,109,15:06:08,2012-07-31
446345,134030,-70.75,1038,109,15:05:25,2012-07-31
446110,134040,-60.0,1038,109,15:11:58,2012-07-31
446115,134040,-58.0,1038,109,15:07:15,2012-07-31
446165,134040,-65.333336,1038,109,15:06:08,2012-07-31
446345,134040,-70.0,1038,109,15:05:26,2012-07-31
446345,134045,-69.5,1038,109,15:05:27,2012-07-31
446350,134050,-68.0,1038,109,15:05:27,2012-07-31
446175,134055,-64.333336,1038,109,15:06:06,2012-07-31
446350,134055,-67.714287,1038,109,15:05:28,2012-07-31
446125,134060,-59.0,1038,109,15:07:17,2012-07-31
446350,134060,-67.0,1038,109,15:05:28,2012-07-31
446130,134065,-60.666668,1038,109,15:11:56,2012-07-31
446350,134065,-67.400002,1038,109,15:05:29,2012-07-31
446135,134070,-61.0,1038,109,15:07:18,2012-07-31
446140,134070,-62.5,1038,109,15:11:55,2012-07-31
446350,134075,-69.0,1038,109,15:05:30,2012-07-31
446145,134080,-64.0,1038,109,15:07:19,2012-07-31
446185,134080,-65.333336,1038,109,15:06:05,2012-07-31
446350,134080,-69.0,1038,109,15:05:31,2012-07-31
446155,134090,-64.25,1038,109,15:07:20,2012-07-31
446350,134090,-69.0,1038,109,15:05:32,2012-07-31
446160,134095,-63.599998,1038,109,15:11:54,2012-07-31
446200,134095,-67.333336,1038,109,15:06:03,2012-07-31
446350,134095,-69.25,1038,109,15:05:32,2012-07-31
446350,134100,-70.0,1038,109,15:05:33,2012-07-31
446170,134105,-63.5,1038,109,15:11:52,2012-07-31
446170,134110,-65.333336,1038,109,15:07:21,2012-07-31
446345,134110,-70.75,1038,109,15:05:34,2012-07-31
446025,134115,-56.0,1038,109,15:08:56,2012-07-31
446030,134115,-58.492752,1038,109,15:08:56,2012-07-31
446035,134115,-58.0,1038,109,15:10:08,2012-07-31
446210,134115,-66.666664,1038,109,15:06:02,2012-07-31
446345,134115,-73.0,1038,109,15:05:34,2012-07-31
446025,134120,-54.888889,1038,109,15:08:54,2012-07-31
446040,134120,-57.0,1038,109,15:08:51,2012-07-31
446045,134120,-56.666668,1038,109,15:08:50,2012-07-31
446055,134120,-58.333332,1038,109,15:10:12,2012-07-31
446180,134120,-66.666664,1038,109,15:07:22,2012-07-31
446030,134125,-54.666668,1038,109,15:08:53,2012-07-31
446035,134125,-54.400002,1038,109,15:08:51,2012-07-31
446050,134125,-58.0,1038,109,15:08:49,2012-07-31
446060,134125,-59.5,1038,109,15:08:47,2012-07-31
446180,134125,-61.666668,1038,109,15:11:51,2012-07-31
446220,134125,-66.666664,1038,109,15:06:01,2012-07-31
446345,134125,-73.0,1038,109,15:05:35,2012-07-31
446070,134130,-60.5,1038,109,15:08:46,2012-07-31
446075,134130,-60.0,1038,109,15:10:15,2012-07-31
446190,134130,-68.0,1038,109,15:07:24,2012-07-31
446345,134130,-73.0,1038,109,15:05:35,2012-07-31
446075,134135,-61.375,1038,109,15:10:16,2012-07-31
446190,134135,-60.400002,1038,109,15:11:49,2012-07-31
446230,134135,-67.0,1038,109,15:06:00,2012-07-31
446345,134135,-73.0,1038,109,15:05:36,2012-07-31
446080,134140,-62.666668,1038,109,15:08:43,2012-07-31
446085,134140,-61.0,1038,109,15:10:16,2012-07-31
446100,134140,-56.666668,1038,109,15:10:25,2012-07-31
446345,134140,-73.0,1038,109,15:05:36,2012-07-31
446090,134145,-59.0,1038,109,15:10:30,2012-07-31
446095,134145,-57.599998,1038,109,15:10:29,2012-07-31
446100,134145,-55.42857,1038,109,15:10:23,2012-07-31
446195,134145,-67.599998,1038,109,15:07:25,2012-07-31
446245,134145,-67.0,1038,109,15:05:59,2012-07-31
446080,134150,-56.375,1038,109,15:10:32,2012-07-31
446090,134150,-55.666668,1038,109,15:10:30,2012-07-31
446345,134150,-73.0,1038,109,15:05:37,2012-07-31
446075,134155,-61.333332,1038,109,15:08:40,2012-07-31
446200,134155,-58.0,1038,109,15:11:48,2012-07-31
446255,134155,-66.75,1038,109,15:05:58,2012-07-31
446345,134155,-73.0,1038,109,15:05:38,2012-07-31
446070,134160,-52.0,1038,109,15:10:33,2012-07-31
446065,134165,-56.0,1038,109,15:10:34,2012-07-31
446345,134165,-73.0,1038,109,15:05:39,2012-07-31
446060,134170,-58.200001,1038,109,15:08:37,2012-07-31
446270,134170,-66.0,1038,109,15:05:56,2012-07-31
446055,134175,-57.0,1038,109,15:08:37,2012-07-31
446345,134175,-72.25,1038,109,15:05:41,2012-07-31
446055,134180,-54.666668,1038,109,15:10:36,2012-07-31
446210,134180,-62.142857,1038,109,15:11:47,2012-07-31
446275,134180,-66.0,1038,109,15:05:55,2012-07-31
446055,134185,-56.75,1038,109,15:10:37,2012-07-31
446280,134185,-66.0,1038,109,15:05:54,2012-07-31
446345,134185,-70.0,1038,109,15:05:42,2012-07-31
446055,134190,-56.25,1038,109,15:10:37,2012-07-31
446215,134190,-66.0,1038,109,15:07:28,2012-07-31
446055,134195,-56.5,1038,109,15:08:34,2012-07-31
446285,134195,-66.0,1038,109,15:05:53,2012-07-31
446295,134195,-66.75,1038,109,15:05:52,2012-07-31
446345,134195,-70.333336,1038,109,15:05:44,2012-07-31
446300,134200,-68.199997,1038,109,15:05:51,2012-07-31
446305,134200,-69.0,1038,109,15:05:50,2012-07-31
446320,134200,-69.0,1038,109,15:05:49,2012-07-31
446325,134200,-69.0,1038,109,15:05:48,2012-07-31
446340,134200,-70.375,1038,109,15:05:46,2012-07-31
446055,134205,-57.0,1038,109,15:10:39,2012-07-31
446215,134205,-61.444443,1038,109,15:11:45,2012-07-31
446220,134210,-57.333332,1038,109,15:11:44,2012-07-31
446060,134215,-57.0,1038,109,15:10:39,2012-07-31
446220,134215,-65.599998,1038,109,15:07:30,2012-07-31
446055,134220,-53.75,1038,109,15:08:32,2012-07-31
446060,134225,-57.333332,1038,109,15:10:40,2012-07-31
446220,134225,-65.0,1038,109,15:07:30,2012-07-31
446060,134230,-53.75,1038,109,15:08:32,2012-07-31
446220,134230,-57.0,1038,109,15:11:42,2012-07-31
446065,134240,-56.875,1038,109,15:08:30,2012-07-31
446220,134240,-64.777779,1038,109,15:07:32,2012-07-31
446065,134245,-60.0,1038,109,15:10:43,2012-07-31
446225,134250,-55.666668,1038,109,15:11:41,2012-07-31
446065,134255,-57.0,1038,109,15:08:29,2012-07-31
446070,134260,-60.0,1038,109,15:10:44,2012-07-31
446070,134265,-57.0,1038,109,15:08:28,2012-07-31
446225,134265,-56.5,1038,109,15:11:39,2012-07-31
446075,134275,-60.0,1038,109,15:10:44,2012-07-31
446225,134275,-62.333332,1038,109,15:07:34,2012-07-31
446075,134280,-57.285713,1038,109,15:08:27,2012-07-31
446230,134290,-56.375,1038,109,15:11:37,2012-07-31
446080,134295,-58.0,1038,109,15:08:27,2012-07-31
446230,134300,-53.25,1038,109,15:11:37,2012-07-31
446080,134305,-57.25,1038,109,15:08:26,2012-07-31
446085,134305,-60.333332,1038,109,15:10:46,2012-07-31
446230,134310,-53.0,1038,109,15:11:36,2012-07-31
446230,134315,-54.0,1038,109,15:11:35,2012-07-31
446085,134320,-56.333332,1038,109,15:08:25,2012-07-31
446230,134320,-57.666668,1038,109,15:07:37,2012-07-31
446235,134320,-53.666668,1038,109,15:11:35,2012-07-31
446090,134325,-61.0,1038,109,15:10:47,2012-07-31
446235,134325,-54.0,1038,109,15:11:35,2012-07-31
446090,134330,-56.0,1038,109,15:08:24,2012-07-31
446235,134330,-54.75,1038,109,15:11:34,2012-07-31
446235,134335,-53.799999,1038,109,15:07:38,2012-07-31
446095,134340,-60.75,1038,109,15:10:49,2012-07-31
446235,134340,-55.0,1038,109,15:11:33,2012-07-31
446095,134345,-60.0,1038,109,15:10:49,2012-07-31
446095,134350,-53.599998,1038,109,15:08:22,2012-07-31
446235,134350,-55.0,1038,109,15:07:39,2012-07-31
446100,134355,-55.400002,1038,109,15:08:22,2012-07-31
446240,134355,-57.0,1038,109,15:11:32,2012-07-31
446105,134360,-58.799999,1038,109,15:10:50,2012-07-31
446240,134360,-57.0,1038,109,15:11:32,2012-07-31
446235,134365,-52.5,1038,109,15:07:39,2012-07-31
446240,134365,-56.333332,1038,109,15:11:31,2012-07-31
446105,134370,-55.666668,1038,109,15:08:20,2012-07-31
446110,134380,-55.0,1038,109,15:08:20,2012-07-31
446115,134380,-57.333332,1038,109,15:10:52,2012-07-31
446235,134380,-53.25,1038,109,15:07:41,2012-07-31
446240,134380,-56.0,1038,109,15:11:30,2012-07-31
446240,134385,-56.0,1038,109,15:11:30,2012-07-31
446115,134390,-56.5,1038,109,15:08:19,2012-07-31
446240,134390,-57.5,1038,109,15:11:30,2012-07-31
446120,134395,-57.666668,1038,109,15:10:53,2012-07-31
446235,134395,-54.0,1038,109,15:07:42,2012-07-31
446120,134405,-57.5,1038,109,15:08:18,2012-07-31
446235,134405,-58.0,1038,109,15:11:29,2012-07-31
446125,134415,-58.75,1038,109,15:08:16,2012-07-31
446235,134415,-56.727272,1038,109,15:07:42,2012-07-31
446130,134420,-56.599998,1038,109,15:10:54,2012-07-31
446235,134420,-58.0,1038,109,15:11:28,2012-07-31
446130,134425,-59.0,1038,109,15:08:15,2012-07-31
446135,134425,-57.333332,1038,109,15:10:56,2012-07-31
446235,134430,-55.400002,1038,109,15:07:43,2012-07-31
446135,134435,-56.75,1038,109,15:08:15,2012-07-31
446235,134435,-58.666668,1038,109,15:11:27,2012-07-31
446140,134440,-60.599998,1038,109,15:10:56,2012-07-31
446235,134445,-57.333332,1038,109,15:07:45,2012-07-31
446140,134450,-57.200001,1038,109,15:08:13,2012-07-31
446145,134460,-63.0,1038,109,15:10:58,2012-07-31
446230,134460,-58.333332,1038,109,15:07:46,2012-07-31
446145,134465,-58.0,1038,109,15:08:13,2012-07-31
446145,134475,-58.666668,1038,109,15:08:12,2012-07-31
446150,134475,-64.875,1038,109,15:10:59,2012-07-31
446225,134480,-59.666668,1038,109,15:11:24,2012-07-31
446150,134485,-60.333332,1038,109,15:08:10,2012-07-31
446150,134490,-67.0,1038,109,15:11:00,2012-07-31
446220,134490,-60.0,1038,109,15:11:23,2012-07-31
446220,134500,-59.285713,1038,109,15:07:48,2012-07-31
446150,134510,-62.599998,1038,109,15:08:09,2012-07-31
446215,134515,-62.5,1038,109,15:11:21,2012-07-31
446155,134520,-70.199997,1038,109,15:11:01,2012-07-31
446215,134520,-58.0,1038,109,15:07:49,2012-07-31
446155,134525,-65.25,1038,109,15:08:08,2012-07-31
446155,134535,-70.75,1038,109,15:11:03,2012-07-31
446215,134535,-63.333332,1038,109,15:11:20,2012-07-31
446155,134540,-66.75,1038,109,15:08:06,2012-07-31
446215,134540,-58.5,1038,109,15:07:51,2012-07-31
446155,134550,-70.0,1038,109,15:11:03,2012-07-31
446155,134555,-69.111115,1038,109,15:08:05,2012-07-31
446210,134555,-62.25,1038,109,15:11:18,2012-07-31
446210,134560,-60.666668,1038,109,15:07:52,2012-07-31
446160,134565,-68.666664,1038,109,15:08:03,2012-07-31
446205,134565,-63.333332,1038,109,15:11:17,2012-07-31
446160,134570,-69.0,1038,109,15:08:02,2012-07-31
446165,134570,-69.0,1038,109,15:11:07,2012-07-31
446200,134575,-64.666664,1038,109,15:11:15,2012-07-31
446170,134580,-69.400002,1038,109,15:08:00,2012-07-31
446195,134580,-65.666664,1038,109,15:11:14,2012-07-31
446205,134580,-63.0,1038,109,15:07:54,2012-07-31
446175,134585,-69.0,1038,109,15:08:00,2012-07-31
446180,134585,-68.25,1038,109,15:07:59,2012-07-31
446185,134585,-68.428574,1038,109,15:11:08,2012-07-31
446190,134585,-67.5,1038,109,15:11:13,2012-07-31
446205,134585,-66.0,1038,109,15:07:54,2012-07-31
446180,134590,-68.0,1038,109,15:07:59,2012-07-31
446185,134590,-68.0,1038,109,15:07:58,2012-07-31
446190,134590,-68.800003,1038,109,15:07:58,2012-07-31
446195,134590,-68.333336,1038,109,15:07:56,2012-07-31
446200,134590,-68.0,1038,109,15:07:55,2012-07-31
446205,134590,-66.666664,1038,109,15:07:55,2012-07-31
444195,119100,-87.0,1038,109,12:07:50,2012-07-30
444200,119100,-86.125,1038,109,12:07:49,2012-07-30
444205,119105,-86.0,1038,109,12:07:48,2012-07-30
444255,119130,-83.0,1038,109,12:07:39,2012-07-30
444260,119130,-83.0,1038,109,12:07:38,2012-07-30
444260,119135,-83.0,1038,109,12:07:37,2012-07-30
444265,119135,-83.5,1038,109,12:07:36,2012-07-30
444270,119135,-84.0,1038,109,12:07:35,2012-07-30
444275,119135,-84.0,1038,109,12:07:34,2012-07-30
444285,119135,-86.0,1038,109,12:07:32,2012-07-30
444405,119135,-83.599998,1038,109,12:03:25,2012-07-30
444260,119140,-83.0,1038,109,12:04:32,2012-07-30
444275,119140,-79.0,1038,109,12:06:16,2012-07-30
444400,119140,-83.565216,1038,109,12:03:22,2012-07-30
444250,119145,-83.25,1038,109,12:04:34,2012-07-30
444255,119145,-81.400002,1038,109,12:04:33,2012-07-30
444245,119150,-84.0,1038,109,12:04:35,2012-07-30
444250,119150,-81.666664,1038,109,12:05:40,2012-07-30
444255,119150,-81.0,1038,109,12:05:41,2012-07-30
444160,119155,-89.0,1038,109,12:05:23,2012-07-30
444240,119155,-84.0,1038,109,12:04:36,2012-07-30
444245,119155,-82.666664,1038,109,12:05:39,2012-07-30
444315,119155,-86.0,1038,109,12:06:24,2012-07-30
444320,119155,-79.333336,1038,109,12:07:03,2012-07-30
444325,119155,-79.800003,1038,109,12:07:03,2012-07-30
444160,119160,-89.0,1038,109,12:05:24,2012-07-30
444235,119160,-83.14286,1038,109,12:04:38,2012-07-30
444240,119160,-83.0,1038,109,12:05:38,2012-07-30
444315,119160,-86.0,1038,109,12:06:25,2012-07-30
444320,119160,-80.8125,1038,109,12:06:48,2012-07-30
444325,119160,-79.800003,1038,109,12:07:02,2012-07-30
444360,119160,-81.0,1038,109,12:04:10,2012-07-30
444370,119160,-81.0,1038,109,12:04:08,2012-07-30
444175,119165,-86.0,1038,109,12:05:26,2012-07-30
444180,119165,-85.5,1038,109,12:05:27,2012-07-30
444230,119165,-82.444443,1038,109,12:04:39,2012-07-30
444320,119165,-77.155556,1038,109,12:06:32,2012-07-30
444325,119165,-82.0,1038,109,12:04:16,2012-07-30
444185,119170,-84.0,1038,109,12:05:28,2012-07-30
444195,119170,-83.599998,1038,109,12:05:29,2012-07-30
444225,119170,-82.5,1038,109,12:05:34,2012-07-30
444230,119170,-82.0,1038,109,12:04:40,2012-07-30
444325,119170,-81.25,1038,109,12:04:15,2012-07-30
444340,119170,-80.666664,1038,109,12:04:12,2012-07-30
444350,119170,-81.0,1038,109,12:04:11,2012-07-30
444200,119175,-83.0,1038,109,12:05:30,2012-07-30
444210,119175,-83.0,1038,109,12:05:32,2012-07-30
444220,119175,-81.0,1038,109,12:04:41,2012-07-30
444225,119175,-81.599998,1038,109,12:04:41,2012-07-30
444335,119175,-80.400002,1038,109,12:04:14,2012-07-30
444215,119180,-83.0,1038,109,12:04:43,2012-07-30
444220,119180,-81.5,1038,109,12:04:42,2012-07-30
444205,119185,-85.0,1038,109,12:04:45,2012-07-30
444210,119185,-83.800003,1038,109,12:04:44,2012-07-30
444215,119185,-83.0,1038,109,12:04:43,2012-07-30
451160,119365,-74.0,1038,109,18:52:04,2012-07-27
451150,119385,-74.0,1038,109,18:52:03,2012-07-27
451145,119405,-74.0,1038,109,18:52:02,2012-07-27
451130,119435,-74.333336,1038,109,18:52:01,2012-07-27
451120,119455,-75.0,1038,109,18:52:00,2012-07-27
451110,119475,-75.666664,1038,109,18:51:59,2012-07-27
451095,119505,-77.333336,1038,109,18:51:58,2012-07-27
451090,119525,-78.0,1038,109,18:51:56,2012-07-27
451085,119535,-78.0,1038,109,18:51:55,2012-07-27
451075,119550,-78.0,1038,109,18:51:55,2012-07-27
451075,119560,-78.0,1038,109,18:51:54,2012-07-27
451070,119570,-78.0,1038,109,18:51:53,2012-07-27
451065,119580,-78.0,1038,109,18:51:52,2012-07-27
451060,119590,-78.0,1038,109,18:51:52,2012-07-27
451055,119595,-78.0,1038,109,18:51:51,2012-07-27
451055,119600,-78.0,1038,109,18:51:51,2012-07-27
451050,119610,-78.0,1038,109,18:51:50,2012-07-27
451045,119620,-78.0,1038,109,18:51:49,2012-07-27
451015,119680,-79.0,1038,109,18:51:45,2012-07-27
451010,119695,-79.0,1038,109,18:51:44,2012-07-27
451010,119700,-79.0,1038,109,18:51:44,2012-07-27
451005,119705,-79.0,1038,109,18:51:44,2012-07-27
451000,119725,-78.333336,1038,109,18:51:42,2012-07-27
450995,119735,-78.0,1038,109,18:51:41,2012-07-27
450990,119740,-78.0,1038,109,18:51:41,2012-07-27
450985,119745,-78.0,1038,109,18:51:40,2012-07-27
450980,119760,-78.0,1038,109,18:51:39,2012-07-27
453640,121435,-83.0,1038,109,18:36:09,2012-07-31
453640,121450,-83.0,1038,109,18:36:08,2012-07-31
453635,121465,-82.75,1038,109,18:36:07,2012-07-31
453630,121490,-81.333336,1038,109,18:36:06,2012-07-31
453630,121505,-80.25,1038,109,18:36:04,2012-07-31
453625,121520,-80.0,1038,109,18:36:04,2012-07-31
453625,121535,-79.333336,1038,109,18:36:03,2012-07-31
453625,121550,-78.333336,1038,109,18:36:02,2012-07-31
453625,121560,-77.25,1038,109,18:36:00,2012-07-31
453625,121575,-77.0,1038,109,18:35:59,2012-07-31
453625,121590,-77.0,1038,109,18:35:59,2012-07-31
453625,121600,-76.0,1038,109,18:35:57,2012-07-31
453625,121625,-76.0,1038,109,18:35:56,2012-07-31
454425,122185,-75.0,1038,109,18:33:14,2012-07-31
454425,122190,-75.0,1038,109,18:33:13,2012-07-31
454775,122330,-75.0,1038,109,18:32:44,2012-07-31
454795,122330,-73.800003,1038,109,18:32:43,2012-07-31
454825,122330,-72.400002,1038,109,18:32:42,2012-07-31
454840,122330,-72.0,1038,109,18:32:41,2012-07-31
454860,122330,-72.833336,1038,109,18:32:40,2012-07-31
454880,122330,-73.0,1038,109,18:32:39,2012-07-31
452645,122375,-70.0,1038,109,18:43:02,2012-07-27
452655,122400,-70.0,1038,109,18:43:01,2012-07-27
453580,122640,-79.0,1038,109,14:49:00,2012-07-30
453565,122670,-78.25,1038,109,14:48:59,2012-07-30
453545,122700,-78.0,1038,109,14:48:57,2012-07-30
453515,122740,-79.199997,1038,109,14:48:56,2012-07-30
453495,122770,-80.0,1038,109,14:48:55,2012-07-30
453475,122800,-78.5,1038,109,14:48:54,2012-07-30
453455,122825,-76.666664,1038,109,14:48:53,2012-07-30
453415,122885,-77.333336,1038,109,14:48:52,2012-07-30
453395,122910,-77.333336,1038,109,14:48:50,2012-07-30
453375,122940,-75.5,1038,109,14:48:49,2012-07-30
453355,122965,-75.0,1038,109,14:48:48,2012-07-30
453335,122990,-75.0,1038,109,14:48:48,2012-07-30
453310,123020,-75.0,1038,109,14:48:46,2012-07-30
453270,123075,-73.333336,1038,109,14:48:45,2012-07-30
453250,123100,-73.0,1038,109,14:48:43,2012-07-30
453015,123370,-70.0,1038,109,18:42:15,2012-07-27
453025,123390,-70.0,1038,109,18:42:13,2012-07-27
452360,123405,-82.0,1038,109,18:15:37,2012-07-31
453035,123405,-70.0,1038,109,18:42:12,2012-07-27
452365,123415,-81.428574,1038,109,18:15:38,2012-07-31
453045,123425,-70.0,1038,109,18:42:11,2012-07-27
452370,123430,-81.666664,1038,109,18:15:40,2012-07-31
452370,123435,-83.0,1038,109,18:15:40,2012-07-31
453060,123445,-70.0,1038,109,18:42:10,2012-07-27
452390,123460,-83.0,1038,109,18:15:42,2012-07-31
453070,123465,-70.0,1038,109,18:42:09,2012-07-27
452395,123470,-83.333336,1038,109,18:15:44,2012-07-31
452400,123480,-84.0,1038,109,18:15:45,2012-07-31
452890,123490,-73.0,1038,109,14:48:27,2012-07-30
452410,123495,-84.0,1038,109,18:15:46,2012-07-31
453090,123495,-70.0,1038,109,18:42:07,2012-07-27
452415,123500,-83.666664,1038,109,18:15:47,2012-07-31
453105,123510,-71.666664,1038,109,18:42:06,2012-07-27
452420,123515,-83.0,1038,109,18:15:48,2012-07-31
452855,123520,-73.0,1038,109,14:48:26,2012-07-30
452425,123530,-84.0,1038,109,18:15:49,2012-07-31
453115,123530,-74.666664,1038,109,18:42:06,2012-07-27
453120,123530,-76.0,1038,109,18:42:05,2012-07-27
452840,123535,-73.0,1038,109,14:48:25,2012-07-30
452430,123540,-83.75,1038,109,18:15:51,2012-07-31
453125,123540,-78.0,1038,109,18:42:04,2012-07-27
452820,123550,-72.25,1038,109,14:48:24,2012-07-30
452440,123555,-83.0,1038,109,18:15:52,2012-07-31
452800,123565,-72.0,1038,109,14:48:24,2012-07-30
453150,123570,-79.599998,1038,109,18:42:03,2012-07-27
453155,123575,-80.0,1038,109,18:42:03,2012-07-27
453160,123580,-80.0,1038,109,18:42:02,2012-07-27
452775,123585,-72.75,1038,109,14:48:23,2012-07-30
453160,123585,-80.0,1038,109,18:42:02,2012-07-27
453165,123585,-80.0,1038,109,18:42:02,2012-07-27
452475,123590,-80.0,1038,109,18:15:57,2012-07-31
453170,123590,-80.0,1038,109,18:42:02,2012-07-27
453170,123595,-80.0,1038,109,18:42:02,2012-07-27
452480,123600,-80.0,1038,109,18:15:57,2012-07-31
452485,123605,-80.25,1038,109,18:15:58,2012-07-31
452495,123610,-81.0,1038,109,18:15:59,2012-07-31
452500,123615,-80.25,1038,109,18:15:59,2012-07-31
452740,123615,-73.0,1038,109,14:48:22,2012-07-30
453190,123615,-80.0,1038,109,18:42:00,2012-07-27
452505,123620,-78.0,1038,109,18:16:00,2012-07-31
453200,123625,-80.0,1038,109,18:41:59,2012-07-27
452515,123630,-77.75,1038,109,18:16:01,2012-07-31
452720,123630,-73.0,1038,109,14:48:21,2012-07-30
453210,123635,-80.599998,1038,109,18:41:59,2012-07-27
452525,123640,-77.0,1038,109,18:16:02,2012-07-31
452530,123645,-77.666664,1038,109,18:16:04,2012-07-31
453220,123650,-81.0,1038,109,18:41:58,2012-07-27
452690,123655,-73.0,1038,109,14:48:20,2012-07-30
453230,123655,-81.0,1038,109,18:41:57,2012-07-27
452550,123665,-77.666664,1038,109,18:16:05,2012-07-31
452560,123675,-75.0,1038,109,18:16:06,2012-07-31
452660,123675,-72.400002,1038,109,14:48:19,2012-07-30
452570,123680,-74.5,1038,109,18:16:08,2012-07-31
453260,123685,-79.0,1038,109,18:41:56,2012-07-27
452630,123695,-72.0,1038,109,14:48:18,2012-07-30
453270,123695,-79.0,1038,109,18:41:55,2012-07-27
452585,123700,-73.800003,1038,109,18:16:09,2012-07-31
452590,123700,-73.0,1038,109,18:16:10,2012-07-31
453280,123705,-76.75,1038,109,18:41:54,2012-07-27
452600,123710,-73.0,1038,109,18:16:11,2012-07-31
453285,123710,-76.0,1038,109,18:41:54,2012-07-27
452605,123715,-72.800003,1038,109,14:48:17,2012-07-30
452605,123715,-73.333336,1038,109,18:16:12,2012-07-31
453300,123725,-75.333336,1038,109,18:41:53,2012-07-27
452620,123730,-74.666664,1038,109,18:16:13,2012-07-31
452575,123735,-72.333336,1038,109,14:48:16,2012-07-30
452630,123740,-77.0,1038,109,18:16:15,2012-07-31
452640,123745,-79.0,1038,109,18:16:16,2012-07-31
452645,123750,-78.0,1038,109,18:16:16,2012-07-31
453325,123750,-73.5,1038,109,18:41:52,2012-07-27
452655,123755,-76.333336,1038,109,18:16:18,2012-07-31
452665,123760,-75.0,1038,109,18:16:18,2012-07-31
453335,123760,-73.0,1038,109,18:41:51,2012-07-27
452530,123765,-72.0,1038,109,14:48:15,2012-07-30
452670,123765,-74.333336,1038,109,18:16:19,2012-07-31
452680,123765,-73.0,1038,109,18:16:21,2012-07-31
453350,123775,-71.5,1038,109,18:41:50,2012-07-27
452700,123780,-73.666664,1038,109,18:16:22,2012-07-31
452505,123785,-72.0,1038,109,14:48:14,2012-07-30
453360,123785,-71.0,1038,109,18:41:50,2012-07-27
452710,123790,-76.5,1038,109,18:16:23,2012-07-31
453370,123790,-71.75,1038,109,18:41:49,2012-07-27
452720,123795,-78.333336,1038,109,18:16:25,2012-07-31
452475,123800,-72.85714,1038,109,14:48:12,2012-07-30
452725,123800,-79.0,1038,109,18:16:25,2012-07-31
453380,123800,-72.0,1038,109,18:41:48,2012-07-27
452730,123810,-79.0,1038,109,18:16:26,2012-07-31
453390,123815,-72.75,1038,109,18:41:47,2012-07-27
452445,123820,-73.5,1038,109,14:48:11,2012-07-30
452740,123820,-79.0,1038,109,18:16:27,2012-07-31
452745,123825,-79.0,1038,109,18:16:28,2012-07-31
452755,123835,-79.0,1038,109,18:16:29,2012-07-31
453415,123835,-71.666664,1038,109,18:41:46,2012-07-27
452415,123840,-73.599998,1038,109,14:48:10,2012-07-30
452760,123845,-79.0,1038,109,18:16:30,2012-07-31
452770,123850,-78.0,1038,109,18:16:32,2012-07-31
453435,123855,-69.666664,1038,109,18:41:45,2012-07-27
452780,123865,-74.0,1038,109,18:16:32,2012-07-31
452360,123870,-72.333336,1038,109,14:48:09,2012-07-30
452795,123880,-75.0,1038,109,18:16:35,2012-07-31
453460,123885,-69.666664,1038,109,18:41:43,2012-07-27
452330,123890,-71.333336,1038,109,14:48:08,2012-07-30
452800,123890,-75.666664,1038,109,18:16:36,2012-07-31
453480,123900,-70.0,1038,109,18:41:42,2012-07-27
452300,123905,-71.0,1038,109,14:48:06,2012-07-30
452820,123910,-74.199997,1038,109,18:16:37,2012-07-31
452820,123915,-73.0,1038,109,18:16:38,2012-07-31
452825,123915,-73.0,1038,109,18:16:38,2012-07-31
452270,123920,-71.0,1038,109,14:48:05,2012-07-30
452825,123920,-73.0,1038,109,18:16:38,2012-07-31
452830,123920,-74.666664,1038,109,18:16:39,2012-07-31
452835,123925,-78.0,1038,109,18:16:40,2012-07-31
452240,123935,-71.0,1038,109,14:48:05,2012-07-30
452840,123935,-77.75,1038,109,18:16:40,2012-07-31
453505,123935,-70.75,1038,109,18:41:40,2012-07-27
452850,123945,-77.0,1038,109,18:16:42,2012-07-31
453520,123950,-71.599998,1038,109,18:41:39,2012-07-27
452865,123955,-76.666664,1038,109,18:16:43,2012-07-31
452880,123970,-76.0,1038,109,18:16:45,2012-07-31
453535,123975,-72.0,1038,109,18:41:38,2012-07-27
452890,123980,-75.0,1038,109,18:16:46,2012-07-31
452900,123990,-73.0,1038,109,18:16:47,2012-07-31
452915,124000,-72.0,1038,109,18:16:49,2012-07-31
453560,124005,-72.0,1038,109,18:41:36,2012-07-27
452920,124010,-70.0,1038,109,18:16:50,2012-07-31
452925,124015,-70.0,1038,109,18:16:50,2012-07-31
453570,124020,-72.800003,1038,109,18:41:34,2012-07-27
452935,124025,-69.666664,1038,109,18:16:52,2012-07-31
452945,124030,-68.666664,1038,109,18:16:53,2012-07-31
452955,124040,-68.0,1038,109,18:16:54,2012-07-31
452965,124045,-67.199997,1038,109,18:16:54,2012-07-31
453590,124045,-73.0,1038,109,18:41:32,2012-07-27
452975,124050,-66.0,1038,109,18:16:56,2012-07-31
452990,124060,-66.0,1038,109,18:16:57,2012-07-31
453600,124060,-72.0,1038,109,18:41:31,2012-07-27
453000,124065,-66.0,1038,109,18:16:57,2012-07-31
453010,124070,-66.25,1038,109,18:16:59,2012-07-31
453025,124075,-67.0,1038,109,18:16:59,2012-07-31
453605,124075,-72.0,1038,109,18:41:30,2012-07-27
453035,124080,-67.5,1038,109,18:17:00,2012-07-31
453045,124085,-68.25,1038,109,18:17:02,2012-07-31
453060,124090,-69.666664,1038,109,18:17:03,2012-07-31
453615,124090,-73.0,1038,109,18:41:29,2012-07-27
453075,124095,-70.5,1038,109,18:17:04,2012-07-31
453095,124105,-69.75,1038,109,18:17:06,2012-07-31
453625,124105,-73.0,1038,109,18:41:28,2012-07-27
453105,124110,-70.0,1038,109,18:17:07,2012-07-31
453120,124115,-72.0,1038,109,18:17:07,2012-07-31
453635,124115,-72.333336,1038,109,18:41:28,2012-07-27
453125,124120,-72.599998,1038,109,18:17:09,2012-07-31
453140,124125,-73.666664,1038,109,18:17:09,2012-07-31
453640,124125,-71.25,1038,109,18:41:26,2012-07-27
453150,124135,-77.0,1038,109,18:17:10,2012-07-31
453160,124140,-77.5,1038,109,18:17:11,2012-07-31
453650,124140,-71.0,1038,109,18:41:26,2012-07-27
453170,124145,-79.75,1038,109,18:17:13,2012-07-31
453660,124150,-73.5,1038,109,18:41:25,2012-07-27
451680,124155,-75.0,1038,109,14:47:47,2012-07-30
453185,124160,-82.0,1038,109,18:17:14,2012-07-31
453665,124160,-74.0,1038,109,18:41:23,2012-07-27
451655,124165,-75.0,1038,109,14:47:46,2012-07-30
451635,124170,-75.0,1038,109,14:47:45,2012-07-30
453200,124170,-81.0,1038,109,18:17:16,2012-07-31
453675,124175,-74.666664,1038,109,18:41:22,2012-07-27
451595,124180,-77.0,1038,109,14:47:44,2012-07-30
453215,124180,-78.0,1038,109,18:17:17,2012-07-31
453225,124185,-75.5,1038,109,18:17:18,2012-07-31
453680,124185,-75.0,1038,109,18:41:21,2012-07-27
451550,124190,-79.333336,1038,109,14:47:43,2012-07-30
451560,124190,-78.0,1038,109,14:47:43,2012-07-30
451535,124195,-80.0,1038,109,14:47:42,2012-07-30
451540,124195,-80.0,1038,109,14:47:42,2012-07-30
451545,124195,-80.0,1038,109,14:47:43,2012-07-30
453240,124195,-74.333336,1038,109,18:17:20,2012-07-31
451520,124200,-80.0,1038,109,14:47:42,2012-07-30
453685,124200,-75.666664,1038,109,18:41:19,2012-07-27
451495,124205,-81.0,1038,109,14:47:41,2012-07-30
451500,124205,-80.833336,1038,109,14:47:41,2012-07-30
451505,124205,-80.0,1038,109,14:47:41,2012-07-30
451510,124205,-80.0,1038,109,14:47:42,2012-07-30
453250,124205,-73.0,1038,109,18:17:21,2012-07-31
453685,124205,-76.666664,1038,109,18:41:18,2012-07-27
451475,124210,-81.0,1038,109,14:47:40,2012-07-30
451485,124210,-81.0,1038,109,14:47:41,2012-07-30
453255,124210,-72.75,1038,109,18:17:21,2012-07-31
451460,124215,-81.0,1038,109,14:47:40,2012-07-30
453265,124215,-72.0,1038,109,18:17:23,2012-07-31
453680,124220,-77.75,1038,109,18:41:16,2012-07-27
453285,124230,-72.0,1038,109,18:17:24,2012-07-31
453670,124230,-78.0,1038,109,18:41:16,2012-07-27
453665,124240,-78.800003,1038,109,18:41:15,2012-07-27
453305,124245,-71.75,1038,109,18:17:26,2012-07-31
453655,124250,-79.666664,1038,109,18:41:14,2012-07-27
453320,124255,-71.0,1038,109,18:17:27,2012-07-31
453645,124260,-81.800003,1038,109,18:41:12,2012-07-27
453335,124265,-71.666664,1038,109,18:17:28,2012-07-31
453340,124270,-73.0,1038,109,18:17:29,2012-07-31
453630,124270,-83.666664,1038,109,18:41:11,2012-07-27
453350,124275,-73.333336,1038,109,18:17:30,2012-07-31
453625,124280,-84.0,1038,109,18:41:10,2012-07-27
453610,124285,-82.0,1038,109,18:41:09,2012-07-27
453615,124285,-82.5,1038,109,18:41:09,2012-07-27
453360,124290,-73.666664,1038,109,18:17:31,2012-07-31
453605,124290,-81.333336,1038,109,18:41:08,2012-07-27
453585,124300,-79.5,1038,109,18:41:07,2012-07-27
453375,124305,-73.666664,1038,109,18:17:33,2012-07-31
453575,124305,-79.0,1038,109,18:41:06,2012-07-27
453580,124305,-79.0,1038,109,18:41:06,2012-07-27
453585,124305,-79.0,1038,109,18:41:06,2012-07-27
453570,124310,-76.0,1038,109,18:41:05,2012-07-27
453385,124315,-75.333336,1038,109,18:17:34,2012-07-31
453555,124315,-75.666664,1038,109,18:41:04,2012-07-27
453565,124315,-75.0,1038,109,18:41:04,2012-07-27
453540,124320,-76.0,1038,109,18:41:03,2012-07-27
453545,124320,-76.0,1038,109,18:41:03,2012-07-27
453530,124325,-76.0,1038,109,18:41:02,2012-07-27
453535,124325,-76.0,1038,109,18:41:02,2012-07-27
453540,124325,-76.0,1038,109,18:41:02,2012-07-27
453400,124330,-75.666664,1038,109,18:17:35,2012-07-31
453525,124330,-76.0,1038,109,18:41:01,2012-07-27
450990,124335,-83.0,1038,109,14:47:26,2012-07-30
450995,124335,-83.0,1038,109,14:47:26,2012-07-30
453505,124335,-76.0,1038,109,18:40:59,2012-07-27
453495,124340,-76.0,1038,109,18:40:58,2012-07-27
453410,124345,-74.75,1038,109,18:17:37,2012-07-31
453415,124345,-74.0,1038,109,18:17:37,2012-07-31
453420,124350,-74.0,1038,109,18:17:37,2012-07-31
453480,124350,-76.0,1038,109,18:40:57,2012-07-27
453425,124355,-73.75,1038,109,18:17:38,2012-07-31
453430,124355,-73.0,1038,109,18:17:39,2012-07-31
453430,124360,-73.0,1038,109,18:17:39,2012-07-31
453440,124365,-66.0,1038,109,18:40:52,2012-07-27
453440,124365,-72.666664,1038,109,18:17:40,2012-07-31
453445,124365,-66.0,1038,109,18:40:53,2012-07-27
453420,124375,-67.125,1038,109,18:40:38,2012-07-27
453425,124375,-66.0,1038,109,18:40:49,2012-07-27
453430,124375,-66.0,1038,109,18:40:50,2012-07-27
453455,124375,-71.0,1038,109,18:17:42,2012-07-31
453415,124380,-72.5,1038,109,18:40:35,2012-07-27
453420,124380,-69.0,1038,109,18:40:36,2012-07-27
453460,124380,-70.0,1038,109,18:17:42,2012-07-31
453470,124385,-70.0,1038,109,18:17:42,2012-07-31
453475,124385,-70.0,1038,109,18:17:43,2012-07-31
453410,124390,-73.0,1038,109,18:40:32,2012-07-27
453485,124390,-70.0,1038,109,18:17:44,2012-07-31
453495,124395,-70.75,1038,109,18:17:45,2012-07-31
453400,124400,-73.0,1038,109,18:40:32,2012-07-27
453520,124405,-74.0,1038,109,18:17:47,2012-07-31
453535,124405,-76.0,1038,109,18:17:48,2012-07-31
453395,124410,-74.333336,1038,109,18:40:31,2012-07-27
453545,124410,-78.0,1038,109,18:17:50,2012-07-31
453390,124415,-75.599998,1038,109,18:40:29,2012-07-27
453570,124415,-78.666664,1038,109,18:17:51,2012-07-31
453585,124415,-80.0,1038,109,18:17:52,2012-07-31
453385,124425,-76.0,1038,109,18:40:28,2012-07-27
453610,124425,-80.0,1038,109,18:17:54,2012-07-31
453620,124425,-80.0,1038,109,18:17:55,2012-07-31
453380,124430,-78.25,1038,109,18:40:28,2012-07-27
453635,124430,-80.400002,1038,109,18:17:57,2012-07-31
453375,124440,-80.333336,1038,109,18:40:26,2012-07-27
453655,124440,-82.333336,1038,109,18:17:58,2012-07-31
453670,124445,-83.333336,1038,109,18:17:59,2012-07-31
453365,124450,-81.0,1038,109,18:40:25,2012-07-27
453680,124450,-84.0,1038,109,18:18:01,2012-07-31
453355,124460,-79.666664,1038,109,18:40:23,2012-07-27
453705,124460,-83.199997,1038,109,18:18:02,2012-07-31
453350,124470,-79.0,1038,109,18:40:23,2012-07-27
453715,124470,-82.0,1038,109,18:18:04,2012-07-31
453350,124475,-79.75,1038,109,18:40:22,2012-07-27
453345,124480,-80.0,1038,109,18:40:21,2012-07-27
453735,124480,-81.666664,1038,109,18:18:05,2012-07-31
453340,124485,-79.333336,1038,109,18:40:21,2012-07-27
453335,124490,-79.0,1038,109,18:40:20,2012-07-27
453745,124490,-80.666664,1038,109,18:18:06,2012-07-31
453755,124495,-80.0,1038,109,18:18:07,2012-07-31
453330,124500,-78.25,1038,109,18:40:19,2012-07-27
453765,124505,-80.0,1038,109,18:18:08,2012-07-31
453315,124510,-79.5,1038,109,18:40:18,2012-07-27
453310,124515,-80.0,1038,109,18:40:17,2012-07-27
453315,124515,-80.0,1038,109,18:40:18,2012-07-27
453780,124515,-80.0,1038,109,18:18:09,2012-07-31
453310,124520,-80.0,1038,109,18:40:17,2012-07-27
453305,124525,-81.333336,1038,109,18:40:16,2012-07-27
453295,124535,-81.333336,1038,109,18:40:15,2012-07-27
453290,124540,-81.0,1038,109,18:40:14,2012-07-27
453280,124550,-81.666664,1038,109,18:40:13,2012-07-27
453270,124560,-82.5,1038,109,18:40:12,2012-07-27
453255,124580,-82.333336,1038,109,18:40:11,2012-07-27
453250,124590,-81.400002,1038,109,18:40:09,2012-07-27
453235,124620,-79.0,1038,109,18:40:07,2012-07-27
453230,124645,-77.333336,1038,109,18:40:05,2012-07-27
453225,124660,-77.0,1038,109,18:40:04,2012-07-27
453220,124670,-77.0,1038,109,18:40:03,2012-07-27
453215,124685,-76.285713,1038,109,18:40:02,2012-07-27
453210,124695,-76.0,1038,109,18:40:01,2012-07-27
453200,124715,-77.599998,1038,109,18:39:59,2012-07-27
453195,124730,-78.75,1038,109,18:39:58,2012-07-27
454145,124730,-82.0,1038,109,18:18:42,2012-07-31
453185,124740,-79.0,1038,109,18:39:57,2012-07-27
454155,124740,-82.0,1038,109,18:18:42,2012-07-31
454165,124745,-81.0,1038,109,18:18:43,2012-07-31
453180,124750,-79.0,1038,109,18:39:56,2012-07-27
454170,124755,-79.333336,1038,109,18:18:45,2012-07-31
453170,124760,-77.400002,1038,109,18:39:54,2012-07-27
453160,124765,-77.0,1038,109,18:39:54,2012-07-27
453155,124775,-74.333336,1038,109,18:39:52,2012-07-27
454190,124775,-79.0,1038,109,18:18:46,2012-07-31
454200,124780,-77.25,1038,109,18:18:47,2012-07-31
453140,124790,-73.0,1038,109,18:39:52,2012-07-27
454220,124790,-75.333336,1038,109,18:18:49,2012-07-31
453135,124795,-72.25,1038,109,18:39:51,2012-07-27
454230,124795,-76.0,1038,109,18:18:50,2012-07-31
454240,124805,-76.0,1038,109,18:18:51,2012-07-31
453115,124810,-71.5,1038,109,18:39:50,2012-07-27
454250,124810,-76.666664,1038,109,18:18:52,2012-07-31
454260,124815,-78.666664,1038,109,18:18:53,2012-07-31
453105,124820,-71.0,1038,109,18:39:48,2012-07-27
454270,124820,-80.333336,1038,109,18:18:54,2012-07-31
453095,124830,-71.599998,1038,109,18:39:47,2012-07-27
454285,124830,-82.0,1038,109,18:18:55,2012-07-31
454295,124835,-82.0,1038,109,18:18:56,2012-07-31
453085,124840,-72.0,1038,109,18:39:46,2012-07-27
453085,124845,-72.0,1038,109,18:39:45,2012-07-27
454305,124845,-82.0,1038,109,18:18:57,2012-07-31
454315,124850,-82.0,1038,109,18:18:58,2012-07-31
453075,124860,-72.0,1038,109,18:39:44,2012-07-27
454335,124865,-82.0,1038,109,18:19:00,2012-07-31
453070,124870,-72.0,1038,109,18:39:42,2012-07-27
454340,124875,-82.0,1038,109,18:19:01,2012-07-31
453065,124885,-72.0,1038,109,18:39:41,2012-07-27
454355,124890,-82.599998,1038,109,18:19:02,2012-07-31
453060,124895,-72.0,1038,109,18:39:41,2012-07-27
454360,124895,-85.0,1038,109,18:19:03,2012-07-31
454365,124900,-85.0,1038,109,18:19:03,2012-07-31
454370,124900,-85.0,1038,109,18:19:04,2012-07-31
454370,124905,-85.0,1038,109,18:19:04,2012-07-31
454440,124940,-88.0,1038,109,18:19:11,2012-07-31
454450,124945,-88.0,1038,109,18:19:12,2012-07-31
454455,124945,-88.0,1038,109,18:19:12,2012-07-31
454455,124950,-87.666664,1038,109,18:19:13,2012-07-31
454460,124950,-87.0,1038,109,18:19:13,2012-07-31
454475,124955,-86.666664,1038,109,18:19:14,2012-07-31
454490,124960,-86.333336,1038,109,18:19:15,2012-07-31
454505,124965,-86.75,1038,109,18:19:17,2012-07-31
454510,124970,-86.0,1038,109,18:19:17,2012-07-31
454515,124970,-86.0,1038,109,18:19:18,2012-07-31
454520,124975,-86.0,1038,109,18:19:18,2012-07-31
454525,124975,-86.0,1038,109,18:19:18,2012-07-31
454535,124980,-86.0,1038,109,18:19:20,2012-07-31
454545,124985,-86.0,1038,109,18:19:21,2012-07-31
454555,124990,-86.0,1038,109,18:19:21,2012-07-31
454575,124995,-86.0,1038,109,18:19:23,2012-07-31
454595,125005,-86.0,1038,109,18:19:25,2012-07-31
454610,125010,-86.0,1038,109,18:19:27,2012-07-31
454620,125015,-85.333336,1038,109,18:19:28,2012-07-31
454645,125025,-84.0,1038,109,18:19:29,2012-07-31
454660,125030,-86.0,1038,109,18:19:31,2012-07-31
454670,125040,-85.800003,1038,109,18:19:32,2012-07-31
454680,125045,-85.333336,1038,109,18:19:34,2012-07-31
454710,125055,-86.0,1038,109,18:19:35,2012-07-31
454775,125095,-86.0,1038,109,18:19:42,2012-07-31
454790,125100,-86.0,1038,109,18:19:43,2012-07-31
454800,125100,-86.0,1038,109,18:19:43,2012-07-31
454810,125105,-85.199997,1038,109,18:19:45,2012-07-31
454825,125110,-84.25,1038,109,18:19:46,2012-07-31
454855,125115,-85.333336,1038,109,18:19:48,2012-07-31
454860,125120,-86.0,1038,109,18:19:48,2012-07-31
454865,125120,-86.0,1038,109,18:19:49,2012-07-31
454890,125125,-86.25,1038,109,18:19:51,2012-07-31
454895,125125,-87.0,1038,109,18:19:51,2012-07-31
454905,125130,-87.0,1038,109,18:19:52,2012-07-31
452745,125140,-48.0,1038,109,18:39:02,2012-07-27
452725,125150,-48.0,1038,109,18:39:00,2012-07-27
452710,125155,-48.0,1038,109,18:38:59,2012-07-27
452695,125165,-48.0,1038,109,18:38:58,2012-07-27
452655,125185,-48.0,1038,109,18:38:57,2012-07-27
452635,125195,-48.0,1038,109,18:38:55,2012-07-27
452620,125200,-46.0,1038,109,18:38:54,2012-07-27
452625,125200,-46.0,1038,109,18:38:54,2012-07-27
452620,125205,-47.0,1038,109,18:38:53,2012-07-27
455100,125205,-85.0,1038,109,18:20:09,2012-07-31
452605,125210,-46.0,1038,109,18:38:53,2012-07-27
452610,125210,-46.0,1038,109,18:38:53,2012-07-27
455120,125210,-85.0,1038,109,18:20:10,2012-07-31
452600,125215,-46.0,1038,109,18:38:52,2012-07-27
455135,125215,-85.0,1038,109,18:20:11,2012-07-31
455140,125215,-85.333336,1038,109,18:20:12,2012-07-31
455145,125215,-86.0,1038,109,18:20:12,2012-07-31
455150,125215,-86.0,1038,109,18:20:12,2012-07-31
455160,125220,-86.0,1038,109,18:20:13,2012-07-31
455165,125220,-86.0,1038,109,18:20:13,2012-07-31
452580,125225,-48.0,1038,109,18:38:51,2012-07-27
455175,125225,-86.333336,1038,109,18:20:15,2012-07-31
452570,125230,-49.0,1038,109,18:38:51,2012-07-27
455190,125230,-86.666664,1038,109,18:20:16,2012-07-31
451035,125235,-84.0,1038,109,18:37:12,2012-07-27
455205,125235,-85.333336,1038,109,18:20:17,2012-07-31
455220,125235,-83.199997,1038,109,18:20:19,2012-07-31
451045,125240,-83.75,1038,109,18:37:14,2012-07-27
451055,125240,-83.0,1038,109,18:37:14,2012-07-27
452555,125240,-50.333332,1038,109,18:38:50,2012-07-27
455235,125240,-81.599998,1038,109,18:20:20,2012-07-31
451070,125245,-82.199997,1038,109,18:37:15,2012-07-27
451080,125245,-81.25,1038,109,18:37:17,2012-07-27
455250,125245,-79.25,1038,109,18:20:22,2012-07-31
451095,125250,-82.0,1038,109,18:37:18,2012-07-27
451105,125250,-82.0,1038,109,18:37:19,2012-07-27
452535,125250,-52.333332,1038,109,18:38:48,2012-07-27
451125,125255,-82.0,1038,109,18:37:20,2012-07-27
455275,125255,-77.0,1038,109,18:20:23,2012-07-31
455285,125260,-76.599998,1038,109,18:20:24,2012-07-31
452515,125265,-53.666668,1038,109,18:38:47,2012-07-27
455295,125265,-76.0,1038,109,18:20:26,2012-07-31
452495,125275,-54.0,1038,109,18:38:46,2012-07-27
455305,125275,-75.75,1038,109,18:20:26,2012-07-31
455315,125280,-75.333336,1038,109,18:20:29,2012-07-31
452470,125285,-53.333332,1038,109,18:38:44,2012-07-27
455330,125290,-76.0,1038,109,18:20:29,2012-07-31
455335,125295,-76.0,1038,109,18:20:30,2012-07-31
452445,125300,-53.666668,1038,109,18:38:43,2012-07-27
455345,125300,-76.0,1038,109,18:20:31,2012-07-31
452425,125305,-54.0,1038,109,18:38:41,2012-07-27
455355,125310,-75.666664,1038,109,18:20:33,2012-07-31
452385,125315,-56.0,1038,109,18:38:39,2012-07-27
452395,125315,-55.333332,1038,109,18:38:40,2012-07-27
455365,125315,-74.666664,1038,109,18:20:34,2012-07-31
452375,125320,-59.75,1038,109,18:38:39,2012-07-27
455375,125320,-73.666664,1038,109,18:20:36,2012-07-31
452360,125325,-61.666668,1038,109,18:38:37,2012-07-27
452370,125325,-61.0,1038,109,18:38:38,2012-07-27
455380,125330,-73.0,1038,109,18:20:36,2012-07-31
452330,125335,-63.333332,1038,109,18:38:36,2012-07-27
455385,125335,-72.0,1038,109,18:20:37,2012-07-31
452310,125345,-66.0,1038,109,18:38:34,2012-07-27
452315,125345,-64.0,1038,109,18:38:35,2012-07-27
452305,125350,-67.0,1038,109,18:38:34,2012-07-27
452295,125355,-67.0,1038,109,18:38:33,2012-07-27
452280,125360,-70.0,1038,109,18:38:32,2012-07-27
452285,125360,-70.0,1038,109,18:38:33,2012-07-27
452290,125360,-69.25,1038,109,18:38:33,2012-07-27
452275,125365,-70.0,1038,109,18:38:32,2012-07-27
452280,125365,-70.0,1038,109,18:38:32,2012-07-27
451590,125370,-81.0,1038,109,18:37:49,2012-07-27
451595,125370,-81.0,1038,109,18:37:50,2012-07-27
452265,125370,-70.0,1038,109,18:38:32,2012-07-27
452270,125370,-70.0,1038,109,18:38:32,2012-07-27
451615,125375,-80.666664,1038,109,18:37:51,2012-07-27
452265,125375,-70.0,1038,109,18:38:31,2012-07-27
451640,125385,-79.666664,1038,109,18:37:52,2012-07-27
452245,125385,-71.333336,1038,109,18:38:30,2012-07-27
451665,125390,-79.400002,1038,109,18:37:53,2012-07-27
451675,125395,-80.0,1038,109,18:37:54,2012-07-27
451690,125400,-79.5,1038,109,18:37:55,2012-07-27
452225,125400,-73.333336,1038,109,18:38:29,2012-07-27
451710,125405,-77.0,1038,109,18:37:56,2012-07-27
451725,125410,-75.75,1038,109,18:37:58,2012-07-27
452205,125415,-74.666664,1038,109,18:38:27,2012-07-27
451750,125420,-75.0,1038,109,18:37:59,2012-07-27
451765,125425,-75.0,1038,109,18:38:00,2012-07-27
452180,125430,-75.0,1038,109,18:38:26,2012-07-27
451780,125435,-75.333336,1038,109,18:38:01,2012-07-27
451800,125440,-77.0,1038,109,18:38:02,2012-07-27
451825,125450,-77.800003,1038,109,18:38:03,2012-07-27
451840,125455,-79.25,1038,109,18:38:05,2012-07-27
451855,125460,-80.25,1038,109,18:38:05,2012-07-27
452120,125465,-78.0,1038,109,18:38:23,2012-07-27
451880,125470,-81.0,1038,109,18:38:07,2012-07-27
452105,125470,-77.333336,1038,109,18:38:22,2012-07-27
452090,125475,-76.333336,1038,109,18:38:20,2012-07-27
451915,125480,-79.0,1038,109,18:38:09,2012-07-27
452065,125480,-75.25,1038,109,18:38:19,2012-07-27
451940,125485,-78.666664,1038,109,18:38:10,2012-07-27
452050,125485,-74.5,1038,109,18:38:17,2012-07-27
451955,125490,-78.0,1038,109,18:38:12,2012-07-27
451970,125490,-76.0,1038,109,18:38:13,2012-07-27
451995,125490,-75.75,1038,109,18:38:15,2012-07-27
452010,125490,-75.0,1038,109,18:38:15,2012-07-27
452030,125490,-74.75,1038,109,18:38:16,2012-07-27
446450,133620,-58.0,1038,109,15:04:47,2012-07-31
446440,133635,-58.0,1038,109,15:04:49,2012-07-31
446020,133645,-62.0,1038,109,15:12:24,2012-07-31
446435,133655,-58.0,1038,109,15:04:50,2012-07-31
446025,133660,-60.57143,1038,109,15:12:23,2012-07-31
446430,133665,-58.0,1038,109,15:04:51,2012-07-31
446025,133670,-56.0,1038,109,15:12:22,2012-07-31
446025,133675,-58.666668,1038,109,15:12:22,2012-07-31
446425,133680,-55.599998,1038,109,15:04:53,2012-07-31
446030,133690,-55.333332,1038,109,15:12:20,2012-07-31
446420,133695,-51.666668,1038,109,15:04:54,2012-07-31
446415,133710,-50.333332,1038,109,15:04:56,2012-07-31
446030,133715,-54.333332,1038,109,15:12:19,2012-07-31
446410,133720,-49.0,1038,109,15:04:56,2012-07-31
446030,133725,-55.0,1038,109,15:06:51,2012-07-31
446405,133730,-49.400002,1038,109,15:04:57,2012-07-31
446030,133735,-53.25,1038,109,15:12:18,2012-07-31
446035,133745,-55.0,1038,109,15:06:53,2012-07-31
446405,133745,-50.333332,1038,109,15:04:58,2012-07-31
446035,133755,-52.666668,1038,109,15:12:16,2012-07-31
446400,133755,-53.0,1038,109,15:05:00,2012-07-31
446035,133760,-55.0,1038,109,15:06:54,2012-07-31
446035,133765,-53.0,1038,109,15:12:16,2012-07-31
446035,133770,-55.0,1038,109,15:06:55,2012-07-31
446395,133770,-55.0,1038,109,15:05:01,2012-07-31
446035,133775,-54.5,1038,109,15:12:15,2012-07-31
446395,133780,-55.25,1038,109,15:05:01,2012-07-31
446035,133785,-55.0,1038,109,15:06:56,2012-07-31
446035,133795,-55.0,1038,109,15:06:57,2012-07-31
446395,133795,-56.333332,1038,109,15:05:03,2012-07-31
446035,133800,-55.0,1038,109,15:12:13,2012-07-31
446090,133805,-51.0,1038,109,15:06:25,2012-07-31
446035,133810,-55.0,1038,109,15:06:58,2012-07-31
446395,133810,-57.200001,1038,109,15:05:03,2012-07-31
446035,133815,-55.0,1038,109,15:12:13,2012-07-31
446095,133820,-51.0,1038,109,15:06:25,2012-07-31
446035,133825,-57.25,1038,109,15:12:12,2012-07-31
446390,133825,-58.0,1038,109,15:05:05,2012-07-31
446035,133830,-54.666668,1038,109,15:06:58,2012-07-31
446035,133835,-56.0,1038,109,15:06:59,2012-07-31
446390,133835,-58.799999,1038,109,15:05:05,2012-07-31
446035,133840,-59.333332,1038,109,15:12:11,2012-07-31
446035,133845,-54.666668,1038,109,15:07:00,2012-07-31
446390,133845,-60.0,1038,109,15:05:06,2012-07-31
446100,133850,-51.75,1038,109,15:06:23,2012-07-31
446035,133860,-57.0,1038,109,15:07:01,2012-07-31
446105,133860,-51.5,1038,109,15:06:22,2012-07-31
446385,133860,-60.0,1038,109,15:05:08,2012-07-31
446040,133870,-62.0,1038,109,15:12:09,2012-07-31
446380,133875,-60.0,1038,109,15:05:09,2012-07-31
446040,133880,-59.666668,1038,109,15:07:03,2012-07-31
446040,133885,-61.0,1038,109,15:07:03,2012-07-31
446110,133885,-51.0,1038,109,15:06:20,2012-07-31
446380,133885,-60.0,1038,109,15:05:10,2012-07-31
446040,133890,-61.0,1038,109,15:07:03,2012-07-31
446045,133890,-64.333336,1038,109,15:12:08,2012-07-31
446375,133895,-60.25,1038,109,15:05:10,2012-07-31
446045,133900,-61.666668,1038,109,15:07:04,2012-07-31
446050,133910,-65.5,1038,109,15:07:05,2012-07-31
446115,133910,-51.5,1038,109,15:06:19,2012-07-31
446370,133910,-61.0,1038,109,15:05:13,2012-07-31
446115,133915,-51.333332,1038,109,15:06:18,2012-07-31
446050,133920,-63.75,1038,109,15:07:05,2012-07-31
446120,133925,-51.0,1038,109,15:06:17,2012-07-31
446060,133930,-66.25,1038,109,15:12:05,2012-07-31
446365,133930,-64.0,1038,109,15:05:14,2012-07-31
446060,133935,-66.0,1038,109,15:12:04,2012-07-31
446120,133935,-51.75,1038,109,15:06:16,2012-07-31
446060,133940,-66.0,1038,109,15:07:07,2012-07-31
446065,133950,-66.0,1038,109,15:07:08,2012-07-31
446070,133950,-65.333336,1038,109,15:12:04,2012-07-31
446360,133950,-67.75,1038,109,15:05:17,2012-07-31
446125,133955,-54.0,1038,109,15:06:15,2012-07-31
446070,133960,-65.75,1038,109,15:07:08,2012-07-31
446355,133960,-70.0,1038,109,15:05:17,2012-07-31
446075,133965,-65.0,1038,109,15:12:02,2012-07-31
446355,133965,-70.25,1038,109,15:05:18,2012-07-31
446135,133970,-57.0,1038,109,15:06:13,2012-07-31
446080,133975,-64.75,1038,109,15:07:10,2012-07-31
446350,133975,-71.0,1038,109,15:05:19,2012-07-31
446085,133980,-64.400002,1038,109,15:12:02,2012-07-31
446350,133980,-71.75,1038,109,15:05:20,2012-07-31
446085,133985,-64.0,1038,109,15:07:10,2012-07-31
446140,133985,-59.333332,1038,109,15:06:12,2012-07-31
446090,133995,-62.285713,1038,109,15:07:11,2012-07-31
446350,133995,-73.5,1038,109,15:05:21,2012-07-31
446145,134000,-60.0,1038,109,15:06:11,2012-07-31
446145,134005,-62.0,1038,109,15:06:10,2012-07-31
446350,134005,-72.0,1038,109,15:05:22,2012-07-31
446095,134010,-61.0,1038,109,15:07:12,2012-07-31
446345,134010,-71.75,1038,109,15:05:22,2012-07-31
446345,134015,-71.0,1038,109,15:05:23,2012-07-31
446100,134020,-60.5,1038,109,15:07:13,2012-07-31
446105,134025,-60.0,1038,109,15:07:13,2012-07-31
446155,134025,-65.25,1038,109,15:06:09,2012-07-31
446345,134025,-71.0,1038,109,15:05:24,2012-07-31
446105,134030,-58.75,1038,109,15:07:14,2012-07-31
446160,134030,-66.0,1038,109,15:06:08,2012-07-31
446345,134030,-70.75,1038,109,15:05:25,2012-07-31
446110,134040,-60.0,1038,109,15:11:58,2012-07-31
446115,134040,-58.0,1038,109,15:07:15,2012-07-31
446165,134040,-65.333336,1038,109,15:06:08,2012-07-31
446345,134040,-70.0,1038,109,15:05:26,2012-07-31
446345,134045,-69.5,1038,109,15:05:27,2012-07-31
446350,134050,-68.0,1038,109,15:05:27,2012-07-31
446175,134055,-64.333336,1038,109,15:06:06,2012-07-31
446350,134055,-67.714287,1038,109,15:05:28,2012-07-31
446125,134060,-59.0,1038,109,15:07:17,2012-07-31
446350,134060,-67.0,1038,109,15:05:28,2012-07-31
446130,134065,-60.666668,1038,109,15:11:56,2012-07-31
446350,134065,-67.400002,1038,109,15:05:29,2012-07-31
446135,134070,-61.0,1038,109,15:07:18,2012-07-31
446140,134070,-62.5,1038,109,15:11:55,2012-07-31
446350,134075,-69.0,1038,109,15:05:30,2012-07-31
446145,134080,-64.0,1038,109,15:07:19,2012-07-31
446185,134080,-65.333336,1038,109,15:06:05,2012-07-31
446350,134080,-69.0,1038,109,15:05:31,2012-07-31
446155,134090,-64.25,1038,109,15:07:20,2012-07-31
446350,134090,-69.0,1038,109,15:05:32,2012-07-31
446160,134095,-63.599998,1038,109,15:11:54,2012-07-31
446200,134095,-67.333336,1038,109,15:06:03,2012-07-31
446350,134095,-69.25,1038,109,15:05:32,2012-07-31
446350,134100,-70.0,1038,109,15:05:33,2012-07-31
446170,134105,-63.5,1038,109,15:11:52,2012-07-31
446170,134110,-65.333336,1038,109,15:07:21,2012-07-31
446345,134110,-70.75,1038,109,15:05:34,2012-07-31
446025,134115,-56.0,1038,109,15:08:56,2012-07-31
446030,134115,-58.492752,1038,109,15:08:56,2012-07-31
446035,134115,-58.0,1038,109,15:10:08,2012-07-31
446210,134115,-66.666664,1038,109,15:06:02,2012-07-31
446345,134115,-73.0,1038,109,15:05:34,2012-07-31
446025,134120,-54.888889,1038,109,15:08:54,2012-07-31
446040,134120,-57.0,1038,109,15:08:51,2012-07-31
446045,134120,-56.666668,1038,109,15:08:50,2012-07-31
446055,134120,-58.333332,1038,109,15:10:12,2012-07-31
446180,134120,-66.666664,1038,109,15:07:22,2012-07-31
446030,134125,-54.666668,1038,109,15:08:53,2012-07-31
446035,134125,-54.400002,1038,109,15:08:51,2012-07-31
446050,134125,-58.0,1038,109,15:08:49,2012-07-31
446060,134125,-59.5,1038,109,15:08:47,2012-07-31
446180,134125,-61.666668,1038,109,15:11:51,2012-07-31
446220,134125,-66.666664,1038,109,15:06:01,2012-07-31
446345,134125,-73.0,1038,109,15:05:35,2012-07-31
446070,134130,-60.5,1038,109,15:08:46,2012-07-31
446075,134130,-60.0,1038,109,15:10:15,2012-07-31
446190,134130,-68.0,1038,109,15:07:24,2012-07-31
446345,134130,-73.0,1038,109,15:05:35,2012-07-31
446075,134135,-61.375,1038,109,15:10:16,2012-07-31
446190,134135,-60.400002,1038,109,15:11:49,2012-07-31
446230,134135,-67.0,1038,109,15:06:00,2012-07-31
446345,134135,-73.0,1038,109,15:05:36,2012-07-31
446080,134140,-62.666668,1038,109,15:08:43,2012-07-31
446085,134140,-61.0,1038,109,15:10:16,2012-07-31
446100,134140,-56.666668,1038,109,15:10:25,2012-07-31
446345,134140,-73.0,1038,109,15:05:36,2012-07-31
446090,134145,-59.0,1038,109,15:10:30,2012-07-31
446095,134145,-57.599998,1038,109,15:10:29,2012-07-31
446100,134145,-55.42857,1038,109,15:10:23,2012-07-31
446195,134145,-67.599998,1038,109,15:07:25,2012-07-31
446245,134145,-67.0,1038,109,15:05:59,2012-07-31
446080,134150,-56.375,1038,109,15:10:32,2012-07-31
446090,134150,-55.666668,1038,109,15:10:30,2012-07-31
446345,134150,-73.0,1038,109,15:05:37,2012-07-31
446075,134155,-61.333332,1038,109,15:08:40,2012-07-31
446200,134155,-58.0,1038,109,15:11:48,2012-07-31
446255,134155,-66.75,1038,109,15:05:58,2012-07-31
446345,134155,-73.0,1038,109,15:05:38,2012-07-31
446070,134160,-52.0,1038,109,15:10:33,2012-07-31
446065,134165,-56.0,1038,109,15:10:34,2012-07-31
446345,134165,-73.0,1038,109,15:05:39,2012-07-31
446060,134170,-58.200001,1038,109,15:08:37,2012-07-31
446270,134170,-66.0,1038,109,15:05:56,2012-07-31
446055,134175,-57.0,1038,109,15:08:37,2012-07-31
446345,134175,-72.25,1038,109,15:05:41,2012-07-31
446055,134180,-54.666668,1038,109,15:10:36,2012-07-31
446210,134180,-62.142857,1038,109,15:11:47,2012-07-31
446275,134180,-66.0,1038,109,15:05:55,2012-07-31
446055,134185,-56.75,1038,109,15:10:37,2012-07-31
446280,134185,-66.0,1038,109,15:05:54,2012-07-31
446345,134185,-70.0,1038,109,15:05:42,2012-07-31
446055,134190,-56.25,1038,109,15:10:37,2012-07-31
446215,134190,-66.0,1038,109,15:07:28,2012-07-31
446055,134195,-56.5,1038,109,15:08:34,2012-07-31
446285,134195,-66.0,1038,109,15:05:53,2012-07-31
446295,134195,-66.75,1038,109,15:05:52,2012-07-31
446345,134195,-70.333336,1038,109,15:05:44,2012-07-31
446300,134200,-68.199997,1038,109,15:05:51,2012-07-31
446305,134200,-69.0,1038,109,15:05:50,2012-07-31
446320,134200,-69.0,1038,109,15:05:49,2012-07-31
446325,134200,-69.0,1038,109,15:05:48,2012-07-31
446340,134200,-70.375,1038,109,15:05:46,2012-07-31
446055,134205,-57.0,1038,109,15:10:39,2012-07-31
446215,134205,-61.444443,1038,109,15:11:45,2012-07-31
446220,134210,-57.333332,1038,109,15:11:44,2012-07-31
446060,134215,-57.0,1038,109,15:10:39,2012-07-31
446220,134215,-65.599998,1038,109,15:07:30,2012-07-31
446055,134220,-53.75,1038,109,15:08:32,2012-07-31
446060,134225,-57.333332,1038,109,15:10:40,2012-07-31
446220,134225,-65.0,1038,109,15:07:30,2012-07-31
446060,134230,-53.75,1038,109,15:08:32,2012-07-31
446220,134230,-57.0,1038,109,15:11:42,2012-07-31
446065,134240,-56.875,1038,109,15:08:30,2012-07-31
446220,134240,-64.777779,1038,109,15:07:32,2012-07-31
446065,134245,-60.0,1038,109,15:10:43,2012-07-31
446225,134250,-55.666668,1038,109,15:11:41,2012-07-31
446065,134255,-57.0,1038,109,15:08:29,2012-07-31
446070,134260,-60.0,1038,109,15:10:44,2012-07-31
446070,134265,-57.0,1038,109,15:08:28,2012-07-31
446225,134265,-56.5,1038,109,15:11:39,2012-07-31
446075,134275,-60.0,1038,109,15:10:44,2012-07-31
446225,134275,-62.333332,1038,109,15:07:34,2012-07-31
446075,134280,-57.285713,1038,109,15:08:27,2012-07-31
446230,134290,-56.375,1038,109,15:11:37,2012-07-31
446080,134295,-58.0,1038,109,15:08:27,2012-07-31
446230,134300,-53.25,1038,109,15:11:37,2012-07-31
446080,134305,-57.25,1038,109,15:08:26,2012-07-31
446085,134305,-60.333332,1038,109,15:10:46,2012-07-31
446230,134310,-53.0,1038,109,15:11:36,2012-07-31
446230,134315,-54.0,1038,109,15:11:35,2012-07-31
446085,134320,-56.333332,1038,109,15:08:25,2012-07-31
446230,134320,-57.666668,1038,109,15:07:37,2012-07-31
446235,134320,-53.666668,1038,109,15:11:35,2012-07-31
446090,134325,-61.0,1038,109,15:10:47,2012-07-31
446235,134325,-54.0,1038,109,15:11:35,2012-07-31
446090,134330,-56.0,1038,109,15:08:24,2012-07-31
446235,134330,-54.75,1038,109,15:11:34,2012-07-31
446235,134335,-53.799999,1038,109,15:07:38,2012-07-31
446095,134340,-60.75,1038,109,15:10:49,2012-07-31
446235,134340,-55.0,1038,109,15:11:33,2012-07-31
446095,134345,-60.0,1038,109,15:10:49,2012-07-31
446095,134350,-53.599998,1038,109,15:08:22,2012-07-31
446235,134350,-55.0,1038,109,15:07:39,2012-07-31
446100,134355,-55.400002,1038,109,15:08:22,2012-07-31
446240,134355,-57.0,1038,109,15:11:32,2012-07-31
446105,134360,-58.799999,1038,109,15:10:50,2012-07-31
446240,134360,-57.0,1038,109,15:11:32,2012-07-31
446235,134365,-52.5,1038,109,15:07:39,2012-07-31
446240,134365,-56.333332,1038,109,15:11:31,2012-07-31
446105,134370,-55.666668,1038,109,15:08:20,2012-07-31
446110,134380,-55.0,1038,109,15:08:20,2012-07-31
446115,134380,-57.333332,1038,109,15:10:52,2012-07-31
446235,134380,-53.25,1038,109,15:07:41,2012-07-31
446240,134380,-56.0,1038,109,15:11:30,2012-07-31
446240,134385,-56.0,1038,109,15:11:30,2012-07-31
446115,134390,-56.5,1038,109,15:08:19,2012-07-31
446240,134390,-57.5,1038,109,15:11:30,2012-07-31
446120,134395,-57.666668,1038,109,15:10:53,2012-07-31
446235,134395,-54.0,1038,109,15:07:42,2012-07-31
446120,134405,-57.5,1038,109,15:08:18,2012-07-31
446235,134405,-58.0,1038,109,15:11:29,2012-07-31
446125,134415,-58.75,1038,109,15:08:16,2012-07-31
446235,134415,-56.727272,1038,109,15:07:42,2012-07-31
446130,134420,-56.599998,1038,109,15:10:54,2012-07-31
446235,134420,-58.0,1038,109,15:11:28,2012-07-31
446130,134425,-59.0,1038,109,15:08:15,2012-07-31
446135,134425,-57.333332,1038,109,15:10:56,2012-07-31
446235,134430,-55.400002,1038,109,15:07:43,2012-07-31
446135,134435,-56.75,1038,109,15:08:15,2012-07-31
446235,134435,-58.666668,1038,109,15:11:27,2012-07-31
446140,134440,-60.599998,1038,109,15:10:56,2012-07-31
446235,134445,-57.333332,1038,109,15:07:45,2012-07-31
446140,134450,-57.200001,1038,109,15:08:13,2012-07-31
446145,134460,-63.0,1038,109,15:10:58,2012-07-31
446230,134460,-58.333332,1038,109,15:07:46,2012-07-31
446145,134465,-58.0,1038,109,15:08:13,2012-07-31
446145,134475,-58.666668,1038,109,15:08:12,2012-07-31
446150,134475,-64.875,1038,109,15:10:59,2012-07-31
446225,134480,-59.666668,1038,109,15:11:24,2012-07-31
446150,134485,-60.333332,1038,109,15:08:10,2012-07-31
446150,134490,-67.0,1038,109,15:11:00,2012-07-31
446220,134490,-60.0,1038,109,15:11:23,2012-07-31
446220,134500,-59.285713,1038,109,15:07:48,2012-07-31
446150,134510,-62.599998,1038,109,15:08:09,2012-07-31
446215,134515,-62.5,1038,109,15:11:21,2012-07-31
446155,134520,-70.199997,1038,109,15:11:01,2012-07-31
446215,134520,-58.0,1038,109,15:07:49,2012-07-31
446155,134525,-65.25,1038,109,15:08:08,2012-07-31
446155,134535,-70.75,1038,109,15:11:03,2012-07-31
446215,134535,-63.333332,1038,109,15:11:20,2012-07-31
446155,134540,-66.75,1038,109,15:08:06,2012-07-31
446215,134540,-58.5,1038,109,15:07:51,2012-07-31
446155,134550,-70.0,1038,109,15:11:03,2012-07-31
446155,134555,-69.111115,1038,109,15:08:05,2012-07-31
446210,134555,-62.25,1038,109,15:11:18,2012-07-31
446210,134560,-60.666668,1038,109,15:07:52,2012-07-31
446160,134565,-68.666664,1038,109,15:08:03,2012-07-31
446205,134565,-63.333332,1038,109,15:11:17,2012-07-31
446160,134570,-69.0,1038,109,15:08:02,2012-07-31
446165,134570,-69.0,1038,109,15:11:07,2012-07-31
446200,134575,-64.666664,1038,109,15:11:15,2012-07-31
446170,134580,-69.400002,1038,109,15:08:00,2012-07-31
446195,134580,-65.666664,1038,109,15:11:14,2012-07-31
446205,134580,-63.0,1038,109,15:07:54,2012-07-31
446175,134585,-69.0,1038,109,15:08:00,2012-07-31
446180,134585,-68.25,1038,109,15:07:59,2012-07-31
446185,134585,-68.428574,1038,109,15:11:08,2012-07-31
446190,134585,-67.5,1038,109,15:11:13,2012-07-31
446205,134585,-66.0,1038,109,15:07:54,2012-07-31
446180,134590,-68.0,1038,109,15:07:59,2012-07-31
446185,134590,-68.0,1038,109,15:07:58,2012-07-31
446190,134590,-68.800003,1038,109,15:07:58,2012-07-31
446195,134590,-68.333336,1038,109,15:07:56,2012-07-31
446200,134590,-68.0,1038,109,15:07:55,2012-07-31
446205,134590,-66.666664,1038,109,15:07:55,2012-07-31
