443890,112770,-89.0,912,120,12:33:27,2012-07-26
443890,112775,-89.0,912,120,12:33:28,2012-07-26
443885,112785,-89.800003,912,120,12:33:29,2012-07-26
443880,112790,-91.0,912,120,12:33:30,2012-07-26
443880,112795,-91.0,912,120,12:33:30,2012-07-26
443805,112915,-100.0,912,120,12:33:42,2012-07-26
443800,112930,-100.0,912,120,12:33:42,2012-07-26
443800,112940,-100.0,912,120,12:33:44,2012-07-26
443800,112955,-100.0,912,120,12:33:45,2012-07-26
443800,112975,-100.0,912,120,12:33:46,2012-07-26
443810,112990,-100.0,912,120,12:33:47,2012-07-26
443810,113000,-99.0,912,120,12:33:49,2012-07-26
443815,113010,-98.833336,912,120,12:33:50,2012-07-26
443815,113020,-98.0,912,120,12:33:51,2012-07-26
443815,113035,-98.0,912,120,12:33:52,2012-07-26
443815,113045,-97.75,912,120,12:33:52,2012-07-26
443815,113050,-97.0,912,120,12:33:54,2012-07-26
443810,113075,-97.571426,912,120,12:33:54,2012-07-26
443805,113085,-98.0,912,120,12:33:56,2012-07-26
443805,113095,-98.0,912,120,12:33:56,2012-07-26
444950,129580,-66.0,912,120,14:43:05,2012-07-30
444930,129610,-66.0,912,120,14:43:04,2012-07-30
444915,129640,-64.199997,912,120,14:43:03,2012-07-30
444895,129670,-62.5,912,120,14:43:02,2012-07-30
444880,129695,-62.0,912,120,14:43:01,2012-07-30
444855,129725,-57.0,912,120,14:43:00,2012-07-30
444845,129740,-58.666668,912,120,14:43:00,2012-07-30
444840,129750,-53.25,912,120,14:42:59,2012-07-30
444825,129765,-52.0,912,120,14:42:58,2012-07-30
444810,129785,-49.333332,912,120,14:42:58,2012-07-30
444780,129820,-48.0,912,120,14:42:56,2012-07-30
444745,129855,-45.75,912,120,14:42:55,2012-07-30
444370,129860,-51.166668,912,120,16:08:19,2012-07-27
444380,129870,-47.666668,912,120,16:08:19,2012-07-27
444730,129870,-45.0,912,120,14:42:54,2012-07-30
444390,129875,-44.666668,912,120,16:08:17,2012-07-27
444400,129885,-43.333332,912,120,16:08:16,2012-07-27
444710,129890,-43.666668,912,120,14:42:53,2012-07-30
444705,129895,-43.0,912,120,14:42:53,2012-07-30
444695,129900,-43.0,912,120,14:42:53,2012-07-30
444420,129905,-40.75,912,120,16:08:13,2012-07-27
444430,129915,-39.25,912,120,16:08:13,2012-07-27
444435,129920,-40.0,912,120,16:08:11,2012-07-27
444500,129920,-48.0,912,120,16:07:59,2012-07-27
444675,129920,-43.666668,912,120,14:42:52,2012-07-30
444445,129925,-41.0,912,120,16:08:11,2012-07-27
444495,129925,-48.0,912,120,16:08:00,2012-07-27
444450,129930,-42.5,912,120,16:08:10,2012-07-27
444480,129935,-48.0,912,120,16:08:02,2012-07-27
444460,129940,-43.0,912,120,16:08:09,2012-07-27
444465,129940,-43.666668,912,120,16:08:07,2012-07-27
444470,129940,-44.0,912,120,16:08:06,2012-07-27
444475,129940,-45.846153,912,120,16:08:06,2012-07-27
444655,129940,-44.0,912,120,14:42:51,2012-07-30
444650,129945,-44.0,912,120,14:42:51,2012-07-30
444640,129950,-42.5,912,120,14:42:51,2012-07-30
444635,129955,-42.0,912,120,14:42:50,2012-07-30
444620,129965,-42.0,912,120,14:42:50,2012-07-30
444610,129975,-42.0,912,120,14:42:49,2012-07-30
444595,129980,-38.0,912,120,14:42:49,2012-07-30
444600,129980,-39.333332,912,120,14:42:49,2012-07-30
444500,129995,-49.0,912,120,15:31:57,2012-07-31
444575,129995,-38.0,912,120,14:42:48,2012-07-30
444565,130000,-38.0,912,120,14:42:48,2012-07-30
444505,130005,-49.0,912,120,15:31:58,2012-07-31
444560,130005,-38.0,912,120,14:42:48,2012-07-30
444505,130010,-49.0,912,120,15:31:58,2012-07-31
444550,130010,-38.0,912,120,14:42:47,2012-07-30
444555,130010,-38.0,912,120,14:42:48,2012-07-30
444540,130015,-37.5,912,120,14:42:47,2012-07-30
444545,130015,-38.0,912,120,14:42:47,2012-07-30
444510,130020,-49.0,912,120,15:32:00,2012-07-31
444530,130020,-37.0,912,120,14:42:47,2012-07-30
444535,130020,-37.0,912,120,14:42:47,2012-07-30
444520,130025,-37.0,912,120,14:42:46,2012-07-30
444525,130025,-37.0,912,120,14:42:47,2012-07-30
444530,130025,-37.0,912,120,14:42:47,2012-07-30
444515,130030,-36.666668,912,120,14:42:46,2012-07-30
444520,130030,-37.0,912,120,14:42:46,2012-07-30
444505,130035,-36.0,912,120,14:42:46,2012-07-30
444510,130035,-36.0,912,120,14:42:46,2012-07-30
444490,130040,-36.0,912,120,14:42:45,2012-07-30
444495,130040,-36.0,912,120,14:42:45,2012-07-30
444500,130040,-36.0,912,120,14:42:46,2012-07-30
444520,130050,-49.0,912,120,15:32:01,2012-07-31
444525,130070,-50.0,912,120,15:32:03,2012-07-31
444530,130090,-51.666668,912,120,15:32:04,2012-07-31
444535,130125,-50.333332,912,120,15:32:05,2012-07-31
444535,130130,-49.333332,912,120,15:32:06,2012-07-31
444540,130170,-50.666668,912,120,15:32:08,2012-07-31
444540,130190,-52.0,912,120,15:32:09,2012-07-31
444540,130200,-52.75,912,120,15:32:10,2012-07-31
444545,130215,-56.666668,912,120,15:32:11,2012-07-31
444550,130240,-61.200001,912,120,15:32:12,2012-07-31
444555,130265,-63.75,912,120,15:32:14,2012-07-31
444560,130280,-66.0,912,120,15:32:15,2012-07-31
444565,130295,-67.5,912,120,15:32:15,2012-07-31
444565,130305,-69.5,912,120,15:32:17,2012-07-31
444575,130340,-69.666664,912,120,15:32:18,2012-07-31
444580,130360,-69.333336,912,120,15:32:20,2012-07-31
444580,130375,-70.333336,912,120,15:32:21,2012-07-31
444580,130385,-71.0,912,120,15:32:22,2012-07-31
444580,130395,-71.0,912,120,15:32:22,2012-07-31
444580,130420,-71.0,912,120,15:32:24,2012-07-31
444585,130435,-72.0,912,120,15:32:25,2012-07-31
444585,130445,-74.0,912,120,15:32:26,2012-07-31
444585,130455,-74.0,912,120,15:32:26,2012-07-31
444585,130460,-73.599998,912,120,15:32:27,2012-07-31
444585,130475,-73.0,912,120,15:32:27,2012-07-31
444590,130480,-72.571426,912,120,15:32:28,2012-07-31
444590,130485,-72.0,912,120,15:32:28,2012-07-31
444590,130490,-72.0,912,120,15:32:29,2012-07-31
444590,130495,-72.0,912,120,15:32:29,2012-07-31
444595,130500,-72.333336,912,120,15:32:29,2012-07-31
444600,130510,-72.75,912,120,15:32:31,2012-07-31
444600,130515,-72.0,912,120,15:32:31,2012-07-31
444605,130520,-72.0,912,120,15:32:32,2012-07-31
444605,130525,-71.0,912,120,15:32:32,2012-07-31
444610,130530,-69.0,912,120,15:32:33,2012-07-31
444615,130530,-69.0,912,120,15:32:33,2012-07-31
444620,130535,-69.0,912,120,15:32:34,2012-07-31
444625,130540,-69.0,912,120,15:32:34,2012-07-31
444630,130540,-68.5,912,120,15:32:35,2012-07-31
444635,130545,-67.0,912,120,15:32:36,2012-07-31
444640,130545,-67.25,912,120,15:32:37,2012-07-31
444645,130555,-68.0,912,120,15:32:38,2012-07-31
444650,130565,-68.333336,912,120,15:32:39,2012-07-31
446080,130565,-71.0,912,120,15:16:21,2012-07-31
446080,130570,-71.5,912,120,15:16:21,2012-07-31
446080,130575,-72.0,912,120,15:16:21,2012-07-31
444645,130580,-68.666664,912,120,15:32:41,2012-07-31
446080,130580,-72.0,912,120,15:16:20,2012-07-31
446085,130585,-72.0,912,120,15:16:20,2012-07-31
444640,130590,-68.333336,912,120,15:32:42,2012-07-31
446085,130590,-70.5,912,120,15:16:19,2012-07-31
444635,130605,-68.666664,912,120,15:32:44,2012-07-31
446085,130605,-70.0,912,120,15:16:18,2012-07-31
444635,130610,-69.0,912,120,15:32:45,2012-07-31
446090,130615,-70.75,912,120,15:16:18,2012-07-31
444630,130620,-68.0,912,120,15:32:45,2012-07-31
444630,130625,-68.666664,912,120,15:32:46,2012-07-31
444630,130635,-68.333336,912,120,15:32:48,2012-07-31
446095,130640,-71.666664,912,120,15:16:16,2012-07-31
446095,130650,-72.0,912,120,15:16:16,2012-07-31
444640,130660,-69.0,912,120,15:32:49,2012-07-31
446100,130660,-72.0,912,120,15:16:15,2012-07-31
444645,130675,-69.0,912,120,15:32:50,2012-07-31
444645,130685,-69.0,912,120,15:32:51,2012-07-31
446100,130685,-72.0,912,120,15:16:14,2012-07-31
444650,130700,-69.0,912,120,15:32:51,2012-07-31
446105,130705,-72.0,912,120,15:16:12,2012-07-31
444655,130715,-69.0,912,120,15:32:52,2012-07-31
444660,130730,-70.0,912,120,15:32:53,2012-07-31
446110,130730,-72.0,912,120,15:16:11,2012-07-31
444660,130745,-72.5,912,120,15:32:55,2012-07-31
446105,130755,-71.25,912,120,15:16:09,2012-07-31
446105,130770,-71.0,912,120,15:16:08,2012-07-31
446100,130775,-69.5,912,120,15:16:08,2012-07-31
444670,130780,-73.0,912,120,15:32:56,2012-07-31
446100,130780,-69.0,912,120,15:16:07,2012-07-31
446100,130785,-69.0,912,120,15:16:07,2012-07-31
446095,130790,-69.0,912,120,15:16:07,2012-07-31
446095,130795,-66.599998,912,120,15:16:06,2012-07-31
444675,130805,-73.333336,912,120,15:32:58,2012-07-31
446095,130805,-66.0,912,120,15:16:06,2012-07-31
444675,130810,-74.0,912,120,15:32:58,2012-07-31
444675,130815,-74.0,912,120,15:32:58,2012-07-31
446090,130815,-63.75,912,120,15:16:05,2012-07-31
444680,130820,-74.0,912,120,15:32:58,2012-07-31
444680,130825,-74.0,912,120,15:32:59,2012-07-31
444680,130830,-74.666664,912,120,15:32:59,2012-07-31
444680,130835,-76.0,912,120,15:32:59,2012-07-31
444680,130840,-76.0,912,120,15:32:59,2012-07-31
446085,130840,-62.25,912,120,15:16:04,2012-07-31
444685,130845,-76.0,912,120,15:33:00,2012-07-31
446080,130850,-62.0,912,120,15:16:03,2012-07-31
444685,130855,-75.666664,912,120,15:33:01,2012-07-31
446080,130855,-62.0,912,120,15:16:03,2012-07-31
446075,130860,-61.5,912,120,15:16:02,2012-07-31
444685,130865,-75.0,912,120,15:33:01,2012-07-31
444685,130870,-75.0,912,120,15:33:01,2012-07-31
444685,130875,-75.25,912,120,15:33:02,2012-07-31
444690,130885,-76.0,912,120,15:33:03,2012-07-31
446070,130885,-61.75,912,120,15:16:01,2012-07-31
444690,130890,-76.0,912,120,15:33:03,2012-07-31
446070,130890,-62.0,912,120,15:16:00,2012-07-31
444690,130895,-76.0,912,120,15:33:03,2012-07-31
446065,130895,-62.0,912,120,15:16:00,2012-07-31
444690,130900,-76.0,912,120,15:33:03,2012-07-31
444690,130905,-77.333336,912,120,15:33:03,2012-07-31
444695,130910,-80.0,912,120,15:33:04,2012-07-31
446060,130910,-63.5,912,120,15:15:59,2012-07-31
444695,130925,-80.0,912,120,15:33:04,2012-07-31
444695,130930,-80.666664,912,120,15:33:05,2012-07-31
446055,130935,-64.0,912,120,15:15:58,2012-07-31
444700,130950,-82.666664,912,120,15:33:06,2012-07-31
446050,130950,-64.666664,912,120,15:15:58,2012-07-31
444700,130960,-84.0,912,120,15:33:07,2012-07-31
444700,130965,-84.0,912,120,15:33:07,2012-07-31
444705,130970,-84.0,912,120,15:33:07,2012-07-31
446045,130970,-64.25,912,120,15:15:57,2012-07-31
444705,130980,-84.0,912,120,15:33:08,2012-07-31
444705,130985,-84.0,912,120,15:33:08,2012-07-31
446040,130985,-63.333332,912,120,15:15:55,2012-07-31
444705,130995,-84.0,912,120,15:33:09,2012-07-31
444705,131005,-84.0,912,120,15:33:09,2012-07-31
446035,131005,-63.0,912,120,15:15:54,2012-07-31
444710,131010,-84.0,912,120,15:33:09,2012-07-31
446030,131020,-63.0,912,120,15:15:53,2012-07-31
446025,131035,-62.25,912,120,15:15:52,2012-07-31
446020,131060,-62.0,912,120,15:15:51,2012-07-31
446010,131090,-62.0,912,120,15:15:50,2012-07-31
446005,131110,-62.0,912,120,15:15:48,2012-07-31
446000,131125,-62.0,912,120,15:15:47,2012-07-31
445995,131140,-62.0,912,120,15:15:46,2012-07-31
445990,131145,-62.0,912,120,15:15:45,2012-07-31
445950,131280,-58.0,912,120,15:15:05,2012-07-31
445950,131285,-55.625,912,120,15:15:03,2012-07-31
445950,131290,-56.0,912,120,15:15:02,2012-07-31
445950,131295,-56.0,912,120,15:15:02,2012-07-31
445945,131305,-56.0,912,120,15:15:01,2012-07-31
445945,131310,-56.0,912,120,15:15:00,2012-07-31
445940,131320,-56.0,912,120,15:14:59,2012-07-31
445940,131325,-55.5,912,120,15:14:59,2012-07-31
445940,131330,-55.0,912,120,15:14:58,2012-07-31
445940,131335,-55.0,912,120,15:14:58,2012-07-31
445935,131340,-55.0,912,120,15:14:58,2012-07-31
445935,131345,-55.666668,912,120,15:14:57,2012-07-31
445930,131355,-55.25,912,120,15:14:56,2012-07-31
445930,131365,-55.0,912,120,15:14:55,2012-07-31
445925,131375,-57.25,912,120,15:14:55,2012-07-31
445925,131385,-58.0,912,120,15:14:54,2012-07-31
445920,131395,-59.333332,912,120,15:14:53,2012-07-31
445915,131425,-60.599998,912,120,15:14:52,2012-07-31
445910,131440,-61.0,912,120,15:14:51,2012-07-31
445905,131455,-61.0,912,120,15:14:50,2012-07-31
445900,131470,-61.5,912,120,15:14:49,2012-07-31
445895,131490,-62.0,912,120,15:14:47,2012-07-31
445890,131505,-62.0,912,120,15:14:47,2012-07-31
445890,131510,-62.0,912,120,15:14:46,2012-07-31
445885,131520,-62.0,912,120,15:14:45,2012-07-31
445890,131520,-62.0,912,120,15:14:45,2012-07-31
445885,131535,-62.0,912,120,15:14:45,2012-07-31
445885,131555,-62.0,912,120,15:14:44,2012-07-31
445880,131565,-62.0,912,120,15:14:43,2012-07-31
445955,131965,-69.0,912,120,15:14:20,2012-07-31
445960,131970,-68.0,912,120,15:14:19,2012-07-31
445960,131990,-67.0,912,120,15:14:18,2012-07-31
445965,132005,-66.199997,912,120,15:14:17,2012-07-31
445970,132025,-65.25,912,120,15:14:16,2012-07-31
445970,132040,-65.0,912,120,15:14:16,2012-07-31
445975,132055,-63.400002,912,120,15:14:14,2012-07-31
445975,132075,-63.0,912,120,15:14:13,2012-07-31
445980,132090,-63.0,912,120,15:14:12,2012-07-31
445980,132110,-63.0,912,120,15:14:11,2012-07-31
445985,132125,-63.666668,912,120,15:14:11,2012-07-31
445990,132140,-63.25,912,120,15:14:09,2012-07-31
445990,132155,-63.0,912,120,15:14:09,2012-07-31
445995,132175,-63.0,912,120,15:14:08,2012-07-31
445995,132190,-63.0,912,120,15:14:06,2012-07-31
445995,132205,-63.0,912,120,15:14:05,2012-07-31
446000,132220,-62.333332,912,120,15:14:05,2012-07-31
446000,132240,-60.666668,912,120,15:14:04,2012-07-31
446000,132255,-60.75,912,120,15:14:02,2012-07-31
446000,132260,-61.0,912,120,15:14:02,2012-07-31
445995,132275,-60.333332,912,120,15:14:01,2012-07-31
445995,132285,-60.0,912,120,15:14:00,2012-07-31
445995,132290,-60.0,912,120,15:14:00,2012-07-31
445995,132300,-58.799999,912,120,15:13:59,2012-07-31
445995,132320,-58.0,912,120,15:13:58,2012-07-31
445990,132335,-58.0,912,120,15:13:57,2012-07-31
445990,132350,-59.714287,912,120,15:13:57,2012-07-31
445990,132365,-60.0,912,120,15:13:55,2012-07-31
445990,132370,-60.0,912,120,15:13:55,2012-07-31
445990,132375,-60.0,912,120,15:13:54,2012-07-31
445985,132385,-60.0,912,120,15:13:54,2012-07-31
445985,132400,-60.0,912,120,15:13:53,2012-07-31
445985,132405,-60.0,912,120,15:13:53,2012-07-31
445985,132410,-60.0,912,120,15:13:52,2012-07-31
445985,132415,-60.0,912,120,15:13:52,2012-07-31
445985,132440,-60.0,912,120,15:13:51,2012-07-31
447100,132445,-70.0,912,120,14:56:02,2012-07-31
447100,132455,-70.0,912,120,14:56:03,2012-07-31
447100,132460,-70.0,912,120,14:56:04,2012-07-31
447105,132465,-70.0,912,120,14:56:04,2012-07-31
447110,132470,-70.0,912,120,14:56:05,2012-07-31
447115,132475,-70.0,912,120,14:56:06,2012-07-31
447125,132485,-71.25,912,120,14:56:07,2012-07-31
447130,132490,-75.0,912,120,14:56:08,2012-07-31
447130,132495,-75.0,912,120,14:56:08,2012-07-31
447135,132495,-74.800003,912,120,14:56:09,2012-07-31
447135,132500,-74.0,912,120,14:56:09,2012-07-31
447145,132505,-74.0,912,120,14:56:10,2012-07-31
447150,132510,-74.666664,912,120,14:56:10,2012-07-31
447160,132520,-75.666664,912,120,14:56:12,2012-07-31
447175,132530,-75.666664,912,120,14:56:13,2012-07-31
447180,132535,-77.0,912,120,14:56:14,2012-07-31
447185,132540,-77.0,912,120,14:56:14,2012-07-31
447195,132545,-77.0,912,120,14:56:15,2012-07-31
447200,132550,-77.0,912,120,14:56:15,2012-07-31
447205,132555,-78.0,912,120,14:56:16,2012-07-31
447230,132560,-75.0,912,120,15:02:00,2012-07-31
447235,132565,-74.5,912,120,15:02:00,2012-07-31
447240,132565,-74.0,912,120,15:01:59,2012-07-31
447240,132570,-74.0,912,120,15:01:59,2012-07-31
447245,132570,-74.0,912,120,15:01:59,2012-07-31
447245,132575,-74.0,912,120,15:01:58,2012-07-31
447250,132575,-74.0,912,120,15:01:58,2012-07-31
447250,132580,-74.0,912,120,15:01:58,2012-07-31
447255,132585,-74.0,912,120,15:01:57,2012-07-31
447255,132590,-73.333336,912,120,15:01:57,2012-07-31
447270,132620,-72.25,912,120,15:01:54,2012-07-31
447270,132630,-72.0,912,120,15:01:53,2012-07-31
447270,132635,-72.0,912,120,15:01:52,2012-07-31
447250,132665,-70.5,912,120,15:01:50,2012-07-31
447245,132680,-65.666664,912,120,15:01:48,2012-07-31
447240,132690,-64.0,912,120,15:01:48,2012-07-31
447240,132705,-63.25,912,120,15:01:47,2012-07-31
447240,132715,-59.0,912,120,15:01:45,2012-07-31
447245,132725,-57.0,912,120,15:01:44,2012-07-31
447250,132740,-56.0,912,120,15:01:43,2012-07-31
447260,132750,-56.0,912,120,15:01:42,2012-07-31
447270,132760,-56.0,912,120,15:01:41,2012-07-31
447275,132760,-55.25,912,120,15:01:40,2012-07-31
447280,132765,-55.0,912,120,15:01:39,2012-07-31
447295,132770,-55.0,912,120,15:01:38,2012-07-31
447310,132770,-54.0,912,120,15:01:37,2012-07-31
447335,132775,-54.0,912,120,15:01:35,2012-07-31
447345,132780,-54.0,912,120,15:01:34,2012-07-31
447360,132780,-57.0,912,120,15:01:33,2012-07-31
447375,132785,-61.0,912,120,15:01:32,2012-07-31
447385,132785,-61.0,912,120,15:01:31,2012-07-31
447395,132790,-61.0,912,120,15:01:30,2012-07-31
447410,132795,-63.0,912,120,15:01:29,2012-07-31
447415,132795,-66.0,912,120,15:01:28,2012-07-31
447415,132800,-66.0,912,120,15:01:28,2012-07-31
447420,132805,-64.0,912,120,15:01:27,2012-07-31
447425,132810,-64.0,912,120,15:01:26,2012-07-31
447425,132815,-64.0,912,120,15:01:26,2012-07-31
447430,132830,-65.333336,912,120,15:01:24,2012-07-31
447435,132835,-75.0,912,120,14:56:54,2012-07-31
447430,132840,-73.75,912,120,15:01:23,2012-07-31
447430,132845,-76.0,912,120,14:56:55,2012-07-31
447430,132850,-68.333336,912,120,15:01:21,2012-07-31
447425,132855,-68.0,912,120,15:01:21,2012-07-31
447420,132860,-68.0,912,120,15:01:20,2012-07-31
447425,132860,-75.73333,912,120,14:56:57,2012-07-31
447415,132865,-68.0,912,120,15:01:19,2012-07-31
447420,132865,-75.0,912,120,14:56:58,2012-07-31
447415,132870,-74.375,912,120,14:56:59,2012-07-31
447415,132875,-68.0,912,120,15:01:19,2012-07-31
447410,132880,-67.400002,912,120,15:01:17,2012-07-31
447415,132885,-73.5,912,120,14:57:00,2012-07-31
447415,132890,-71.5,912,120,14:57:02,2012-07-31
447415,132895,-65.0,912,120,15:01:16,2012-07-31
447415,132900,-64.0,912,120,15:01:15,2012-07-31
447420,132905,-67.75,912,120,15:01:14,2012-07-31
447420,132910,-69.5,912,120,14:57:03,2012-07-31
447425,132915,-69.0,912,120,15:01:14,2012-07-31
447425,132920,-69.0,912,120,15:01:13,2012-07-31
447430,132925,-68.5,912,120,14:57:04,2012-07-31
447435,132930,-69.0,912,120,15:01:12,2012-07-31
447440,132935,-67.5,912,120,14:57:06,2012-07-31
447440,132940,-69.0,912,120,15:01:10,2012-07-31
447445,132940,-69.0,912,120,15:01:10,2012-07-31
447450,132950,-67.0,912,120,14:57:07,2012-07-31
447450,132955,-69.0,912,120,15:01:09,2012-07-31
447455,132960,-67.333336,912,120,14:57:09,2012-07-31
447455,132965,-68.0,912,120,14:57:09,2012-07-31
447460,132970,-68.0,912,120,14:57:10,2012-07-31
447465,132980,-69.0,912,120,14:57:11,2012-07-31
447465,132985,-69.666664,912,120,14:57:11,2012-07-31
447470,132995,-71.0,912,120,14:57:13,2012-07-31
447480,133010,-74.0,912,120,14:57:15,2012-07-31
447485,133020,-74.0,912,120,14:57:16,2012-07-31
447490,133025,-74.333336,912,120,14:57:17,2012-07-31
447500,133045,-73.428574,912,120,14:57:20,2012-07-31
447535,133235,-73.0,912,120,15:00:23,2012-07-31
447535,133245,-73.0,912,120,15:00:22,2012-07-31
447530,133250,-72.199997,912,120,15:00:21,2012-07-31
447530,133260,-72.75,912,120,15:00:20,2012-07-31
447525,133270,-72.5,912,120,15:00:19,2012-07-31
447525,133305,-71.333336,912,120,15:00:17,2012-07-31
447520,133320,-72.333336,912,120,15:00:16,2012-07-31
447515,133350,-72.0,912,120,15:00:14,2012-07-31
447515,133370,-72.0,912,120,15:00:13,2012-07-31
447515,133380,-74.0,912,120,15:00:12,2012-07-31
447510,133405,-76.0,912,120,15:00:09,2012-07-31
447500,133420,-79.0,912,120,14:58:14,2012-07-31
447505,133420,-77.0,912,120,15:00:09,2012-07-31
447500,133425,-79.0,912,120,14:58:15,2012-07-31
447500,133430,-78.0,912,120,15:00:07,2012-07-31
447495,133435,-79.0,912,120,14:58:16,2012-07-31
447495,133440,-79.0,912,120,14:58:17,2012-07-31
447490,133445,-79.0,912,120,14:58:17,2012-07-31
447485,133450,-78.0,912,120,15:00:06,2012-07-31
447490,133450,-79.0,912,120,14:58:18,2012-07-31
447480,133455,-79.0,912,120,14:58:19,2012-07-31
447485,133455,-79.0,912,120,14:58:19,2012-07-31
447475,133460,-76.0,912,120,15:00:05,2012-07-31
447470,133465,-79.0,912,120,14:58:20,2012-07-31
447465,133470,-77.444443,912,120,15:00:03,2012-07-31
447460,133475,-79.0,912,120,14:58:22,2012-07-31
447455,133480,-78.666664,912,120,14:58:23,2012-07-31
447450,133490,-74.0,912,120,15:00:02,2012-07-31
447795,133490,-78.0,912,120,14:58:56,2012-07-31
447800,133490,-77.333336,912,120,14:58:57,2012-07-31
447810,133490,-75.0,912,120,14:58:58,2012-07-31
447815,133490,-75.0,912,120,14:58:59,2012-07-31
447820,133490,-75.0,912,120,14:58:59,2012-07-31
447450,133495,-75.699997,912,120,15:00:00,2012-07-31
447650,133495,-79.0,912,120,14:59:38,2012-07-31
447660,133495,-79.0,912,120,14:59:37,2012-07-31
447670,133495,-79.0,912,120,14:59:36,2012-07-31
447675,133495,-79.0,912,120,14:59:36,2012-07-31
447680,133495,-79.0,912,120,14:59:36,2012-07-31
447690,133495,-79.0,912,120,14:59:35,2012-07-31
447695,133495,-79.0,912,120,14:59:34,2012-07-31
447770,133495,-79.0,912,120,14:58:55,2012-07-31
447780,133495,-78.599998,912,120,14:58:55,2012-07-31
447785,133495,-78.0,912,120,14:58:55,2012-07-31
447820,133495,-75.599998,912,120,14:59:00,2012-07-31
447825,133495,-76.0,912,120,14:59:00,2012-07-31
447830,133495,-76.0,912,120,14:59:01,2012-07-31
447445,133500,-75.0,912,120,15:00:00,2012-07-31
447620,133500,-76.0,912,120,14:59:40,2012-07-31
447635,133500,-78.0,912,120,14:59:39,2012-07-31
447665,133500,-76.0,912,120,14:58:47,2012-07-31
447695,133500,-79.0,912,120,14:59:34,2012-07-31
447705,133500,-79.0,912,120,14:59:33,2012-07-31
447710,133500,-79.0,912,120,14:59:33,2012-07-31
447765,133500,-79.75,912,120,14:58:54,2012-07-31
447830,133500,-78.0,912,120,14:59:01,2012-07-31
447835,133500,-78.5,912,120,14:59:02,2012-07-31
447445,133505,-75.0,912,120,14:59:59,2012-07-31
447450,133505,-76.0,912,120,14:58:25,2012-07-31
447615,133505,-76.0,912,120,14:59:41,2012-07-31
447640,133505,-76.0,912,120,14:58:45,2012-07-31
447680,133505,-76.400002,912,120,14:58:47,2012-07-31
447695,133505,-78.0,912,120,14:58:49,2012-07-31
447715,133505,-78.25,912,120,14:58:50,2012-07-31
447725,133505,-79.0,912,120,14:58:50,2012-07-31
447735,133505,-79.5,912,120,14:58:51,2012-07-31
447835,133505,-79.0,912,120,14:59:03,2012-07-31
447445,133510,-74.333336,912,120,14:59:59,2012-07-31
447450,133510,-77.0,912,120,14:58:26,2012-07-31
447595,133510,-75.666664,912,120,14:59:42,2012-07-31
447615,133510,-75.0,912,120,14:58:43,2012-07-31
447620,133510,-75.333336,912,120,14:58:44,2012-07-31
447840,133510,-79.666664,912,120,14:59:05,2012-07-31
447845,133510,-81.0,912,120,14:59:06,2012-07-31
447445,133515,-74.0,912,120,14:59:59,2012-07-31
447845,133515,-82.25,912,120,14:59:07,2012-07-31
447445,133520,-74.0,912,120,14:59:58,2012-07-31
447450,133520,-78.666664,912,120,14:58:27,2012-07-31
447575,133520,-74.666664,912,120,14:59:43,2012-07-31
447595,133520,-74.333336,912,120,14:58:41,2012-07-31
447845,133520,-82.5,912,120,14:59:09,2012-07-31
447445,133525,-74.0,912,120,14:59:58,2012-07-31
447585,133525,-73.5,912,120,14:58:40,2012-07-31
447445,133530,-74.666664,912,120,14:59:57,2012-07-31
447560,133530,-73.666664,912,120,14:59:45,2012-07-31
447450,133535,-80.0,912,120,14:58:28,2012-07-31
447555,133535,-73.0,912,120,14:59:45,2012-07-31
447565,133535,-73.75,912,120,14:58:38,2012-07-31
447450,133540,-81.199997,912,120,14:58:28,2012-07-31
447545,133540,-73.666664,912,120,14:59:46,2012-07-31
447455,133545,-75.75,912,120,14:59:56,2012-07-31
447540,133545,-75.0,912,120,14:59:47,2012-07-31
447455,133550,-76.0,912,120,14:59:55,2012-07-31
447535,133550,-75.25,912,120,14:59:48,2012-07-31
447540,133550,-75.0,912,120,14:58:37,2012-07-31
447465,133555,-76.0,912,120,14:59:55,2012-07-31
447520,133555,-76.0,912,120,14:59:49,2012-07-31
447525,133555,-76.0,912,120,14:59:48,2012-07-31
447530,133555,-79.0,912,120,14:58:35,2012-07-31
447535,133555,-78.25,912,120,14:58:36,2012-07-31
447460,133560,-82.285713,912,120,14:58:29,2012-07-31
447470,133560,-76.0,912,120,14:59:54,2012-07-31
447475,133560,-77.5,912,120,14:59:53,2012-07-31
447480,133565,-83.0,912,120,14:58:31,2012-07-31
447490,133565,-77.333336,912,120,14:59:52,2012-07-31
447505,133565,-79.571426,912,120,14:59:50,2012-07-31
447520,133565,-80.333336,912,120,14:58:34,2012-07-31
443890,112770,-89.0,912,120,12:33:27,2012-07-26
443890,112775,-89.0,912,120,12:33:28,2012-07-26
443885,112785,-89.800003,912,120,12:33:29,2012-07-26
443880,112790,-91.0,912,120,12:33:30,2012-07-26
443880,112795,-91.0,912,120,12:33:30,2012-07-26
443805,112915,-100.0,912,120,12:33:42,2012-07-26
443800,112930,-100.0,912,120,12:33:42,2012-07-26
443800,112940,-100.0,912,120,12:33:44,2012-07-26
443800,112955,-100.0,912,120,12:33:45,2012-07-26
443800,112975,-100.0,912,120,12:33:46,2012-07-26
443810,112990,-100.0,912,120,12:33:47,2012-07-26
443810,113000,-99.0,912,120,12:33:49,2012-07-26
443815,113010,-98.833336,912,120,12:33:50,2012-07-26
443815,113020,-98.0,912,120,12:33:51,2012-07-26
443815,113035,-98.0,912,120,12:33:52,2012-07-26
443815,113045,-97.75,912,120,12:33:52,2012-07-26
443815,113050,-97.0,912,120,12:33:54,2012-07-26
443810,113075,-97.571426,912,120,12:33:54,2012-07-26
443805,113085,-98.0,912,120,12:33:56,2012-07-26
443805,113095,-98.0,912,120,12:33:56,2012-07-26
444950,129580,-66.0,912,120,14:43:05,2012-07-30
444930,129610,-66.0,912,120,14:43:04,2012-07-30
444915,129640,-64.199997,912,120,14:43:03,2012-07-30
444895,129670,-62.5,912,120,14:43:02,2012-07-30
444880,129695,-62.0,912,120,14:43:01,2012-07-30
444855,129725,-57.0,912,120,14:43:00,2012-07-30
444845,129740,-58.666668,912,120,14:43:00,2012-07-30
444840,129750,-53.25,912,120,14:42:59,2012-07-30
444825,129765,-52.0,912,120,14:42:58,2012-07-30
444810,129785,-49.333332,912,120,14:42:58,2012-07-30
444780,129820,-48.0,912,120,14:42:56,2012-07-30
444745,129855,-45.75,912,120,14:42:55,2012-07-30
444370,129860,-51.166668,912,120,16:08:19,2012-07-27
444380,129870,-47.666668,912,120,16:08:19,2012-07-27
444730,129870,-45.0,912,120,14:42:54,2012-07-30
444390,129875,-44.666668,912,120,16:08:17,2012-07-27
444400,129885,-43.333332,912,120,16:08:16,2012-07-27
444710,129890,-43.666668,912,120,14:42:53,2012-07-30
444705,129895,-43.0,912,120,14:42:53,2012-07-30
444695,129900,-43.0,912,120,14:42:53,2012-07-30
444420,129905,-40.75,912,120,16:08:13,2012-07-27
444430,129915,-39.25,912,120,16:08:13,2012-07-27
444435,129920,-40.0,912,120,16:08:11,2012-07-27
444500,129920,-48.0,912,120,16:07:59,2012-07-27
444675,129920,-43.666668,912,120,14:42:52,2012-07-30
444445,129925,-41.0,912,120,16:08:11,2012-07-27
444495,129925,-48.0,912,120,16:08:00,2012-07-27
444450,129930,-42.5,912,120,16:08:10,2012-07-27
444480,129935,-48.0,912,120,16:08:02,2012-07-27
444460,129940,-43.0,912,120,16:08:09,2012-07-27
444465,129940,-43.666668,912,120,16:08:07,2012-07-27
444470,129940,-44.0,912,120,16:08:06,2012-07-27
444475,129940,-45.846153,912,120,16:08:06,2012-07-27
444655,129940,-44.0,912,120,14:42:51,2012-07-30
444650,129945,-44.0,912,120,14:42:51,2012-07-30
444640,129950,-42.5,912,120,14:42:51,2012-07-30
444635,129955,-42.0,912,120,14:42:50,2012-07-30
444620,129965,-42.0,912,120,14:42:50,2012-07-30
444610,129975,-42.0,912,120,14:42:49,2012-07-30
444595,129980,-38.0,912,120,14:42:49,2012-07-30
444600,129980,-39.333332,912,120,14:42:49,2012-07-30
444500,129995,-49.0,912,120,15:31:57,2012-07-31
444575,129995,-38.0,912,120,14:42:48,2012-07-30
444565,130000,-38.0,912,120,14:42:48,2012-07-30
444505,130005,-49.0,912,120,15:31:58,2012-07-31
444560,130005,-38.0,912,120,14:42:48,2012-07-30
444505,130010,-49.0,912,120,15:31:58,2012-07-31
444550,130010,-38.0,912,120,14:42:47,2012-07-30
444555,130010,-38.0,912,120,14:42:48,2012-07-30
444540,130015,-37.5,912,120,14:42:47,2012-07-30
444545,130015,-38.0,912,120,14:42:47,2012-07-30
444510,130020,-49.0,912,120,15:32:00,2012-07-31
444530,130020,-37.0,912,120,14:42:47,2012-07-30
444535,130020,-37.0,912,120,14:42:47,2012-07-30
444520,130025,-37.0,912,120,14:42:46,2012-07-30
444525,130025,-37.0,912,120,14:42:47,2012-07-30
444530,130025,-37.0,912,120,14:42:47,2012-07-30
444515,130030,-36.666668,912,120,14:42:46,2012-07-30
444520,130030,-37.0,912,120,14:42:46,2012-07-30
444505,130035,-36.0,912,120,14:42:46,2012-07-30
444510,130035,-36.0,912,120,14:42:46,2012-07-30
444490,130040,-36.0,912,120,14:42:45,2012-07-30
444495,130040,-36.0,912,120,14:42:45,2012-07-30
444500,130040,-36.0,912,120,14:42:46,2012-07-30
444520,130050,-49.0,912,120,15:32:01,2012-07-31
444525,130070,-50.0,912,120,15:32:03,2012-07-31
444530,130090,-51.666668,912,120,15:32:04,2012-07-31
444535,130125,-50.333332,912,120,15:32:05,2012-07-31
444535,130130,-49.333332,912,120,15:32:06,2012-07-31
444540,130170,-50.666668,912,120,15:32:08,2012-07-31
444540,130190,-52.0,912,120,15:32:09,2012-07-31
444540,130200,-52.75,912,120,15:32:10,2012-07-31
444545,130215,-56.666668,912,120,15:32:11,2012-07-31
444550,130240,-61.200001,912,120,15:32:12,2012-07-31
444555,130265,-63.75,912,120,15:32:14,2012-07-31
444560,130280,-66.0,912,120,15:32:15,2012-07-31
444565,130295,-67.5,912,120,15:32:15,2012-07-31
444565,130305,-69.5,912,120,15:32:17,2012-07-31
444575,130340,-69.666664,912,120,15:32:18,2012-07-31
444580,130360,-69.333336,912,120,15:32:20,2012-07-31
444580,130375,-70.333336,912,120,15:32:21,2012-07-31
444580,130385,-71.0,912,120,15:32:22,2012-07-31
444580,130395,-71.0,912,120,15:32:22,2012-07-31
444580,130420,-71.0,912,120,15:32:24,2012-07-31
444585,130435,-72.0,912,120,15:32:25,2012-07-31
444585,130445,-74.0,912,120,15:32:26,2012-07-31
444585,130455,-74.0,912,120,15:32:26,2012-07-31
444585,130460,-73.599998,912,120,15:32:27,2012-07-31
444585,130475,-73.0,912,120,15:32:27,2012-07-31
444590,130480,-72.571426,912,120,15:32:28,2012-07-31
444590,130485,-72.0,912,120,15:32:28,2012-07-31
444590,130490,-72.0,912,120,15:32:29,2012-07-31
444590,130495,-72.0,912,120,15:32:29,2012-07-31
444595,130500,-72.333336,912,120,15:32:29,2012-07-31
444600,130510,-72.75,912,120,15:32:31,2012-07-31
444600,130515,-72.0,912,120,15:32:31,2012-07-31
444605,130520,-72.0,912,120,15:32:32,2012-07-31
444605,130525,-71.0,912,120,15:32:32,2012-07-31
444610,130530,-69.0,912,120,15:32:33,2012-07-31
444615,130530,-69.0,912,120,15:32:33,2012-07-31
444620,130535,-69.0,912,120,15:32:34,2012-07-31
444625,130540,-69.0,912,120,15:32:34,2012-07-31
444630,130540,-68.5,912,120,15:32:35,2012-07-31
444635,130545,-67.0,912,120,15:32:36,2012-07-31
444640,130545,-67.25,912,120,15:32:37,2012-07-31
444645,130555,-68.0,912,120,15:32:38,2012-07-31
444650,130565,-68.333336,912,120,15:32:39,2012-07-31
446080,130565,-71.0,912,120,15:16:21,2012-07-31
446080,130570,-71.5,912,120,15:16:21,2012-07-31
446080,130575,-72.0,912,120,15:16:21,2012-07-31
444645,130580,-68.666664,912,120,15:32:41,2012-07-31
446080,130580,-72.0,912,120,15:16:20,2012-07-31
446085,130585,-72.0,912,120,15:16:20,2012-07-31
444640,130590,-68.333336,912,120,15:32:42,2012-07-31
446085,130590,-70.5,912,120,15:16:19,2012-07-31
444635,130605,-68.666664,912,120,15:32:44,2012-07-31
446085,130605,-70.0,912,120,15:16:18,2012-07-31
444635,130610,-69.0,912,120,15:32:45,2012-07-31
446090,130615,-70.75,912,120,15:16:18,2012-07-31
444630,130620,-68.0,912,120,15:32:45,2012-07-31
444630,130625,-68.666664,912,120,15:32:46,2012-07-31
444630,130635,-68.333336,912,120,15:32:48,2012-07-31
446095,130640,-71.666664,912,120,15:16:16,2012-07-31
446095,130650,-72.0,912,120,15:16:16,2012-07-31
444640,130660,-69.0,912,120,15:32:49,2012-07-31
446100,130660,-72.0,912,120,15:16:15,2012-07-31
444645,130675,-69.0,912,120,15:32:50,2012-07-31
444645,130685,-69.0,912,120,15:32:51,2012-07-31
446100,130685,-72.0,912,120,15:16:14,2012-07-31
444650,130700,-69.0,912,120,15:32:51,2012-07-31
446105,130705,-72.0,912,120,15:16:12,2012-07-31
444655,130715,-69.0,912,120,15:32:52,2012-07-31
444660,130730,-70.0,912,120,15:32:53,2012-07-31
446110,130730,-72.0,912,120,15:16:11,2012-07-31
444660,130745,-72.5,912,120,15:32:55,2012-07-31
446105,130755,-71.25,912,120,15:16:09,2012-07-31
446105,130770,-71.0,912,120,15:16:08,2012-07-31
446100,130775,-69.5,912,120,15:16:08,2012-07-31
444670,130780,-73.0,912,120,15:32:56,2012-07-31
446100,130780,-69.0,912,120,15:16:07,2012-07-31
446100,130785,-69.0,912,120,15:16:07,2012-07-31
446095,130790,-69.0,912,120,15:16:07,2012-07-31
446095,130795,-66.599998,912,120,15:16:06,2012-07-31
444675,130805,-73.333336,912,120,15:32:58,2012-07-31
446095,130805,-66.0,912,120,15:16:06,2012-07-31
444675,130810,-74.0,912,120,15:32:58,2012-07-31
444675,130815,-74.0,912,120,15:32:58,2012-07-31
446090,130815,-63.75,912,120,15:16:05,2012-07-31
444680,130820,-74.0,912,120,15:32:58,2012-07-31
444680,130825,-74.0,912,120,15:32:59,2012-07-31
444680,130830,-74.666664,912,120,15:32:59,2012-07-31
444680,130835,-76.0,912,120,15:32:59,2012-07-31
444680,130840,-76.0,912,120,15:32:59,2012-07-31
446085,130840,-62.25,912,120,15:16:04,2012-07-31
444685,130845,-76.0,912,120,15:33:00,2012-07-31
446080,130850,-62.0,912,120,15:16:03,2012-07-31
444685,130855,-75.666664,912,120,15:33:01,2012-07-31
446080,130855,-62.0,912,120,15:16:03,2012-07-31
446075,130860,-61.5,912,120,15:16:02,2012-07-31
444685,130865,-75.0,912,120,15:33:01,2012-07-31
444685,130870,-75.0,912,120,15:33:01,2012-07-31
444685,130875,-75.25,912,120,15:33:02,2012-07-31
444690,130885,-76.0,912,120,15:33:03,2012-07-31
446070,130885,-61.75,912,120,15:16:01,2012-07-31
444690,130890,-76.0,912,120,15:33:03,2012-07-31
446070,130890,-62.0,912,120,15:16:00,2012-07-31
444690,130895,-76.0,912,120,15:33:03,2012-07-31
446065,130895,-62.0,912,120,15:16:00,2012-07-31
444690,130900,-76.0,912,120,15:33:03,2012-07-31
444690,130905,-77.333336,912,120,15:33:03,2012-07-31
444695,130910,-80.0,912,120,15:33:04,2012-07-31
446060,130910,-63.5,912,120,15:15:59,2012-07-31
444695,130925,-80.0,912,120,15:33:04,2012-07-31
444695,130930,-80.666664,912,120,15:33:05,2012-07-31
446055,130935,-64.0,912,120,15:15:58,2012-07-31
444700,130950,-82.666664,912,120,15:33:06,2012-07-31
446050,130950,-64.666664,912,120,15:15:58,2012-07-31
444700,130960,-84.0,912,120,15:33:07,2012-07-31
444700,130965,-84.0,912,120,15:33:07,2012-07-31
444705,130970,-84.0,912,120,15:33:07,2012-07-31
446045,130970,-64.25,912,120,15:15:57,2012-07-31
444705,130980,-84.0,912,120,15:33:08,2012-07-31
444705,130985,-84.0,912,120,15:33:08,2012-07-31
446040,130985,-63.333332,912,120,15:15:55,2012-07-31
444705,130995,-84.0,912,120,15:33:09,2012-07-31
444705,131005,-84.0,912,120,15:33:09,2012-07-31
446035,131005,-63.0,912,120,15:15:54,2012-07-31
444710,131010,-84.0,912,120,15:33:09,2012-07-31
446030,131020,-63.0,912,120,15:15:53,2012-07-31
446025,131035,-62.25,912,120,15:15:52,2012-07-31
446020,131060,-62.0,912,120,15:15:51,2012-07-31
446010,131090,-62.0,912,120,15:15:50,2012-07-31
446005,131110,-62.0,912,120,15:15:48,2012-07-31
446000,131125,-62.0,912,120,15:15:47,2012-07-31
445995,131140,-62.0,912,120,15:15:46,2012-07-31
445990,131145,-62.0,912,120,15:15:45,2012-07-31
445950,131280,-58.0,912,120,15:15:05,2012-07-31
445950,131285,-55.625,912,120,15:15:03,2012-07-31
445950,131290,-56.0,912,120,15:15:02,2012-07-31
445950,131295,-56.0,912,120,15:15:02,2012-07-31
445945,131305,-56.0,912,120,15:15:01,2012-07-31
445945,131310,-56.0,912,120,15:15:00,2012-07-31
445940,131320,-56.0,912,120,15:14:59,2012-07-31
445940,131325,-55.5,912,120,15:14:59,2012-07-31
445940,131330,-55.0,912,120,15:14:58,2012-07-31
445940,131335,-55.0,912,120,15:14:58,2012-07-31
445935,131340,-55.0,912,120,15:14:58,2012-07-31
445935,131345,-55.666668,912,120,15:14:57,2012-07-31
445930,131355,-55.25,912,120,15:14:56,2012-07-31
445930,131365,-55.0,912,120,15:14:55,2012-07-31
445925,131375,-57.25,912,120,15:14:55,2012-07-31
445925,131385,-58.0,912,120,15:14:54,2012-07-31
445920,131395,-59.333332,912,120,15:14:53,2012-07-31
445915,131425,-60.599998,912,120,15:14:52,2012-07-31
445910,131440,-61.0,912,120,15:14:51,2012-07-31
445905,131455,-61.0,912,120,15:14:50,2012-07-31
445900,131470,-61.5,912,120,15:14:49,2012-07-31
445895,131490,-62.0,912,120,15:14:47,2012-07-31
445890,131505,-62.0,912,120,15:14:47,2012-07-31
445890,131510,-62.0,912,120,15:14:46,2012-07-31
445885,131520,-62.0,912,120,15:14:45,2012-07-31
445890,131520,-62.0,912,120,15:14:45,2012-07-31
445885,131535,-62.0,912,120,15:14:45,2012-07-31
445885,131555,-62.0,912,120,15:14:44,2012-07-31
445880,131565,-62.0,912,120,15:14:43,2012-07-31
445955,131965,-69.0,912,120,15:14:20,2012-07-31
445960,131970,-68.0,912,120,15:14:19,2012-07-31
445960,131990,-67.0,912,120,15:14:18,2012-07-31
445965,132005,-66.199997,912,120,15:14:17,2012-07-31
445970,132025,-65.25,912,120,15:14:16,2012-07-31
445970,132040,-65.0,912,120,15:14:16,2012-07-31
445975,132055,-63.400002,912,120,15:14:14,2012-07-31
445975,132075,-63.0,912,120,15:14:13,2012-07-31
445980,132090,-63.0,912,120,15:14:12,2012-07-31
445980,132110,-63.0,912,120,15:14:11,2012-07-31
445985,132125,-63.666668,912,120,15:14:11,2012-07-31
445990,132140,-63.25,912,120,15:14:09,2012-07-31
445990,132155,-63.0,912,120,15:14:09,2012-07-31
445995,132175,-63.0,912,120,15:14:08,2012-07-31
445995,132190,-63.0,912,120,15:14:06,2012-07-31
445995,132205,-63.0,912,120,15:14:05,2012-07-31
446000,132220,-62.333332,912,120,15:14:05,2012-07-31
446000,132240,-60.666668,912,120,15:14:04,2012-07-31
446000,132255,-60.75,912,120,15:14:02,2012-07-31
446000,132260,-61.0,912,120,15:14:02,2012-07-31
445995,132275,-60.333332,912,120,15:14:01,2012-07-31
445995,132285,-60.0,912,120,15:14:00,2012-07-31
445995,132290,-60.0,912,120,15:14:00,2012-07-31
445995,132300,-58.799999,912,120,15:13:59,2012-07-31
445995,132320,-58.0,912,120,15:13:58,2012-07-31
445990,132335,-58.0,912,120,15:13:57,2012-07-31
445990,132350,-59.714287,912,120,15:13:57,2012-07-31
445990,132365,-60.0,912,120,15:13:55,2012-07-31
445990,132370,-60.0,912,120,15:13:55,2012-07-31
445990,132375,-60.0,912,120,15:13:54,2012-07-31
445985,132385,-60.0,912,120,15:13:54,2012-07-31
445985,132400,-60.0,912,120,15:13:53,2012-07-31
445985,132405,-60.0,912,120,15:13:53,2012-07-31
445985,132410,-60.0,912,120,15:13:52,2012-07-31
445985,132415,-60.0,912,120,15:13:52,2012-07-31
445985,132440,-60.0,912,120,15:13:51,2012-07-31
447100,132445,-70.0,912,120,14:56:02,2012-07-31
447100,132455,-70.0,912,120,14:56:03,2012-07-31
447100,132460,-70.0,912,120,14:56:04,2012-07-31
447105,132465,-70.0,912,120,14:56:04,2012-07-31
447110,132470,-70.0,912,120,14:56:05,2012-07-31
447115,132475,-70.0,912,120,14:56:06,2012-07-31
447125,132485,-71.25,912,120,14:56:07,2012-07-31
447130,132490,-75.0,912,120,14:56:08,2012-07-31
447130,132495,-75.0,912,120,14:56:08,2012-07-31
447135,132495,-74.800003,912,120,14:56:09,2012-07-31
447135,132500,-74.0,912,120,14:56:09,2012-07-31
447145,132505,-74.0,912,120,14:56:10,2012-07-31
447150,132510,-74.666664,912,120,14:56:10,2012-07-31
447160,132520,-75.666664,912,120,14:56:12,2012-07-31
447175,132530,-75.666664,912,120,14:56:13,2012-07-31
447180,132535,-77.0,912,120,14:56:14,2012-07-31
447185,132540,-77.0,912,120,14:56:14,2012-07-31
447195,132545,-77.0,912,120,14:56:15,2012-07-31
447200,132550,-77.0,912,120,14:56:15,2012-07-31
447205,132555,-78.0,912,120,14:56:16,2012-07-31
447230,132560,-75.0,912,120,15:02:00,2012-07-31
447235,132565,-74.5,912,120,15:02:00,2012-07-31
447240,132565,-74.0,912,120,15:01:59,2012-07-31
447240,132570,-74.0,912,120,15:01:59,2012-07-31
447245,132570,-74.0,912,120,15:01:59,2012-07-31
447245,132575,-74.0,912,120,15:01:58,2012-07-31
447250,132575,-74.0,912,120,15:01:58,2012-07-31
447250,132580,-74.0,912,120,15:01:58,2012-07-31
447255,132585,-74.0,912,120,15:01:57,2012-07-31
447255,132590,-73.333336,912,120,15:01:57,2012-07-31
447270,132620,-72.25,912,120,15:01:54,2012-07-31
447270,132630,-72.0,912,120,15:01:53,2012-07-31
447270,132635,-72.0,912,120,15:01:52,2012-07-31
447250,132665,-70.5,912,120,15:01:50,2012-07-31
447245,132680,-65.666664,912,120,15:01:48,2012-07-31
447240,132690,-64.0,912,120,15:01:48,2012-07-31
447240,132705,-63.25,912,120,15:01:47,2012-07-31
447240,132715,-59.0,912,120,15:01:45,2012-07-31
447245,132725,-57.0,912,120,15:01:44,2012-07-31
447250,132740,-56.0,912,120,15:01:43,2012-07-31
447260,132750,-56.0,912,120,15:01:42,2012-07-31
447270,132760,-56.0,912,120,15:01:41,2012-07-31
447275,132760,-55.25,912,120,15:01:40,2012-07-31
447280,132765,-55.0,912,120,15:01:39,2012-07-31
447295,132770,-55.0,912,120,15:01:38,2012-07-31
447310,132770,-54.0,912,120,15:01:37,2012-07-31
447335,132775,-54.0,912,120,15:01:35,2012-07-31
447345,132780,-54.0,912,120,15:01:34,2012-07-31
447360,132780,-57.0,912,120,15:01:33,2012-07-31
447375,132785,-61.0,912,120,15:01:32,2012-07-31
447385,132785,-61.0,912,120,15:01:31,2012-07-31
447395,132790,-61.0,912,120,15:01:30,2012-07-31
447410,132795,-63.0,912,120,15:01:29,2012-07-31
447415,132795,-66.0,912,120,15:01:28,2012-07-31
447415,132800,-66.0,912,120,15:01:28,2012-07-31
447420,132805,-64.0,912,120,15:01:27,2012-07-31
447425,132810,-64.0,912,120,15:01:26,2012-07-31
447425,132815,-64.0,912,120,15:01:26,2012-07-31
447430,132830,-65.333336,912,120,15:01:24,2012-07-31
447435,132835,-75.0,912,120,14:56:54,2012-07-31
447430,132840,-73.75,912,120,15:01:23,2012-07-31
447430,132845,-76.0,912,120,14:56:55,2012-07-31
447430,132850,-68.333336,912,120,15:01:21,2012-07-31
447425,132855,-68.0,912,120,15:01:21,2012-07-31
447420,132860,-68.0,912,120,15:01:20,2012-07-31
447425,132860,-75.73333,912,120,14:56:57,2012-07-31
447415,132865,-68.0,912,120,15:01:19,2012-07-31
447420,132865,-75.0,912,120,14:56:58,2012-07-31
447415,132870,-74.375,912,120,14:56:59,2012-07-31
447415,132875,-68.0,912,120,15:01:19,2012-07-31
447410,132880,-67.400002,912,120,15:01:17,2012-07-31
447415,132885,-73.5,912,120,14:57:00,2012-07-31
447415,132890,-71.5,912,120,14:57:02,2012-07-31
447415,132895,-65.0,912,120,15:01:16,2012-07-31
447415,132900,-64.0,912,120,15:01:15,2012-07-31
447420,132905,-67.75,912,120,15:01:14,2012-07-31
447420,132910,-69.5,912,120,14:57:03,2012-07-31
447425,132915,-69.0,912,120,15:01:14,2012-07-31
447425,132920,-69.0,912,120,15:01:13,2012-07-31
447430,132925,-68.5,912,120,14:57:04,2012-07-31
447435,132930,-69.0,912,120,15:01:12,2012-07-31
447440,132935,-67.5,912,120,14:57:06,2012-07-31
447440,132940,-69.0,912,120,15:01:10,2012-07-31
447445,132940,-69.0,912,120,15:01:10,2012-07-31
447450,132950,-67.0,912,120,14:57:07,2012-07-31
447450,132955,-69.0,912,120,15:01:09,2012-07-31
447455,132960,-67.333336,912,120,14:57:09,2012-07-31
447455,132965,-68.0,912,120,14:57:09,2012-07-31
447460,132970,-68.0,912,120,14:57:10,2012-07-31
447465,132980,-69.0,912,120,14:57:11,2012-07-31
447465,132985,-69.666664,912,120,14:57:11,2012-07-31
447470,132995,-71.0,912,120,14:57:13,2012-07-31
447480,133010,-74.0,912,120,14:57:15,2012-07-31
447485,133020,-74.0,912,120,14:57:16,2012-07-31
447490,133025,-74.333336,912,120,14:57:17,2012-07-31
447500,133045,-73.428574,912,120,14:57:20,2012-07-31
447535,133235,-73.0,912,120,15:00:23,2012-07-31
447535,133245,-73.0,912,120,15:00:22,2012-07-31
447530,133250,-72.199997,912,120,15:00:21,2012-07-31
447530,133260,-72.75,912,120,15:00:20,2012-07-31
447525,133270,-72.5,912,120,15:00:19,2012-07-31
447525,133305,-71.333336,912,120,15:00:17,2012-07-31
447520,133320,-72.333336,912,120,15:00:16,2012-07-31
447515,133350,-72.0,912,120,15:00:14,2012-07-31
447515,133370,-72.0,912,120,15:00:13,2012-07-31
447515,133380,-74.0,912,120,15:00:12,2012-07-31
447510,133405,-76.0,912,120,15:00:09,2012-07-31
447500,133420,-79.0,912,120,14:58:14,2012-07-31
447505,133420,-77.0,912,120,15:00:09,2012-07-31
447500,133425,-79.0,912,120,14:58:15,2012-07-31
447500,133430,-78.0,912,120,15:00:07,2012-07-31
447495,133435,-79.0,912,120,14:58:16,2012-07-31
447495,133440,-79.0,912,120,14:58:17,2012-07-31
447490,133445,-79.0,912,120,14:58:17,2012-07-31
447485,133450,-78.0,912,120,15:00:06,2012-07-31
447490,133450,-79.0,912,120,14:58:18,2012-07-31
447480,133455,-79.0,912,120,14:58:19,2012-07-31
447485,133455,-79.0,912,120,14:58:19,2012-07-31
447475,133460,-76.0,912,120,15:00:05,2012-07-31
447470,133465,-79.0,912,120,14:58:20,2012-07-31
447465,133470,-77.444443,912,120,15:00:03,2012-07-31
447460,133475,-79.0,912,120,14:58:22,2012-07-31
447455,133480,-78.666664,912,120,14:58:23,2012-07-31
447450,133490,-74.0,912,120,15:00:02,2012-07-31
447795,133490,-78.0,912,120,14:58:56,2012-07-31
447800,133490,-77.333336,912,120,14:58:57,2012-07-31
447810,133490,-75.0,912,120,14:58:58,2012-07-31
447815,133490,-75.0,912,120,14:58:59,2012-07-31
447820,133490,-75.0,912,120,14:58:59,2012-07-31
447450,133495,-75.699997,912,120,15:00:00,2012-07-31
447650,133495,-79.0,912,120,14:59:38,2012-07-31
447660,133495,-79.0,912,120,14:59:37,2012-07-31
447670,133495,-79.0,912,120,14:59:36,2012-07-31
447675,133495,-79.0,912,120,14:59:36,2012-07-31
447680,133495,-79.0,912,120,14:59:36,2012-07-31
447690,133495,-79.0,912,120,14:59:35,2012-07-31
447695,133495,-79.0,912,120,14:59:34,2012-07-31
447770,133495,-79.0,912,120,14:58:55,2012-07-31
447780,133495,-78.599998,912,120,14:58:55,2012-07-31
447785,133495,-78.0,912,120,14:58:55,2012-07-31
447820,133495,-75.599998,912,120,14:59:00,2012-07-31
447825,133495,-76.0,912,120,14:59:00,2012-07-31
447830,133495,-76.0,912,120,14:59:01,2012-07-31
447445,133500,-75.0,912,120,15:00:00,2012-07-31
447620,133500,-76.0,912,120,14:59:40,2012-07-31
447635,133500,-78.0,912,120,14:59:39,2012-07-31
447665,133500,-76.0,912,120,14:58:47,2012-07-31
447695,133500,-79.0,912,120,14:59:34,2012-07-31
447705,133500,-79.0,912,120,14:59:33,2012-07-31
447710,133500,-79.0,912,120,14:59:33,2012-07-31
447765,133500,-79.75,912,120,14:58:54,2012-07-31
447830,133500,-78.0,912,120,14:59:01,2012-07-31
447835,133500,-78.5,912,120,14:59:02,2012-07-31
447445,133505,-75.0,912,120,14:59:59,2012-07-31
447450,133505,-76.0,912,120,14:58:25,2012-07-31
447615,133505,-76.0,912,120,14:59:41,2012-07-31
447640,133505,-76.0,912,120,14:58:45,2012-07-31
447680,133505,-76.400002,912,120,14:58:47,2012-07-31
447695,133505,-78.0,912,120,14:58:49,2012-07-31
447715,133505,-78.25,912,120,14:58:50,2012-07-31
447725,133505,-79.0,912,120,14:58:50,2012-07-31
447735,133505,-79.5,912,120,14:58:51,2012-07-31
447835,133505,-79.0,912,120,14:59:03,2012-07-31
447445,133510,-74.333336,912,120,14:59:59,2012-07-31
447450,133510,-77.0,912,120,14:58:26,2012-07-31
447595,133510,-75.666664,912,120,14:59:42,2012-07-31
447615,133510,-75.0,912,120,14:58:43,2012-07-31
447620,133510,-75.333336,912,120,14:58:44,2012-07-31
447840,133510,-79.666664,912,120,14:59:05,2012-07-31
447845,133510,-81.0,912,120,14:59:06,2012-07-31
447445,133515,-74.0,912,120,14:59:59,2012-07-31
447845,133515,-82.25,912,120,14:59:07,2012-07-31
447445,133520,-74.0,912,120,14:59:58,2012-07-31
447450,133520,-78.666664,912,120,14:58:27,2012-07-31
447575,133520,-74.666664,912,120,14:59:43,2012-07-31
447595,133520,-74.333336,912,120,14:58:41,2012-07-31
447845,133520,-82.5,912,120,14:59:09,2012-07-31
447445,133525,-74.0,912,120,14:59:58,2012-07-31
447585,133525,-73.5,912,120,14:58:40,2012-07-31
447445,133530,-74.666664,912,120,14:59:57,2012-07-31
447560,133530,-73.666664,912,120,14:59:45,2012-07-31
447450,133535,-80.0,912,120,14:58:28,2012-07-31
447555,133535,-73.0,912,120,14:59:45,2012-07-31
447565,133535,-73.75,912,120,14:58:38,2012-07-31
447450,133540,-81.199997,912,120,14:58:28,2012-07-31
447545,133540,-73.666664,912,120,14:59:46,2012-07-31
447455,133545,-75.75,912,120,14:59:56,2012-07-31
447540,133545,-75.0,912,120,14:59:47,2012-07-31
447455,133550,-76.0,912,120,14:59:55,2012-07-31
447535,133550,-75.25,912,120,14:59:48,2012-07-31
447540,133550,-75.0,912,120,14:58:37,2012-07-31
447465,133555,-76.0,912,120,14:59:55,2012-07-31
447520,133555,-76.0,912,120,14:59:49,2012-07-31
447525,133555,-76.0,912,120,14:59:48,2012-07-31
447530,133555,-79.0,912,120,14:58:35,2012-07-31
447535,133555,-78.25,912,120,14:58:36,2012-07-31
447460,133560,-82.285713,912,120,14:58:29,2012-07-31
447470,133560,-76.0,912,120,14:59:54,2012-07-31
447475,133560,-77.5,912,120,14:59:53,2012-07-31
447480,133565,-83.0,912,120,14:58:31,2012-07-31
447490,133565,-77.333336,912,120,14:59:52,2012-07-31
447505,133565,-79.571426,912,120,14:59:50,2012-07-31
447520,133565,-80.333336,912,120,14:58:34,2012-07-31
