439560,132225,-71.0,1001079,111,17:31:24,2012-07-27
439565,132235,-71.0,1001079,111,17:31:25,2012-07-27
439565,132245,-71.0,1001079,111,17:31:27,2012-07-27
439570,132260,-71.0,1001079,111,17:31:27,2012-07-27
439570,132270,-71.400002,1001079,111,17:31:29,2012-07-27
439575,132285,-73.0,1001079,111,17:31:30,2012-07-27
439580,132300,-73.0,1001079,111,17:31:31,2012-07-27
439580,132310,-71.400002,1001079,111,17:31:32,2012-07-27
439585,132320,-68.25,1001079,111,17:31:34,2012-07-27
439590,132335,-65.800003,1001079,111,17:31:35,2012-07-27
439590,132340,-65.0,1001079,111,17:31:36,2012-07-27
439595,132350,-65.714287,1001079,111,17:31:36,2012-07-27
439600,132365,-65.36364,1001079,111,17:31:38,2012-07-27
439600,132375,-65.400002,1001079,111,17:31:39,2012-07-27
439605,132385,-66.0,1001079,111,17:31:40,2012-07-27
439605,132400,-66.199997,1001079,111,17:31:41,2012-07-27
439610,132410,-66.75,1001079,111,17:31:43,2012-07-27
439610,132430,-66.400002,1001079,111,17:31:44,2012-07-27
439610,132440,-67.800003,1001079,111,17:31:46,2012-07-27
440310,132455,-66.0,1001079,111,16:06:16,2012-07-31
439605,132460,-67.0,1001079,111,17:31:47,2012-07-27
439605,132465,-67.0,1001079,111,17:31:47,2012-07-27
440305,132465,-66.0,1001079,111,16:06:16,2012-07-31
439605,132470,-67.25,1001079,111,17:31:48,2012-07-27
440300,132470,-66.0,1001079,111,16:06:17,2012-07-31
439605,132475,-68.0,1001079,111,17:31:48,2012-07-27
439600,132480,-68.0,1001079,111,17:31:49,2012-07-27
439600,132490,-68.0,1001079,111,17:31:50,2012-07-27
440290,132490,-66.0,1001079,111,16:06:18,2012-07-31
439595,132500,-68.5,1001079,111,17:31:50,2012-07-27
440285,132505,-66.0,1001079,111,16:06:20,2012-07-31
439595,132510,-70.0,1001079,111,17:31:52,2012-07-27
440280,132515,-65.5,1001079,111,16:06:21,2012-07-31
439590,132520,-70.0,1001079,111,17:31:53,2012-07-27
439590,132525,-70.0,1001079,111,17:31:53,2012-07-27
440275,132530,-64.0,1001079,111,16:06:22,2012-07-31
439585,132535,-70.0,1001079,111,17:31:55,2012-07-27
440270,132545,-66.0,1001079,111,16:06:23,2012-07-31
439580,132555,-70.0,1001079,111,17:31:56,2012-07-27
439575,132565,-70.0,1001079,111,17:31:58,2012-07-27
440260,132565,-71.0,1001079,111,16:06:24,2012-07-31
439575,132570,-70.0,1001079,111,17:31:58,2012-07-27
440255,132575,-73.75,1001079,111,16:06:26,2012-07-31
439575,132580,-70.0,1001079,111,17:31:59,2012-07-27
439570,132590,-70.0,1001079,111,17:32:00,2012-07-27
440245,132590,-76.599998,1001079,111,16:06:26,2012-07-31
439570,132595,-70.0,1001079,111,17:32:00,2012-07-27
440240,132600,-79.0,1001079,111,16:06:28,2012-07-31
439565,132605,-70.0,1001079,111,17:32:02,2012-07-27
439560,132620,-69.75,1001079,111,17:32:03,2012-07-27
440230,132620,-77.5,1001079,111,16:06:28,2012-07-31
439555,132630,-68.666664,1001079,111,17:32:05,2012-07-27
439555,132635,-68.0,1001079,111,17:32:05,2012-07-27
440225,132635,-75.63636,1001079,111,16:06:30,2012-07-31
439555,132640,-67.5,1001079,111,17:32:06,2012-07-27
440220,132645,-73.714287,1001079,111,16:06:31,2012-07-31
439550,132650,-66.0,1001079,111,17:32:07,2012-07-27
439550,132655,-66.5,1001079,111,17:32:07,2012-07-27
439545,132660,-68.0,1001079,111,17:32:08,2012-07-27
439545,132665,-67.666664,1001079,111,17:32:09,2012-07-27
439545,132670,-67.0,1001079,111,17:32:09,2012-07-27
439540,132680,-66.666664,1001079,111,17:32:10,2012-07-27
439535,132695,-66.333336,1001079,111,17:32:12,2012-07-27
439530,132700,-67.0,1001079,111,17:32:12,2012-07-27
439525,132710,-67.0,1001079,111,17:32:13,2012-07-27
439530,132710,-67.0,1001079,111,17:32:14,2012-07-27
439525,132715,-67.0,1001079,111,17:32:14,2012-07-27
439520,132725,-66.833336,1001079,111,17:32:16,2012-07-27
439515,132740,-66.333336,1001079,111,17:32:17,2012-07-27
439515,132745,-68.0,1001079,111,17:32:18,2012-07-27
439510,132755,-69.5,1001079,111,17:32:19,2012-07-27
439510,132765,-70.599998,1001079,111,17:32:20,2012-07-27
439505,132775,-70.199997,1001079,111,17:32:21,2012-07-27
439505,132785,-71.0,1001079,111,17:32:22,2012-07-27
439500,132795,-71.400002,1001079,111,17:32:23,2012-07-27
439500,132810,-72.5,1001079,111,17:32:24,2012-07-27
440180,132820,-73.166664,1001079,111,16:06:55,2012-07-31
440190,132820,-71.5,1001079,111,18:03:18,2012-07-27
439495,132825,-73.800003,1001079,111,17:32:26,2012-07-27
440170,132825,-73.0,1001079,111,16:06:50,2012-07-31
440175,132825,-73.0,1001079,111,16:06:51,2012-07-31
439495,132835,-73.0,1001079,111,17:32:27,2012-07-27
440175,132835,-71.0,1001079,111,18:03:17,2012-07-27
439495,132845,-73.800003,1001079,111,17:32:27,2012-07-27
440170,132845,-69.400002,1001079,111,18:03:16,2012-07-27
440155,132855,-73.25,1001079,111,16:26:18,2012-07-31
439495,132860,-74.199997,1001079,111,17:32:29,2012-07-27
440155,132860,-69.75,1001079,111,18:03:15,2012-07-27
440140,132865,-73.0,1001079,111,16:26:18,2012-07-31
440145,132865,-73.0,1001079,111,16:26:18,2012-07-31
439495,132870,-73.5,1001079,111,17:32:30,2012-07-27
440130,132875,-73.0,1001079,111,16:26:17,2012-07-31
440125,132880,-73.75,1001079,111,16:26:17,2012-07-31
440130,132880,-71.199997,1001079,111,18:03:14,2012-07-27
440120,132885,-72.0,1001079,111,18:03:13,2012-07-27
440120,132885,-74.0,1001079,111,16:26:17,2012-07-31
439500,132890,-74.599998,1001079,111,17:32:31,2012-07-27
440110,132890,-74.0,1001079,111,16:26:16,2012-07-31
440115,132890,-74.0,1001079,111,16:26:16,2012-07-31
440105,132895,-74.0,1001079,111,16:26:16,2012-07-31
439505,132900,-73.0,1001079,111,17:32:32,2012-07-27
440100,132900,-74.75,1001079,111,16:26:15,2012-07-31
440105,132900,-72.75,1001079,111,18:03:12,2012-07-27
439510,132910,-73.400002,1001079,111,17:32:33,2012-07-27
440090,132910,-75.0,1001079,111,16:26:15,2012-07-31
439515,132920,-73.666664,1001079,111,17:32:34,2012-07-27
440080,132920,-73.0,1001079,111,18:03:11,2012-07-27
440080,132920,-73.5,1001079,111,16:26:14,2012-07-31
440065,132930,-73.0,1001079,111,16:26:13,2012-07-31
439515,132935,-73.599998,1001079,111,17:32:35,2012-07-27
440065,132935,-73.0,1001079,111,18:03:10,2012-07-27
439520,132945,-76.0,1001079,111,17:32:36,2012-07-27
440055,132945,-71.5,1001079,111,16:26:13,2012-07-31
440050,132950,-74.777779,1001079,111,18:03:10,2012-07-27
440040,132955,-71.0,1001079,111,16:26:12,2012-07-31
439525,132965,-75.5,1001079,111,17:32:37,2012-07-27
440035,132965,-69.0,1001079,111,16:26:11,2012-07-31
440030,132970,-68.0,1001079,111,16:26:11,2012-07-31
439525,132975,-75.0,1001079,111,17:32:38,2012-07-27
440025,132975,-68.0,1001079,111,16:26:11,2012-07-31
440030,132975,-72.92308,1001079,111,18:03:07,2012-07-27
439525,132985,-74.25,1001079,111,17:32:40,2012-07-27
440020,132985,-68.0,1001079,111,16:26:10,2012-07-31
440015,132990,-66.5,1001079,111,16:26:10,2012-07-31
440020,132990,-69.5,1001079,111,18:03:07,2012-07-27
439525,132995,-72.0,1001079,111,17:32:41,2012-07-27
440005,133000,-66.0,1001079,111,16:26:09,2012-07-31
440005,133005,-66.0,1001079,111,16:26:09,2012-07-31
439525,133010,-72.0,1001079,111,17:32:41,2012-07-27
439995,133015,-64.5,1001079,111,16:26:08,2012-07-31
440000,133015,-65.285713,1001079,111,18:03:05,2012-07-27
439525,133020,-72.0,1001079,111,17:32:43,2012-07-27
439990,133025,-63.400002,1001079,111,18:03:04,2012-07-27
439990,133025,-64.0,1001079,111,16:26:08,2012-07-31
439525,133030,-71.666664,1001079,111,17:32:44,2012-07-27
439980,133035,-63.0,1001079,111,18:03:03,2012-07-27
439980,133035,-62.5,1001079,111,16:26:07,2012-07-31
439525,133050,-71.0,1001079,111,17:32:45,2012-07-27
439965,133050,-62.0,1001079,111,16:26:06,2012-07-31
439970,133050,-59.666668,1001079,111,18:03:02,2012-07-27
439525,133060,-71.0,1001079,111,17:32:46,2012-07-27
439960,133060,-58.0,1001079,111,18:03:02,2012-07-27
439950,133070,-61.0,1001079,111,16:26:06,2012-07-31
439525,133075,-71.85714,1001079,111,17:32:47,2012-07-27
439945,133075,-58.0,1001079,111,18:03:01,2012-07-27
439945,133075,-61.0,1001079,111,16:26:05,2012-07-31
439525,133090,-73.5,1001079,111,17:32:48,2012-07-27
439930,133090,-61.75,1001079,111,16:26:04,2012-07-31
439925,133095,-58.666668,1001079,111,18:03:00,2012-07-27
439925,133100,-68.0,1001079,111,16:09:22,2012-07-31
439520,133105,-75.0,1001079,111,17:32:49,2012-07-27
439915,133105,-62.0,1001079,111,16:26:03,2012-07-31
439910,133110,-62.75,1001079,111,16:26:03,2012-07-31
439915,133110,-59.0,1001079,111,18:02:59,2012-07-27
439520,133115,-75.0,1001079,111,17:32:50,2012-07-27
439905,133115,-68.0,1001079,111,16:09:23,2012-07-31
439910,133115,-68.0,1001079,111,16:09:23,2012-07-31
439900,133120,-63.0,1001079,111,16:26:02,2012-07-31
439905,133120,-60.5,1001079,111,18:02:58,2012-07-27
439900,133125,-68.0,1001079,111,16:09:24,2012-07-31
439520,133130,-75.333336,1001079,111,17:32:51,2012-07-27
439890,133130,-61.0,1001079,111,18:02:58,2012-07-27
439885,133135,-63.599998,1001079,111,16:26:01,2012-07-31
439890,133135,-68.0,1001079,111,16:09:25,2012-07-31
439880,133140,-61.75,1001079,111,18:02:57,2012-07-27
439880,133140,-64.0,1001079,111,16:26:01,2012-07-31
439520,133145,-76.0,1001079,111,17:32:53,2012-07-27
439875,133145,-64.0,1001079,111,16:26:01,2012-07-31
439880,133145,-68.0,1001079,111,16:09:26,2012-07-31
439870,133150,-62.0,1001079,111,18:02:56,2012-07-27
439870,133150,-66.666664,1001079,111,16:26:01,2012-07-31
439520,133155,-76.0,1001079,111,17:32:53,2012-07-27
439865,133155,-64.0,1001079,111,16:26:00,2012-07-31
439860,133160,-62.75,1001079,111,18:02:55,2012-07-27
439860,133160,-64.0,1001079,111,16:26:00,2012-07-31
439520,133165,-76.0,1001079,111,17:32:54,2012-07-27
439855,133165,-66.599998,1001079,111,16:26:00,2012-07-31
439845,133170,-64.0,1001079,111,16:25:59,2012-07-31
439850,133170,-63.0,1001079,111,18:02:55,2012-07-27
439515,133175,-76.0,1001079,111,17:32:55,2012-07-27
439840,133175,-64.5,1001079,111,16:25:59,2012-07-31
439515,133180,-75.333336,1001079,111,17:32:55,2012-07-27
439835,133180,-65.0,1001079,111,16:09:29,2012-07-31
439840,133180,-63.75,1001079,111,18:02:54,2012-07-27
439830,133185,-65.125,1001079,111,16:09:29,2012-07-31
439820,133190,-65.0,1001079,111,16:09:30,2012-07-31
439825,133190,-64.0,1001079,111,18:02:53,2012-07-27
439825,133190,-64.0,1001079,111,16:09:30,2012-07-31
439130,133195,-69.0,1001079,111,16:25:21,2012-07-31
439145,133195,-69.0,1001079,111,16:25:22,2012-07-31
439160,133195,-70.666664,1001079,111,16:25:22,2012-07-31
439180,133195,-74.0,1001079,111,16:25:23,2012-07-31
439185,133195,-74.0,1001079,111,16:25:24,2012-07-31
439190,133195,-74.75,1001079,111,16:25:24,2012-07-31
439200,133195,-77.0,1001079,111,16:25:24,2012-07-31
439215,133195,-77.5,1001079,111,16:25:25,2012-07-31
439230,133195,-79.0,1001079,111,16:25:26,2012-07-31
439240,133195,-79.0,1001079,111,16:25:27,2012-07-31
439255,133195,-79.0,1001079,111,16:25:27,2012-07-31
439265,133195,-79.75,1001079,111,16:25:28,2012-07-31
439515,133195,-74.333336,1001079,111,17:32:57,2012-07-27
439820,133195,-64.0,1001079,111,16:09:30,2012-07-31
438975,133200,-68.0,1001079,111,17:33:42,2012-07-27
439045,133200,-69.0,1001079,111,16:25:17,2012-07-31
439055,133200,-69.0,1001079,111,16:25:18,2012-07-31
439065,133200,-69.0,1001079,111,16:25:18,2012-07-31
439085,133200,-69.0,1001079,111,16:25:19,2012-07-31
439105,133200,-69.0,1001079,111,16:25:20,2012-07-31
439120,133200,-69.0,1001079,111,16:25:20,2012-07-31
439275,133200,-82.0,1001079,111,16:25:29,2012-07-31
439280,133200,-82.0,1001079,111,16:25:29,2012-07-31
439285,133200,-81.599998,1001079,111,16:25:29,2012-07-31
439290,133200,-80.0,1001079,111,16:25:30,2012-07-31
439295,133200,-80.0,1001079,111,16:25:30,2012-07-31
439300,133200,-80.0,1001079,111,16:25:30,2012-07-31
439310,133200,-80.0,1001079,111,16:25:31,2012-07-31
439315,133200,-80.0,1001079,111,16:25:31,2012-07-31
439515,133200,-75.0,1001079,111,17:32:57,2012-07-27
439805,133200,-67.5,1001079,111,16:25:57,2012-07-31
439810,133200,-65.5,1001079,111,18:02:53,2012-07-27
439810,133200,-64.5,1001079,111,16:09:30,2012-07-31
438925,133205,-68.0,1001079,111,17:33:45,2012-07-27
438930,133205,-68.0,1001079,111,17:33:44,2012-07-27
438935,133205,-68.0,1001079,111,17:33:44,2012-07-27
438950,133205,-68.0,1001079,111,17:33:43,2012-07-27
438965,133205,-68.0,1001079,111,17:33:42,2012-07-27
438970,133205,-68.0,1001079,111,17:33:42,2012-07-27
439030,133205,-69.0,1001079,111,16:25:17,2012-07-31
439805,133205,-66.0,1001079,111,16:09:31,2012-07-31
438845,133210,-66.25,1001079,111,17:33:49,2012-07-27
438865,133210,-66.0,1001079,111,17:33:48,2012-07-27
438870,133210,-66.0,1001079,111,17:33:48,2012-07-27
438875,133210,-67.5,1001079,111,17:33:48,2012-07-27
438900,133210,-68.0,1001079,111,17:33:46,2012-07-27
438925,133210,-65.0,1001079,111,16:23:31,2012-07-31
438930,133210,-63.333332,1001079,111,16:23:30,2012-07-31
438935,133210,-63.0,1001079,111,16:23:30,2012-07-31
438940,133210,-63.0,1001079,111,16:23:30,2012-07-31
438945,133210,-63.0,1001079,111,16:23:29,2012-07-31
438950,133210,-62.25,1001079,111,16:23:28,2012-07-31
439515,133210,-74.666664,1001079,111,17:32:58,2012-07-27
439785,133210,-68.0,1001079,111,16:25:56,2012-07-31
439795,133210,-66.0,1001079,111,18:02:52,2012-07-27
438790,133215,-70.333336,1001079,111,17:33:52,2012-07-27
438815,133215,-75.0,1001079,111,16:23:40,2012-07-31
438820,133215,-67.5,1001079,111,17:33:51,2012-07-27
438825,133215,-71.666664,1001079,111,16:23:39,2012-07-31
438830,133215,-67.0,1001079,111,17:33:50,2012-07-27
438850,133215,-69.333336,1001079,111,16:23:38,2012-07-31
438855,133215,-69.0,1001079,111,16:23:37,2012-07-31
438865,133215,-67.5,1001079,111,16:23:37,2012-07-31
438875,133215,-67.0,1001079,111,16:23:36,2012-07-31
438880,133215,-66.0,1001079,111,16:23:35,2012-07-31
438895,133215,-66.0,1001079,111,16:23:34,2012-07-31
438900,133215,-66.0,1001079,111,16:23:34,2012-07-31
438915,133215,-65.25,1001079,111,16:23:32,2012-07-31
438955,133215,-61.200001,1001079,111,16:23:25,2012-07-31
439515,133215,-74.0,1001079,111,17:32:59,2012-07-27
439785,133215,-65.25,1001079,111,18:02:51,2012-07-27
439785,133215,-66.0,1001079,111,16:09:32,2012-07-31
439790,133215,-66.0,1001079,111,16:09:32,2012-07-31
438730,133220,-78.0,1001079,111,17:33:55,2012-07-27
438750,133220,-76.5,1001079,111,17:33:55,2012-07-27
438770,133220,-74.5,1001079,111,17:33:53,2012-07-27
438785,133220,-78.0,1001079,111,16:23:41,2012-07-31
438790,133220,-78.0,1001079,111,16:23:41,2012-07-31
438795,133220,-75.75,1001079,111,16:23:41,2012-07-31
438800,133220,-75.0,1001079,111,16:23:40,2012-07-31
438805,133220,-75.0,1001079,111,16:23:40,2012-07-31
438955,133220,-62.758621,1001079,111,16:23:24,2012-07-31
439515,133220,-73.75,1001079,111,17:33:00,2012-07-27
439765,133220,-66.5,1001079,111,16:25:56,2012-07-31
439775,133220,-66.0,1001079,111,16:09:33,2012-07-31
439780,133220,-70.0,1001079,111,16:09:33,2012-07-31
438690,133225,-80.0,1001079,111,17:33:57,2012-07-27
438710,133225,-79.199997,1001079,111,17:33:56,2012-07-27
438950,133225,-63.400002,1001079,111,16:23:15,2012-07-31
439515,133225,-73.0,1001079,111,17:33:00,2012-07-27
439765,133225,-68.0,1001079,111,16:09:33,2012-07-31
439770,133225,-65.0,1001079,111,18:02:50,2012-07-27
438945,133230,-66.0,1001079,111,16:23:14,2012-07-31
438950,133230,-63.0,1001079,111,16:23:15,2012-07-31
439515,133230,-72.75,1001079,111,17:33:01,2012-07-27
439745,133230,-69.428574,1001079,111,16:25:54,2012-07-31
439750,133230,-70.0,1001079,111,16:09:35,2012-07-31
439760,133230,-64.25,1001079,111,18:02:50,2012-07-27
439430,133235,-83.0,1001079,111,17:33:17,2012-07-27
439515,133235,-73.5,1001079,111,17:33:02,2012-07-27
439735,133235,-70.0,1001079,111,16:09:36,2012-07-31
439745,133235,-64.0,1001079,111,18:02:49,2012-07-27
438940,133240,-65.571426,1001079,111,16:23:14,2012-07-31
439445,133240,-81.571426,1001079,111,17:33:16,2012-07-27
439515,133240,-76.217392,1001079,111,17:33:03,2012-07-27
439720,133240,-74.0,1001079,111,16:25:53,2012-07-31
439735,133240,-70.75,1001079,111,18:02:48,2012-07-27
439465,133245,-80.400002,1001079,111,17:33:15,2012-07-27
439475,133245,-80.0,1001079,111,17:33:15,2012-07-27
439485,133245,-78.400002,1001079,111,17:33:13,2012-07-27
439510,133245,-79.0,1001079,111,17:33:08,2012-07-27
439700,133245,-74.0,1001079,111,16:25:52,2012-07-31
439705,133245,-73.0,1001079,111,18:02:47,2012-07-27
439715,133245,-69.800003,1001079,111,16:09:38,2012-07-31
439720,133245,-73.0,1001079,111,18:02:48,2012-07-27
438930,133250,-66.0,1001079,111,16:23:11,2012-07-31
439490,133250,-78.0,1001079,111,17:33:12,2012-07-27
439500,133250,-78.0,1001079,111,17:33:11,2012-07-27
439505,133250,-78.444443,1001079,111,17:33:10,2012-07-27
439650,133250,-74.0,1001079,111,16:25:50,2012-07-31
439675,133250,-74.0,1001079,111,16:25:51,2012-07-31
439685,133250,-68.199997,1001079,111,16:09:39,2012-07-31
439695,133250,-73.0,1001079,111,18:02:46,2012-07-27
438925,133255,-71.333336,1001079,111,16:23:11,2012-07-31
439610,133255,-74.0,1001079,111,16:25:49,2012-07-31
439630,133255,-74.0,1001079,111,16:25:49,2012-07-31
439655,133255,-63.0,1001079,111,16:09:41,2012-07-31
439670,133255,-66.0,1001079,111,16:09:40,2012-07-31
439680,133255,-73.0,1001079,111,18:02:46,2012-07-27
439520,133260,-74.199997,1001079,111,16:09:52,2012-07-31
439530,133260,-71.599998,1001079,111,16:09:51,2012-07-31
439535,133260,-69.5,1001079,111,16:09:50,2012-07-31
439545,133260,-67.0,1001079,111,16:09:49,2012-07-31
439565,133260,-66.0,1001079,111,16:09:48,2012-07-31
439575,133260,-63.75,1001079,111,16:09:47,2012-07-31
439590,133260,-61.400002,1001079,111,16:09:45,2012-07-31
439605,133260,-61.0,1001079,111,16:09:45,2012-07-31
439625,133260,-62.200001,1001079,111,16:09:43,2012-07-31
439635,133260,-73.0,1001079,111,18:02:43,2012-07-27
439640,133260,-63.0,1001079,111,16:09:42,2012-07-31
439650,133260,-73.0,1001079,111,18:02:44,2012-07-27
439655,133260,-73.0,1001079,111,18:02:44,2012-07-27
438920,133265,-74.0,1001079,111,16:23:10,2012-07-31
439515,133265,-75.0,1001079,111,16:09:54,2012-07-31
439625,133265,-73.0,1001079,111,18:02:43,2012-07-27
438915,133270,-74.0,1001079,111,16:23:10,2012-07-31
438910,133275,-74.0,1001079,111,16:23:09,2012-07-31
439515,133275,-75.800003,1001079,111,16:09:55,2012-07-31
439510,133280,-77.0,1001079,111,16:09:56,2012-07-31
438900,133285,-74.0,1001079,111,16:23:08,2012-07-31
438895,133290,-74.0,1001079,111,16:23:08,2012-07-31
439510,133290,-78.090912,1001079,111,16:09:57,2012-07-31
438890,133295,-74.0,1001079,111,16:23:07,2012-07-31
438885,133300,-74.0,1001079,111,16:23:06,2012-07-31
438880,133310,-74.0,1001079,111,16:23:05,2012-07-31
439510,133310,-79.0,1001079,111,16:09:59,2012-07-31
439470,133565,-82.176468,1001079,111,16:11:58,2012-07-31
439475,133565,-79.25,1001079,111,16:11:57,2012-07-31
439480,133565,-78.75,1001079,111,16:11:56,2012-07-31
439485,133565,-78.0,1001079,111,16:11:56,2012-07-31
439485,133570,-79.800003,1001079,111,16:11:55,2012-07-31
439490,133570,-79.0,1001079,111,16:11:54,2012-07-31
439460,133575,-81.0,1001079,111,16:12:01,2012-07-31
439490,133575,-78.333336,1001079,111,16:11:53,2012-07-31
439495,133580,-78.0,1001079,111,16:11:52,2012-07-31
439450,133585,-81.0,1001079,111,16:12:02,2012-07-31
439495,133585,-79.75,1001079,111,16:11:50,2012-07-31
439500,133585,-78.0,1001079,111,16:11:49,2012-07-31
439440,133590,-81.0,1001079,111,16:12:03,2012-07-31
439500,133590,-78.0,1001079,111,16:11:48,2012-07-31
439500,133595,-79.599998,1001079,111,16:11:46,2012-07-31
439435,133600,-81.199997,1001079,111,16:12:04,2012-07-31
439505,133600,-80.0,1001079,111,16:11:45,2012-07-31
439505,133605,-80.75,1001079,111,16:11:45,2012-07-31
439505,133610,-81.0,1001079,111,16:11:44,2012-07-31
439510,133610,-81.0,1001079,111,16:11:43,2012-07-31
439420,133615,-81.800003,1001079,111,16:12:06,2012-07-31
439410,133620,-81.0,1001079,111,16:12:07,2012-07-31
439515,133630,-83.0,1001079,111,16:11:42,2012-07-31
439390,133635,-82.5,1001079,111,16:12:07,2012-07-31
439520,133640,-83.333336,1001079,111,16:11:40,2012-07-31
439380,133645,-84.0,1001079,111,16:12:09,2012-07-31
439525,133650,-83.0,1001079,111,16:11:39,2012-07-31
439370,133655,-84.25,1001079,111,16:12:10,2012-07-31
439360,133660,-84.800003,1001079,111,16:12:12,2012-07-31
439530,133665,-83.599998,1001079,111,16:11:38,2012-07-31
439350,133670,-84.0,1001079,111,16:12:12,2012-07-31
439340,133685,-84.666664,1001079,111,16:12:13,2012-07-31
439535,133685,-84.0,1001079,111,16:11:36,2012-07-31
439335,133695,-85.5,1001079,111,16:12:14,2012-07-31
439540,133695,-84.0,1001079,111,16:11:35,2012-07-31
439335,133705,-84.0,1001079,111,16:12:15,2012-07-31
439540,133710,-85.199997,1001079,111,16:11:33,2012-07-31
439340,133715,-84.0,1001079,111,16:12:17,2012-07-31
439545,133720,-86.5,1001079,111,16:11:32,2012-07-31
439345,133725,-83.666664,1001079,111,16:12:17,2012-07-31
439355,133735,-82.599998,1001079,111,16:12:19,2012-07-31
439545,133735,-87.0,1001079,111,16:11:31,2012-07-31
439365,133750,-81.333336,1001079,111,16:12:20,2012-07-31
439550,133755,-87.0,1001079,111,16:11:29,2012-07-31
439370,133765,-79.666664,1001079,111,16:12:21,2012-07-31
439375,133775,-79.0,1001079,111,16:12:22,2012-07-31
439555,133775,-87.0,1001079,111,16:11:26,2012-07-31
439375,133785,-79.400002,1001079,111,16:12:23,2012-07-31
439570,133795,-87.75,1001079,111,16:11:22,2012-07-31
439375,133805,-80.0,1001079,111,16:12:24,2012-07-31
439575,133805,-88.0,1001079,111,16:11:21,2012-07-31
439585,133810,-87.75,1001079,111,16:11:19,2012-07-31
439590,133815,-88.0,1001079,111,16:11:19,2012-07-31
439600,133820,-89.0,1001079,111,16:11:16,2012-07-31
439605,133820,-85.285713,1001079,111,16:11:08,2012-07-31
439610,133820,-84.875,1001079,111,16:11:11,2012-07-31
439370,133825,-80.0,1001079,111,16:12:26,2012-07-31
439600,133825,-87.0,1001079,111,16:11:00,2012-07-31
439605,133825,-83.916664,1001079,111,16:11:07,2012-07-31
439605,133830,-87.0,1001079,111,16:11:04,2012-07-31
439355,133840,-80.5,1001079,111,16:12:27,2012-07-31
439350,133850,-82.599998,1001079,111,16:12:28,2012-07-31
438515,133865,-83.0,1001079,111,16:22:00,2012-07-31
438520,133865,-83.199997,1001079,111,16:22:01,2012-07-31
439335,133865,-83.0,1001079,111,16:12:29,2012-07-31
439340,133865,-83.0,1001079,111,16:12:29,2012-07-31
438455,133870,-80.333336,1001079,111,16:21:56,2012-07-31
438480,133870,-81.5,1001079,111,16:21:58,2012-07-31
438490,133870,-83.0,1001079,111,16:21:59,2012-07-31
438505,133870,-83.0,1001079,111,16:21:59,2012-07-31
439330,133870,-83.0,1001079,111,16:12:30,2012-07-31
438445,133875,-80.0,1001079,111,16:21:55,2012-07-31
439325,133875,-83.0,1001079,111,16:12:30,2012-07-31
438430,133880,-79.25,1001079,111,16:21:53,2012-07-31
439320,133880,-83.0,1001079,111,16:12:31,2012-07-31
439325,133880,-83.0,1001079,111,16:12:31,2012-07-31
443625,133880,-77.0,1001079,111,15:44:09,2012-07-31
438415,133885,-79.0,1001079,111,16:21:53,2012-07-31
439315,133885,-83.0,1001079,111,16:12:31,2012-07-31
439320,133885,-83.0,1001079,111,16:12:31,2012-07-31
443625,133885,-72.0,1001079,111,15:44:10,2012-07-31
438410,133890,-78.199997,1001079,111,16:21:51,2012-07-31
439315,133890,-83.0,1001079,111,16:12:32,2012-07-31
443625,133890,-70.0,1001079,111,15:44:11,2012-07-31
438400,133895,-78.0,1001079,111,16:21:51,2012-07-31
443625,133895,-70.0,1001079,111,15:44:12,2012-07-31
438315,133900,-66.0,1001079,111,16:21:42,2012-07-31
438330,133905,-66.0,1001079,111,16:21:43,2012-07-31
438390,133905,-78.599998,1001079,111,16:21:49,2012-07-31
443635,133905,-76.0,1001079,111,15:44:14,2012-07-31
438340,133910,-66.0,1001079,111,16:21:44,2012-07-31
438390,133910,-79.0,1001079,111,16:21:48,2012-07-31
438350,133915,-66.0,1001079,111,16:21:45,2012-07-31
438380,133915,-69.25,1001079,111,16:21:48,2012-07-31
438365,133920,-66.0,1001079,111,16:21:46,2012-07-31
438375,133920,-66.0,1001079,111,16:21:46,2012-07-31
443650,133940,-85.5,1001079,111,15:44:19,2012-07-31
443655,133950,-84.0,1001079,111,15:44:20,2012-07-31
443660,133955,-84.0,1001079,111,15:44:21,2012-07-31
443665,133960,-84.0,1001079,111,15:44:22,2012-07-31
443685,133980,-83.0,1001079,111,15:44:25,2012-07-31
443700,133985,-83.0,1001079,111,15:44:26,2012-07-31
443705,133990,-82.599998,1001079,111,15:44:26,2012-07-31
443715,134000,-82.0,1001079,111,15:44:27,2012-07-31
443730,134015,-82.0,1001079,111,15:44:29,2012-07-31
443745,134025,-80.727272,1001079,111,15:44:29,2012-07-31
443570,134030,-68.666664,1001079,111,15:47:23,2012-07-31
443575,134030,-65.75,1001079,111,15:47:22,2012-07-31
443580,134030,-65.0,1001079,111,15:47:21,2012-07-31
443565,134035,-70.666664,1001079,111,15:47:24,2012-07-31
443585,134035,-65.75,1001079,111,15:47:20,2012-07-31
443750,134035,-79.25,1001079,111,15:44:31,2012-07-31
443590,134040,-66.0,1001079,111,15:47:19,2012-07-31
443595,134040,-66.75,1001079,111,15:47:19,2012-07-31
443565,134045,-72.0,1001079,111,15:47:26,2012-07-31
443600,134045,-67.0,1001079,111,15:47:18,2012-07-31
443605,134045,-67.0,1001079,111,15:47:17,2012-07-31
443760,134045,-77.0,1001079,111,15:44:31,2012-07-31
443565,134050,-72.0,1001079,111,15:47:27,2012-07-31
443615,134050,-67.0,1001079,111,15:47:17,2012-07-31
443620,134050,-67.0,1001079,111,15:47:16,2012-07-31
443625,134050,-67.0,1001079,111,15:47:15,2012-07-31
443635,134055,-69.25,1001079,111,15:47:15,2012-07-31
443640,134055,-70.0,1001079,111,15:47:14,2012-07-31
443650,134055,-70.0,1001079,111,15:47:13,2012-07-31
443655,134060,-70.0,1001079,111,15:47:12,2012-07-31
443565,134065,-71.333336,1001079,111,15:47:29,2012-07-31
443670,134065,-70.0,1001079,111,15:47:11,2012-07-31
443775,134065,-77.0,1001079,111,15:44:33,2012-07-31
443565,134070,-71.0,1001079,111,15:47:29,2012-07-31
443570,134070,-71.0,1001079,111,15:47:29,2012-07-31
443570,134075,-71.0,1001079,111,15:47:30,2012-07-31
443690,134075,-71.599998,1001079,111,15:47:10,2012-07-31
443780,134075,-77.0,1001079,111,15:44:34,2012-07-31
443570,134080,-70.199997,1001079,111,15:47:30,2012-07-31
443705,134080,-74.400002,1001079,111,15:47:09,2012-07-31
443715,134085,-74.25,1001079,111,15:47:07,2012-07-31
443575,134090,-68.333336,1001079,111,15:47:31,2012-07-31
443725,134090,-74.0,1001079,111,15:47:07,2012-07-31
443790,134090,-77.0,1001079,111,15:44:35,2012-07-31
443735,134095,-74.0,1001079,111,15:47:06,2012-07-31
443575,134100,-67.0,1001079,111,15:47:33,2012-07-31
443540,134105,-71.25,1001079,111,15:47:39,2012-07-31
443740,134105,-75.333336,1001079,111,15:47:05,2012-07-31
443805,134105,-77.0,1001079,111,15:44:36,2012-07-31
443535,134110,-72.0,1001079,111,15:47:39,2012-07-31
443555,134110,-68.599998,1001079,111,15:47:36,2012-07-31
443560,134110,-67.25,1001079,111,15:47:36,2012-07-31
443565,134110,-67.0,1001079,111,15:47:35,2012-07-31
443570,134110,-67.0,1001079,111,15:47:34,2012-07-31
443750,134115,-77.333336,1001079,111,15:47:03,2012-07-31
443815,134115,-77.25,1001079,111,15:44:36,2012-07-31
443525,134125,-73.199997,1001079,111,15:47:41,2012-07-31
443755,134125,-78.0,1001079,111,15:47:03,2012-07-31
443820,134125,-78.0,1001079,111,15:44:37,2012-07-31
443520,134135,-75.25,1001079,111,15:47:43,2012-07-31
443830,134135,-78.0,1001079,111,15:44:38,2012-07-31
439225,134140,-73.0,1001079,111,16:12:55,2012-07-31
443520,134140,-76.0,1001079,111,15:47:43,2012-07-31
443765,134140,-75.428574,1001079,111,15:47:01,2012-07-31
443835,134140,-78.0,1001079,111,15:44:39,2012-07-31
443770,134145,-75.0,1001079,111,15:47:00,2012-07-31
443840,134145,-77.75,1001079,111,15:44:39,2012-07-31
443515,134155,-76.0,1001079,111,15:47:45,2012-07-31
443775,134155,-75.0,1001079,111,15:46:59,2012-07-31
443850,134155,-77.0,1001079,111,15:44:40,2012-07-31
439220,134160,-73.0,1001079,111,16:12:56,2012-07-31
443855,134160,-76.75,1001079,111,15:44:41,2012-07-31
439215,134165,-73.0,1001079,111,16:12:57,2012-07-31
443780,134165,-75.0,1001079,111,15:46:58,2012-07-31
443510,134170,-76.666664,1001079,111,15:47:45,2012-07-31
443790,134170,-75.0,1001079,111,15:46:58,2012-07-31
443865,134170,-76.0,1001079,111,15:44:41,2012-07-31
443870,134175,-76.25,1001079,111,15:44:42,2012-07-31
439205,134180,-73.0,1001079,111,16:12:58,2012-07-31
443510,134180,-78.0,1001079,111,15:47:46,2012-07-31
443875,134180,-77.0,1001079,111,15:44:42,2012-07-31
443880,134180,-77.0,1001079,111,15:44:43,2012-07-31
443505,134185,-80.0,1001079,111,15:47:47,2012-07-31
443800,134185,-75.0,1001079,111,15:46:56,2012-07-31
443885,134185,-77.0,1001079,111,15:44:43,2012-07-31
439200,134190,-73.0,1001079,111,16:12:59,2012-07-31
443885,134190,-77.0,1001079,111,15:44:43,2012-07-31
443505,134195,-81.0,1001079,111,15:47:48,2012-07-31
443805,134195,-75.0,1001079,111,15:46:55,2012-07-31
443895,134195,-77.0,1001079,111,15:44:44,2012-07-31
439195,134200,-73.85714,1001079,111,16:13:00,2012-07-31
443900,134200,-77.25,1001079,111,15:44:45,2012-07-31
439190,134205,-75.166664,1001079,111,16:13:01,2012-07-31
443910,134205,-78.0,1001079,111,15:44:46,2012-07-31
443815,134210,-75.0,1001079,111,15:46:55,2012-07-31
443920,134210,-78.0,1001079,111,15:44:46,2012-07-31
439185,134215,-76.0,1001079,111,16:13:02,2012-07-31
443925,134215,-78.0,1001079,111,15:44:47,2012-07-31
443930,134220,-78.0,1001079,111,15:44:48,2012-07-31
439180,134225,-76.25,1001079,111,16:13:03,2012-07-31
443940,134230,-78.0,1001079,111,15:44:48,2012-07-31
439175,134235,-78.0,1001079,111,16:13:04,2012-07-31
443945,134235,-77.75,1001079,111,15:44:49,2012-07-31
443950,134240,-76.666664,1001079,111,15:44:51,2012-07-31
439170,134245,-81.5,1001079,111,16:13:05,2012-07-31
443950,134245,-76.0,1001079,111,15:44:51,2012-07-31
443955,134245,-75.5,1001079,111,15:44:52,2012-07-31
443955,134250,-74.571426,1001079,111,15:44:52,2012-07-31
439165,134255,-83.0,1001079,111,16:13:07,2012-07-31
439155,134260,-83.400002,1001079,111,16:13:07,2012-07-31
439145,134270,-84.0,1001079,111,16:13:09,2012-07-31
439135,134280,-84.0,1001079,111,16:13:10,2012-07-31
439130,134290,-83.666664,1001079,111,16:13:12,2012-07-31
439120,134300,-82.5,1001079,111,16:13:13,2012-07-31
439100,134320,-81.0,1001079,111,16:13:14,2012-07-31
439100,134325,-81.0,1001079,111,16:13:15,2012-07-31
439095,134330,-81.0,1001079,111,16:13:15,2012-07-31
439090,134335,-81.0,1001079,111,16:13:16,2012-07-31
439085,134340,-79.0,1001079,111,16:13:16,2012-07-31
439090,134340,-80.5,1001079,111,16:13:16,2012-07-31
439080,134345,-79.0,1001079,111,16:13:16,2012-07-31
443965,134350,-79.0,1001079,111,15:46:17,2012-07-31
439560,132225,-71.0,1001079,111,17:31:24,2012-07-27
439565,132235,-71.0,1001079,111,17:31:25,2012-07-27
439565,132245,-71.0,1001079,111,17:31:27,2012-07-27
439570,132260,-71.0,1001079,111,17:31:27,2012-07-27
439570,132270,-71.400002,1001079,111,17:31:29,2012-07-27
439575,132285,-73.0,1001079,111,17:31:30,2012-07-27
439580,132300,-73.0,1001079,111,17:31:31,2012-07-27
439580,132310,-71.400002,1001079,111,17:31:32,2012-07-27
439585,132320,-68.25,1001079,111,17:31:34,2012-07-27
439590,132335,-65.800003,1001079,111,17:31:35,2012-07-27
439590,132340,-65.0,1001079,111,17:31:36,2012-07-27
439595,132350,-65.714287,1001079,111,17:31:36,2012-07-27
439600,132365,-65.36364,1001079,111,17:31:38,2012-07-27
439600,132375,-65.400002,1001079,111,17:31:39,2012-07-27
439605,132385,-66.0,1001079,111,17:31:40,2012-07-27
439605,132400,-66.199997,1001079,111,17:31:41,2012-07-27
439610,132410,-66.75,1001079,111,17:31:43,2012-07-27
439610,132430,-66.400002,1001079,111,17:31:44,2012-07-27
439610,132440,-67.800003,1001079,111,17:31:46,2012-07-27
440310,132455,-66.0,1001079,111,16:06:16,2012-07-31
439605,132460,-67.0,1001079,111,17:31:47,2012-07-27
439605,132465,-67.0,1001079,111,17:31:47,2012-07-27
440305,132465,-66.0,1001079,111,16:06:16,2012-07-31
439605,132470,-67.25,1001079,111,17:31:48,2012-07-27
440300,132470,-66.0,1001079,111,16:06:17,2012-07-31
439605,132475,-68.0,1001079,111,17:31:48,2012-07-27
439600,132480,-68.0,1001079,111,17:31:49,2012-07-27
439600,132490,-68.0,1001079,111,17:31:50,2012-07-27
440290,132490,-66.0,1001079,111,16:06:18,2012-07-31
439595,132500,-68.5,1001079,111,17:31:50,2012-07-27
440285,132505,-66.0,1001079,111,16:06:20,2012-07-31
439595,132510,-70.0,1001079,111,17:31:52,2012-07-27
440280,132515,-65.5,1001079,111,16:06:21,2012-07-31
439590,132520,-70.0,1001079,111,17:31:53,2012-07-27
439590,132525,-70.0,1001079,111,17:31:53,2012-07-27
440275,132530,-64.0,1001079,111,16:06:22,2012-07-31
439585,132535,-70.0,1001079,111,17:31:55,2012-07-27
440270,132545,-66.0,1001079,111,16:06:23,2012-07-31
439580,132555,-70.0,1001079,111,17:31:56,2012-07-27
439575,132565,-70.0,1001079,111,17:31:58,2012-07-27
440260,132565,-71.0,1001079,111,16:06:24,2012-07-31
439575,132570,-70.0,1001079,111,17:31:58,2012-07-27
440255,132575,-73.75,1001079,111,16:06:26,2012-07-31
439575,132580,-70.0,1001079,111,17:31:59,2012-07-27
439570,132590,-70.0,1001079,111,17:32:00,2012-07-27
440245,132590,-76.599998,1001079,111,16:06:26,2012-07-31
439570,132595,-70.0,1001079,111,17:32:00,2012-07-27
440240,132600,-79.0,1001079,111,16:06:28,2012-07-31
439565,132605,-70.0,1001079,111,17:32:02,2012-07-27
439560,132620,-69.75,1001079,111,17:32:03,2012-07-27
440230,132620,-77.5,1001079,111,16:06:28,2012-07-31
439555,132630,-68.666664,1001079,111,17:32:05,2012-07-27
439555,132635,-68.0,1001079,111,17:32:05,2012-07-27
440225,132635,-75.63636,1001079,111,16:06:30,2012-07-31
439555,132640,-67.5,1001079,111,17:32:06,2012-07-27
440220,132645,-73.714287,1001079,111,16:06:31,2012-07-31
439550,132650,-66.0,1001079,111,17:32:07,2012-07-27
439550,132655,-66.5,1001079,111,17:32:07,2012-07-27
439545,132660,-68.0,1001079,111,17:32:08,2012-07-27
439545,132665,-67.666664,1001079,111,17:32:09,2012-07-27
439545,132670,-67.0,1001079,111,17:32:09,2012-07-27
439540,132680,-66.666664,1001079,111,17:32:10,2012-07-27
439535,132695,-66.333336,1001079,111,17:32:12,2012-07-27
439530,132700,-67.0,1001079,111,17:32:12,2012-07-27
439525,132710,-67.0,1001079,111,17:32:13,2012-07-27
439530,132710,-67.0,1001079,111,17:32:14,2012-07-27
439525,132715,-67.0,1001079,111,17:32:14,2012-07-27
439520,132725,-66.833336,1001079,111,17:32:16,2012-07-27
439515,132740,-66.333336,1001079,111,17:32:17,2012-07-27
439515,132745,-68.0,1001079,111,17:32:18,2012-07-27
439510,132755,-69.5,1001079,111,17:32:19,2012-07-27
439510,132765,-70.599998,1001079,111,17:32:20,2012-07-27
439505,132775,-70.199997,1001079,111,17:32:21,2012-07-27
439505,132785,-71.0,1001079,111,17:32:22,2012-07-27
439500,132795,-71.400002,1001079,111,17:32:23,2012-07-27
439500,132810,-72.5,1001079,111,17:32:24,2012-07-27
440180,132820,-73.166664,1001079,111,16:06:55,2012-07-31
440190,132820,-71.5,1001079,111,18:03:18,2012-07-27
439495,132825,-73.800003,1001079,111,17:32:26,2012-07-27
440170,132825,-73.0,1001079,111,16:06:50,2012-07-31
440175,132825,-73.0,1001079,111,16:06:51,2012-07-31
439495,132835,-73.0,1001079,111,17:32:27,2012-07-27
440175,132835,-71.0,1001079,111,18:03:17,2012-07-27
439495,132845,-73.800003,1001079,111,17:32:27,2012-07-27
440170,132845,-69.400002,1001079,111,18:03:16,2012-07-27
440155,132855,-73.25,1001079,111,16:26:18,2012-07-31
439495,132860,-74.199997,1001079,111,17:32:29,2012-07-27
440155,132860,-69.75,1001079,111,18:03:15,2012-07-27
440140,132865,-73.0,1001079,111,16:26:18,2012-07-31
440145,132865,-73.0,1001079,111,16:26:18,2012-07-31
439495,132870,-73.5,1001079,111,17:32:30,2012-07-27
440130,132875,-73.0,1001079,111,16:26:17,2012-07-31
440125,132880,-73.75,1001079,111,16:26:17,2012-07-31
440130,132880,-71.199997,1001079,111,18:03:14,2012-07-27
440120,132885,-72.0,1001079,111,18:03:13,2012-07-27
440120,132885,-74.0,1001079,111,16:26:17,2012-07-31
439500,132890,-74.599998,1001079,111,17:32:31,2012-07-27
440110,132890,-74.0,1001079,111,16:26:16,2012-07-31
440115,132890,-74.0,1001079,111,16:26:16,2012-07-31
440105,132895,-74.0,1001079,111,16:26:16,2012-07-31
439505,132900,-73.0,1001079,111,17:32:32,2012-07-27
440100,132900,-74.75,1001079,111,16:26:15,2012-07-31
440105,132900,-72.75,1001079,111,18:03:12,2012-07-27
439510,132910,-73.400002,1001079,111,17:32:33,2012-07-27
440090,132910,-75.0,1001079,111,16:26:15,2012-07-31
439515,132920,-73.666664,1001079,111,17:32:34,2012-07-27
440080,132920,-73.0,1001079,111,18:03:11,2012-07-27
440080,132920,-73.5,1001079,111,16:26:14,2012-07-31
440065,132930,-73.0,1001079,111,16:26:13,2012-07-31
439515,132935,-73.599998,1001079,111,17:32:35,2012-07-27
440065,132935,-73.0,1001079,111,18:03:10,2012-07-27
439520,132945,-76.0,1001079,111,17:32:36,2012-07-27
440055,132945,-71.5,1001079,111,16:26:13,2012-07-31
440050,132950,-74.777779,1001079,111,18:03:10,2012-07-27
440040,132955,-71.0,1001079,111,16:26:12,2012-07-31
439525,132965,-75.5,1001079,111,17:32:37,2012-07-27
440035,132965,-69.0,1001079,111,16:26:11,2012-07-31
440030,132970,-68.0,1001079,111,16:26:11,2012-07-31
439525,132975,-75.0,1001079,111,17:32:38,2012-07-27
440025,132975,-68.0,1001079,111,16:26:11,2012-07-31
440030,132975,-72.92308,1001079,111,18:03:07,2012-07-27
439525,132985,-74.25,1001079,111,17:32:40,2012-07-27
440020,132985,-68.0,1001079,111,16:26:10,2012-07-31
440015,132990,-66.5,1001079,111,16:26:10,2012-07-31
440020,132990,-69.5,1001079,111,18:03:07,2012-07-27
439525,132995,-72.0,1001079,111,17:32:41,2012-07-27
440005,133000,-66.0,1001079,111,16:26:09,2012-07-31
440005,133005,-66.0,1001079,111,16:26:09,2012-07-31
439525,133010,-72.0,1001079,111,17:32:41,2012-07-27
439995,133015,-64.5,1001079,111,16:26:08,2012-07-31
440000,133015,-65.285713,1001079,111,18:03:05,2012-07-27
439525,133020,-72.0,1001079,111,17:32:43,2012-07-27
439990,133025,-63.400002,1001079,111,18:03:04,2012-07-27
439990,133025,-64.0,1001079,111,16:26:08,2012-07-31
439525,133030,-71.666664,1001079,111,17:32:44,2012-07-27
439980,133035,-63.0,1001079,111,18:03:03,2012-07-27
439980,133035,-62.5,1001079,111,16:26:07,2012-07-31
439525,133050,-71.0,1001079,111,17:32:45,2012-07-27
439965,133050,-62.0,1001079,111,16:26:06,2012-07-31
439970,133050,-59.666668,1001079,111,18:03:02,2012-07-27
439525,133060,-71.0,1001079,111,17:32:46,2012-07-27
439960,133060,-58.0,1001079,111,18:03:02,2012-07-27
439950,133070,-61.0,1001079,111,16:26:06,2012-07-31
439525,133075,-71.85714,1001079,111,17:32:47,2012-07-27
439945,133075,-58.0,1001079,111,18:03:01,2012-07-27
439945,133075,-61.0,1001079,111,16:26:05,2012-07-31
439525,133090,-73.5,1001079,111,17:32:48,2012-07-27
439930,133090,-61.75,1001079,111,16:26:04,2012-07-31
439925,133095,-58.666668,1001079,111,18:03:00,2012-07-27
439925,133100,-68.0,1001079,111,16:09:22,2012-07-31
439520,133105,-75.0,1001079,111,17:32:49,2012-07-27
439915,133105,-62.0,1001079,111,16:26:03,2012-07-31
439910,133110,-62.75,1001079,111,16:26:03,2012-07-31
439915,133110,-59.0,1001079,111,18:02:59,2012-07-27
439520,133115,-75.0,1001079,111,17:32:50,2012-07-27
439905,133115,-68.0,1001079,111,16:09:23,2012-07-31
439910,133115,-68.0,1001079,111,16:09:23,2012-07-31
439900,133120,-63.0,1001079,111,16:26:02,2012-07-31
439905,133120,-60.5,1001079,111,18:02:58,2012-07-27
439900,133125,-68.0,1001079,111,16:09:24,2012-07-31
439520,133130,-75.333336,1001079,111,17:32:51,2012-07-27
439890,133130,-61.0,1001079,111,18:02:58,2012-07-27
439885,133135,-63.599998,1001079,111,16:26:01,2012-07-31
439890,133135,-68.0,1001079,111,16:09:25,2012-07-31
439880,133140,-61.75,1001079,111,18:02:57,2012-07-27
439880,133140,-64.0,1001079,111,16:26:01,2012-07-31
439520,133145,-76.0,1001079,111,17:32:53,2012-07-27
439875,133145,-64.0,1001079,111,16:26:01,2012-07-31
439880,133145,-68.0,1001079,111,16:09:26,2012-07-31
439870,133150,-62.0,1001079,111,18:02:56,2012-07-27
439870,133150,-66.666664,1001079,111,16:26:01,2012-07-31
439520,133155,-76.0,1001079,111,17:32:53,2012-07-27
439865,133155,-64.0,1001079,111,16:26:00,2012-07-31
439860,133160,-62.75,1001079,111,18:02:55,2012-07-27
439860,133160,-64.0,1001079,111,16:26:00,2012-07-31
439520,133165,-76.0,1001079,111,17:32:54,2012-07-27
439855,133165,-66.599998,1001079,111,16:26:00,2012-07-31
439845,133170,-64.0,1001079,111,16:25:59,2012-07-31
439850,133170,-63.0,1001079,111,18:02:55,2012-07-27
439515,133175,-76.0,1001079,111,17:32:55,2012-07-27
439840,133175,-64.5,1001079,111,16:25:59,2012-07-31
439515,133180,-75.333336,1001079,111,17:32:55,2012-07-27
439835,133180,-65.0,1001079,111,16:09:29,2012-07-31
439840,133180,-63.75,1001079,111,18:02:54,2012-07-27
439830,133185,-65.125,1001079,111,16:09:29,2012-07-31
439820,133190,-65.0,1001079,111,16:09:30,2012-07-31
439825,133190,-64.0,1001079,111,18:02:53,2012-07-27
439825,133190,-64.0,1001079,111,16:09:30,2012-07-31
439130,133195,-69.0,1001079,111,16:25:21,2012-07-31
439145,133195,-69.0,1001079,111,16:25:22,2012-07-31
439160,133195,-70.666664,1001079,111,16:25:22,2012-07-31
439180,133195,-74.0,1001079,111,16:25:23,2012-07-31
439185,133195,-74.0,1001079,111,16:25:24,2012-07-31
439190,133195,-74.75,1001079,111,16:25:24,2012-07-31
439200,133195,-77.0,1001079,111,16:25:24,2012-07-31
439215,133195,-77.5,1001079,111,16:25:25,2012-07-31
439230,133195,-79.0,1001079,111,16:25:26,2012-07-31
439240,133195,-79.0,1001079,111,16:25:27,2012-07-31
439255,133195,-79.0,1001079,111,16:25:27,2012-07-31
439265,133195,-79.75,1001079,111,16:25:28,2012-07-31
439515,133195,-74.333336,1001079,111,17:32:57,2012-07-27
439820,133195,-64.0,1001079,111,16:09:30,2012-07-31
438975,133200,-68.0,1001079,111,17:33:42,2012-07-27
439045,133200,-69.0,1001079,111,16:25:17,2012-07-31
439055,133200,-69.0,1001079,111,16:25:18,2012-07-31
439065,133200,-69.0,1001079,111,16:25:18,2012-07-31
439085,133200,-69.0,1001079,111,16:25:19,2012-07-31
439105,133200,-69.0,1001079,111,16:25:20,2012-07-31
439120,133200,-69.0,1001079,111,16:25:20,2012-07-31
439275,133200,-82.0,1001079,111,16:25:29,2012-07-31
439280,133200,-82.0,1001079,111,16:25:29,2012-07-31
439285,133200,-81.599998,1001079,111,16:25:29,2012-07-31
439290,133200,-80.0,1001079,111,16:25:30,2012-07-31
439295,133200,-80.0,1001079,111,16:25:30,2012-07-31
439300,133200,-80.0,1001079,111,16:25:30,2012-07-31
439310,133200,-80.0,1001079,111,16:25:31,2012-07-31
439315,133200,-80.0,1001079,111,16:25:31,2012-07-31
439515,133200,-75.0,1001079,111,17:32:57,2012-07-27
439805,133200,-67.5,1001079,111,16:25:57,2012-07-31
439810,133200,-65.5,1001079,111,18:02:53,2012-07-27
439810,133200,-64.5,1001079,111,16:09:30,2012-07-31
438925,133205,-68.0,1001079,111,17:33:45,2012-07-27
438930,133205,-68.0,1001079,111,17:33:44,2012-07-27
438935,133205,-68.0,1001079,111,17:33:44,2012-07-27
438950,133205,-68.0,1001079,111,17:33:43,2012-07-27
438965,133205,-68.0,1001079,111,17:33:42,2012-07-27
438970,133205,-68.0,1001079,111,17:33:42,2012-07-27
439030,133205,-69.0,1001079,111,16:25:17,2012-07-31
439805,133205,-66.0,1001079,111,16:09:31,2012-07-31
438845,133210,-66.25,1001079,111,17:33:49,2012-07-27
438865,133210,-66.0,1001079,111,17:33:48,2012-07-27
438870,133210,-66.0,1001079,111,17:33:48,2012-07-27
438875,133210,-67.5,1001079,111,17:33:48,2012-07-27
438900,133210,-68.0,1001079,111,17:33:46,2012-07-27
438925,133210,-65.0,1001079,111,16:23:31,2012-07-31
438930,133210,-63.333332,1001079,111,16:23:30,2012-07-31
438935,133210,-63.0,1001079,111,16:23:30,2012-07-31
438940,133210,-63.0,1001079,111,16:23:30,2012-07-31
438945,133210,-63.0,1001079,111,16:23:29,2012-07-31
438950,133210,-62.25,1001079,111,16:23:28,2012-07-31
439515,133210,-74.666664,1001079,111,17:32:58,2012-07-27
439785,133210,-68.0,1001079,111,16:25:56,2012-07-31
439795,133210,-66.0,1001079,111,18:02:52,2012-07-27
438790,133215,-70.333336,1001079,111,17:33:52,2012-07-27
438815,133215,-75.0,1001079,111,16:23:40,2012-07-31
438820,133215,-67.5,1001079,111,17:33:51,2012-07-27
438825,133215,-71.666664,1001079,111,16:23:39,2012-07-31
438830,133215,-67.0,1001079,111,17:33:50,2012-07-27
438850,133215,-69.333336,1001079,111,16:23:38,2012-07-31
438855,133215,-69.0,1001079,111,16:23:37,2012-07-31
438865,133215,-67.5,1001079,111,16:23:37,2012-07-31
438875,133215,-67.0,1001079,111,16:23:36,2012-07-31
438880,133215,-66.0,1001079,111,16:23:35,2012-07-31
438895,133215,-66.0,1001079,111,16:23:34,2012-07-31
438900,133215,-66.0,1001079,111,16:23:34,2012-07-31
438915,133215,-65.25,1001079,111,16:23:32,2012-07-31
438955,133215,-61.200001,1001079,111,16:23:25,2012-07-31
439515,133215,-74.0,1001079,111,17:32:59,2012-07-27
439785,133215,-65.25,1001079,111,18:02:51,2012-07-27
439785,133215,-66.0,1001079,111,16:09:32,2012-07-31
439790,133215,-66.0,1001079,111,16:09:32,2012-07-31
438730,133220,-78.0,1001079,111,17:33:55,2012-07-27
438750,133220,-76.5,1001079,111,17:33:55,2012-07-27
438770,133220,-74.5,1001079,111,17:33:53,2012-07-27
438785,133220,-78.0,1001079,111,16:23:41,2012-07-31
438790,133220,-78.0,1001079,111,16:23:41,2012-07-31
438795,133220,-75.75,1001079,111,16:23:41,2012-07-31
438800,133220,-75.0,1001079,111,16:23:40,2012-07-31
438805,133220,-75.0,1001079,111,16:23:40,2012-07-31
438955,133220,-62.758621,1001079,111,16:23:24,2012-07-31
439515,133220,-73.75,1001079,111,17:33:00,2012-07-27
439765,133220,-66.5,1001079,111,16:25:56,2012-07-31
439775,133220,-66.0,1001079,111,16:09:33,2012-07-31
439780,133220,-70.0,1001079,111,16:09:33,2012-07-31
438690,133225,-80.0,1001079,111,17:33:57,2012-07-27
438710,133225,-79.199997,1001079,111,17:33:56,2012-07-27
438950,133225,-63.400002,1001079,111,16:23:15,2012-07-31
439515,133225,-73.0,1001079,111,17:33:00,2012-07-27
439765,133225,-68.0,1001079,111,16:09:33,2012-07-31
439770,133225,-65.0,1001079,111,18:02:50,2012-07-27
438945,133230,-66.0,1001079,111,16:23:14,2012-07-31
438950,133230,-63.0,1001079,111,16:23:15,2012-07-31
439515,133230,-72.75,1001079,111,17:33:01,2012-07-27
439745,133230,-69.428574,1001079,111,16:25:54,2012-07-31
439750,133230,-70.0,1001079,111,16:09:35,2012-07-31
439760,133230,-64.25,1001079,111,18:02:50,2012-07-27
439430,133235,-83.0,1001079,111,17:33:17,2012-07-27
439515,133235,-73.5,1001079,111,17:33:02,2012-07-27
439735,133235,-70.0,1001079,111,16:09:36,2012-07-31
439745,133235,-64.0,1001079,111,18:02:49,2012-07-27
438940,133240,-65.571426,1001079,111,16:23:14,2012-07-31
439445,133240,-81.571426,1001079,111,17:33:16,2012-07-27
439515,133240,-76.217392,1001079,111,17:33:03,2012-07-27
439720,133240,-74.0,1001079,111,16:25:53,2012-07-31
439735,133240,-70.75,1001079,111,18:02:48,2012-07-27
439465,133245,-80.400002,1001079,111,17:33:15,2012-07-27
439475,133245,-80.0,1001079,111,17:33:15,2012-07-27
439485,133245,-78.400002,1001079,111,17:33:13,2012-07-27
439510,133245,-79.0,1001079,111,17:33:08,2012-07-27
439700,133245,-74.0,1001079,111,16:25:52,2012-07-31
439705,133245,-73.0,1001079,111,18:02:47,2012-07-27
439715,133245,-69.800003,1001079,111,16:09:38,2012-07-31
439720,133245,-73.0,1001079,111,18:02:48,2012-07-27
438930,133250,-66.0,1001079,111,16:23:11,2012-07-31
439490,133250,-78.0,1001079,111,17:33:12,2012-07-27
439500,133250,-78.0,1001079,111,17:33:11,2012-07-27
439505,133250,-78.444443,1001079,111,17:33:10,2012-07-27
439650,133250,-74.0,1001079,111,16:25:50,2012-07-31
439675,133250,-74.0,1001079,111,16:25:51,2012-07-31
439685,133250,-68.199997,1001079,111,16:09:39,2012-07-31
439695,133250,-73.0,1001079,111,18:02:46,2012-07-27
438925,133255,-71.333336,1001079,111,16:23:11,2012-07-31
439610,133255,-74.0,1001079,111,16:25:49,2012-07-31
439630,133255,-74.0,1001079,111,16:25:49,2012-07-31
439655,133255,-63.0,1001079,111,16:09:41,2012-07-31
439670,133255,-66.0,1001079,111,16:09:40,2012-07-31
439680,133255,-73.0,1001079,111,18:02:46,2012-07-27
439520,133260,-74.199997,1001079,111,16:09:52,2012-07-31
439530,133260,-71.599998,1001079,111,16:09:51,2012-07-31
439535,133260,-69.5,1001079,111,16:09:50,2012-07-31
439545,133260,-67.0,1001079,111,16:09:49,2012-07-31
439565,133260,-66.0,1001079,111,16:09:48,2012-07-31
439575,133260,-63.75,1001079,111,16:09:47,2012-07-31
439590,133260,-61.400002,1001079,111,16:09:45,2012-07-31
439605,133260,-61.0,1001079,111,16:09:45,2012-07-31
439625,133260,-62.200001,1001079,111,16:09:43,2012-07-31
439635,133260,-73.0,1001079,111,18:02:43,2012-07-27
439640,133260,-63.0,1001079,111,16:09:42,2012-07-31
439650,133260,-73.0,1001079,111,18:02:44,2012-07-27
439655,133260,-73.0,1001079,111,18:02:44,2012-07-27
438920,133265,-74.0,1001079,111,16:23:10,2012-07-31
439515,133265,-75.0,1001079,111,16:09:54,2012-07-31
439625,133265,-73.0,1001079,111,18:02:43,2012-07-27
438915,133270,-74.0,1001079,111,16:23:10,2012-07-31
438910,133275,-74.0,1001079,111,16:23:09,2012-07-31
439515,133275,-75.800003,1001079,111,16:09:55,2012-07-31
439510,133280,-77.0,1001079,111,16:09:56,2012-07-31
438900,133285,-74.0,1001079,111,16:23:08,2012-07-31
438895,133290,-74.0,1001079,111,16:23:08,2012-07-31
439510,133290,-78.090912,1001079,111,16:09:57,2012-07-31
438890,133295,-74.0,1001079,111,16:23:07,2012-07-31
438885,133300,-74.0,1001079,111,16:23:06,2012-07-31
438880,133310,-74.0,1001079,111,16:23:05,2012-07-31
439510,133310,-79.0,1001079,111,16:09:59,2012-07-31
439470,133565,-82.176468,1001079,111,16:11:58,2012-07-31
439475,133565,-79.25,1001079,111,16:11:57,2012-07-31
439480,133565,-78.75,1001079,111,16:11:56,2012-07-31
439485,133565,-78.0,1001079,111,16:11:56,2012-07-31
439485,133570,-79.800003,1001079,111,16:11:55,2012-07-31
439490,133570,-79.0,1001079,111,16:11:54,2012-07-31
439460,133575,-81.0,1001079,111,16:12:01,2012-07-31
439490,133575,-78.333336,1001079,111,16:11:53,2012-07-31
439495,133580,-78.0,1001079,111,16:11:52,2012-07-31
439450,133585,-81.0,1001079,111,16:12:02,2012-07-31
439495,133585,-79.75,1001079,111,16:11:50,2012-07-31
439500,133585,-78.0,1001079,111,16:11:49,2012-07-31
439440,133590,-81.0,1001079,111,16:12:03,2012-07-31
439500,133590,-78.0,1001079,111,16:11:48,2012-07-31
439500,133595,-79.599998,1001079,111,16:11:46,2012-07-31
439435,133600,-81.199997,1001079,111,16:12:04,2012-07-31
439505,133600,-80.0,1001079,111,16:11:45,2012-07-31
439505,133605,-80.75,1001079,111,16:11:45,2012-07-31
439505,133610,-81.0,1001079,111,16:11:44,2012-07-31
439510,133610,-81.0,1001079,111,16:11:43,2012-07-31
439420,133615,-81.800003,1001079,111,16:12:06,2012-07-31
439410,133620,-81.0,1001079,111,16:12:07,2012-07-31
439515,133630,-83.0,1001079,111,16:11:42,2012-07-31
439390,133635,-82.5,1001079,111,16:12:07,2012-07-31
439520,133640,-83.333336,1001079,111,16:11:40,2012-07-31
439380,133645,-84.0,1001079,111,16:12:09,2012-07-31
439525,133650,-83.0,1001079,111,16:11:39,2012-07-31
439370,133655,-84.25,1001079,111,16:12:10,2012-07-31
439360,133660,-84.800003,1001079,111,16:12:12,2012-07-31
439530,133665,-83.599998,1001079,111,16:11:38,2012-07-31
439350,133670,-84.0,1001079,111,16:12:12,2012-07-31
439340,133685,-84.666664,1001079,111,16:12:13,2012-07-31
439535,133685,-84.0,1001079,111,16:11:36,2012-07-31
439335,133695,-85.5,1001079,111,16:12:14,2012-07-31
439540,133695,-84.0,1001079,111,16:11:35,2012-07-31
439335,133705,-84.0,1001079,111,16:12:15,2012-07-31
439540,133710,-85.199997,1001079,111,16:11:33,2012-07-31
439340,133715,-84.0,1001079,111,16:12:17,2012-07-31
439545,133720,-86.5,1001079,111,16:11:32,2012-07-31
439345,133725,-83.666664,1001079,111,16:12:17,2012-07-31
439355,133735,-82.599998,1001079,111,16:12:19,2012-07-31
439545,133735,-87.0,1001079,111,16:11:31,2012-07-31
439365,133750,-81.333336,1001079,111,16:12:20,2012-07-31
439550,133755,-87.0,1001079,111,16:11:29,2012-07-31
439370,133765,-79.666664,1001079,111,16:12:21,2012-07-31
439375,133775,-79.0,1001079,111,16:12:22,2012-07-31
439555,133775,-87.0,1001079,111,16:11:26,2012-07-31
439375,133785,-79.400002,1001079,111,16:12:23,2012-07-31
439570,133795,-87.75,1001079,111,16:11:22,2012-07-31
439375,133805,-80.0,1001079,111,16:12:24,2012-07-31
439575,133805,-88.0,1001079,111,16:11:21,2012-07-31
439585,133810,-87.75,1001079,111,16:11:19,2012-07-31
439590,133815,-88.0,1001079,111,16:11:19,2012-07-31
439600,133820,-89.0,1001079,111,16:11:16,2012-07-31
439605,133820,-85.285713,1001079,111,16:11:08,2012-07-31
439610,133820,-84.875,1001079,111,16:11:11,2012-07-31
439370,133825,-80.0,1001079,111,16:12:26,2012-07-31
439600,133825,-87.0,1001079,111,16:11:00,2012-07-31
439605,133825,-83.916664,1001079,111,16:11:07,2012-07-31
439605,133830,-87.0,1001079,111,16:11:04,2012-07-31
439355,133840,-80.5,1001079,111,16:12:27,2012-07-31
439350,133850,-82.599998,1001079,111,16:12:28,2012-07-31
438515,133865,-83.0,1001079,111,16:22:00,2012-07-31
438520,133865,-83.199997,1001079,111,16:22:01,2012-07-31
439335,133865,-83.0,1001079,111,16:12:29,2012-07-31
439340,133865,-83.0,1001079,111,16:12:29,2012-07-31
438455,133870,-80.333336,1001079,111,16:21:56,2012-07-31
438480,133870,-81.5,1001079,111,16:21:58,2012-07-31
438490,133870,-83.0,1001079,111,16:21:59,2012-07-31
438505,133870,-83.0,1001079,111,16:21:59,2012-07-31
439330,133870,-83.0,1001079,111,16:12:30,2012-07-31
438445,133875,-80.0,1001079,111,16:21:55,2012-07-31
439325,133875,-83.0,1001079,111,16:12:30,2012-07-31
438430,133880,-79.25,1001079,111,16:21:53,2012-07-31
439320,133880,-83.0,1001079,111,16:12:31,2012-07-31
439325,133880,-83.0,1001079,111,16:12:31,2012-07-31
443625,133880,-77.0,1001079,111,15:44:09,2012-07-31
438415,133885,-79.0,1001079,111,16:21:53,2012-07-31
439315,133885,-83.0,1001079,111,16:12:31,2012-07-31
439320,133885,-83.0,1001079,111,16:12:31,2012-07-31
443625,133885,-72.0,1001079,111,15:44:10,2012-07-31
438410,133890,-78.199997,1001079,111,16:21:51,2012-07-31
439315,133890,-83.0,1001079,111,16:12:32,2012-07-31
443625,133890,-70.0,1001079,111,15:44:11,2012-07-31
438400,133895,-78.0,1001079,111,16:21:51,2012-07-31
443625,133895,-70.0,1001079,111,15:44:12,2012-07-31
438315,133900,-66.0,1001079,111,16:21:42,2012-07-31
438330,133905,-66.0,1001079,111,16:21:43,2012-07-31
438390,133905,-78.599998,1001079,111,16:21:49,2012-07-31
443635,133905,-76.0,1001079,111,15:44:14,2012-07-31
438340,133910,-66.0,1001079,111,16:21:44,2012-07-31
438390,133910,-79.0,1001079,111,16:21:48,2012-07-31
438350,133915,-66.0,1001079,111,16:21:45,2012-07-31
438380,133915,-69.25,1001079,111,16:21:48,2012-07-31
438365,133920,-66.0,1001079,111,16:21:46,2012-07-31
438375,133920,-66.0,1001079,111,16:21:46,2012-07-31
443650,133940,-85.5,1001079,111,15:44:19,2012-07-31
443655,133950,-84.0,1001079,111,15:44:20,2012-07-31
443660,133955,-84.0,1001079,111,15:44:21,2012-07-31
443665,133960,-84.0,1001079,111,15:44:22,2012-07-31
443685,133980,-83.0,1001079,111,15:44:25,2012-07-31
443700,133985,-83.0,1001079,111,15:44:26,2012-07-31
443705,133990,-82.599998,1001079,111,15:44:26,2012-07-31
443715,134000,-82.0,1001079,111,15:44:27,2012-07-31
443730,134015,-82.0,1001079,111,15:44:29,2012-07-31
443745,134025,-80.727272,1001079,111,15:44:29,2012-07-31
443570,134030,-68.666664,1001079,111,15:47:23,2012-07-31
443575,134030,-65.75,1001079,111,15:47:22,2012-07-31
443580,134030,-65.0,1001079,111,15:47:21,2012-07-31
443565,134035,-70.666664,1001079,111,15:47:24,2012-07-31
443585,134035,-65.75,1001079,111,15:47:20,2012-07-31
443750,134035,-79.25,1001079,111,15:44:31,2012-07-31
443590,134040,-66.0,1001079,111,15:47:19,2012-07-31
443595,134040,-66.75,1001079,111,15:47:19,2012-07-31
443565,134045,-72.0,1001079,111,15:47:26,2012-07-31
443600,134045,-67.0,1001079,111,15:47:18,2012-07-31
443605,134045,-67.0,1001079,111,15:47:17,2012-07-31
443760,134045,-77.0,1001079,111,15:44:31,2012-07-31
443565,134050,-72.0,1001079,111,15:47:27,2012-07-31
443615,134050,-67.0,1001079,111,15:47:17,2012-07-31
443620,134050,-67.0,1001079,111,15:47:16,2012-07-31
443625,134050,-67.0,1001079,111,15:47:15,2012-07-31
443635,134055,-69.25,1001079,111,15:47:15,2012-07-31
443640,134055,-70.0,1001079,111,15:47:14,2012-07-31
443650,134055,-70.0,1001079,111,15:47:13,2012-07-31
443655,134060,-70.0,1001079,111,15:47:12,2012-07-31
443565,134065,-71.333336,1001079,111,15:47:29,2012-07-31
443670,134065,-70.0,1001079,111,15:47:11,2012-07-31
443775,134065,-77.0,1001079,111,15:44:33,2012-07-31
443565,134070,-71.0,1001079,111,15:47:29,2012-07-31
443570,134070,-71.0,1001079,111,15:47:29,2012-07-31
443570,134075,-71.0,1001079,111,15:47:30,2012-07-31
443690,134075,-71.599998,1001079,111,15:47:10,2012-07-31
443780,134075,-77.0,1001079,111,15:44:34,2012-07-31
443570,134080,-70.199997,1001079,111,15:47:30,2012-07-31
443705,134080,-74.400002,1001079,111,15:47:09,2012-07-31
443715,134085,-74.25,1001079,111,15:47:07,2012-07-31
443575,134090,-68.333336,1001079,111,15:47:31,2012-07-31
443725,134090,-74.0,1001079,111,15:47:07,2012-07-31
443790,134090,-77.0,1001079,111,15:44:35,2012-07-31
443735,134095,-74.0,1001079,111,15:47:06,2012-07-31
443575,134100,-67.0,1001079,111,15:47:33,2012-07-31
443540,134105,-71.25,1001079,111,15:47:39,2012-07-31
443740,134105,-75.333336,1001079,111,15:47:05,2012-07-31
443805,134105,-77.0,1001079,111,15:44:36,2012-07-31
443535,134110,-72.0,1001079,111,15:47:39,2012-07-31
443555,134110,-68.599998,1001079,111,15:47:36,2012-07-31
443560,134110,-67.25,1001079,111,15:47:36,2012-07-31
443565,134110,-67.0,1001079,111,15:47:35,2012-07-31
443570,134110,-67.0,1001079,111,15:47:34,2012-07-31
443750,134115,-77.333336,1001079,111,15:47:03,2012-07-31
443815,134115,-77.25,1001079,111,15:44:36,2012-07-31
443525,134125,-73.199997,1001079,111,15:47:41,2012-07-31
443755,134125,-78.0,1001079,111,15:47:03,2012-07-31
443820,134125,-78.0,1001079,111,15:44:37,2012-07-31
443520,134135,-75.25,1001079,111,15:47:43,2012-07-31
443830,134135,-78.0,1001079,111,15:44:38,2012-07-31
439225,134140,-73.0,1001079,111,16:12:55,2012-07-31
443520,134140,-76.0,1001079,111,15:47:43,2012-07-31
443765,134140,-75.428574,1001079,111,15:47:01,2012-07-31
443835,134140,-78.0,1001079,111,15:44:39,2012-07-31
443770,134145,-75.0,1001079,111,15:47:00,2012-07-31
443840,134145,-77.75,1001079,111,15:44:39,2012-07-31
443515,134155,-76.0,1001079,111,15:47:45,2012-07-31
443775,134155,-75.0,1001079,111,15:46:59,2012-07-31
443850,134155,-77.0,1001079,111,15:44:40,2012-07-31
439220,134160,-73.0,1001079,111,16:12:56,2012-07-31
443855,134160,-76.75,1001079,111,15:44:41,2012-07-31
439215,134165,-73.0,1001079,111,16:12:57,2012-07-31
443780,134165,-75.0,1001079,111,15:46:58,2012-07-31
443510,134170,-76.666664,1001079,111,15:47:45,2012-07-31
443790,134170,-75.0,1001079,111,15:46:58,2012-07-31
443865,134170,-76.0,1001079,111,15:44:41,2012-07-31
443870,134175,-76.25,1001079,111,15:44:42,2012-07-31
439205,134180,-73.0,1001079,111,16:12:58,2012-07-31
443510,134180,-78.0,1001079,111,15:47:46,2012-07-31
443875,134180,-77.0,1001079,111,15:44:42,2012-07-31
443880,134180,-77.0,1001079,111,15:44:43,2012-07-31
443505,134185,-80.0,1001079,111,15:47:47,2012-07-31
443800,134185,-75.0,1001079,111,15:46:56,2012-07-31
443885,134185,-77.0,1001079,111,15:44:43,2012-07-31
439200,134190,-73.0,1001079,111,16:12:59,2012-07-31
443885,134190,-77.0,1001079,111,15:44:43,2012-07-31
443505,134195,-81.0,1001079,111,15:47:48,2012-07-31
443805,134195,-75.0,1001079,111,15:46:55,2012-07-31
443895,134195,-77.0,1001079,111,15:44:44,2012-07-31
439195,134200,-73.85714,1001079,111,16:13:00,2012-07-31
443900,134200,-77.25,1001079,111,15:44:45,2012-07-31
439190,134205,-75.166664,1001079,111,16:13:01,2012-07-31
443910,134205,-78.0,1001079,111,15:44:46,2012-07-31
443815,134210,-75.0,1001079,111,15:46:55,2012-07-31
443920,134210,-78.0,1001079,111,15:44:46,2012-07-31
439185,134215,-76.0,1001079,111,16:13:02,2012-07-31
443925,134215,-78.0,1001079,111,15:44:47,2012-07-31
443930,134220,-78.0,1001079,111,15:44:48,2012-07-31
439180,134225,-76.25,1001079,111,16:13:03,2012-07-31
443940,134230,-78.0,1001079,111,15:44:48,2012-07-31
439175,134235,-78.0,1001079,111,16:13:04,2012-07-31
443945,134235,-77.75,1001079,111,15:44:49,2012-07-31
443950,134240,-76.666664,1001079,111,15:44:51,2012-07-31
439170,134245,-81.5,1001079,111,16:13:05,2012-07-31
443950,134245,-76.0,1001079,111,15:44:51,2012-07-31
443955,134245,-75.5,1001079,111,15:44:52,2012-07-31
443955,134250,-74.571426,1001079,111,15:44:52,2012-07-31
439165,134255,-83.0,1001079,111,16:13:07,2012-07-31
439155,134260,-83.400002,1001079,111,16:13:07,2012-07-31
439145,134270,-84.0,1001079,111,16:13:09,2012-07-31
439135,134280,-84.0,1001079,111,16:13:10,2012-07-31
439130,134290,-83.666664,1001079,111,16:13:12,2012-07-31
439120,134300,-82.5,1001079,111,16:13:13,2012-07-31
439100,134320,-81.0,1001079,111,16:13:14,2012-07-31
439100,134325,-81.0,1001079,111,16:13:15,2012-07-31
439095,134330,-81.0,1001079,111,16:13:15,2012-07-31
439090,134335,-81.0,1001079,111,16:13:16,2012-07-31
439085,134340,-79.0,1001079,111,16:13:16,2012-07-31
439090,134340,-80.5,1001079,111,16:13:16,2012-07-31
439080,134345,-79.0,1001079,111,16:13:16,2012-07-31
443965,134350,-79.0,1001079,111,15:46:17,2012-07-31
