439900,130145,-69.0,1000295,119,17:25:55,2012-07-27
439900,130150,-69.0,1000295,119,17:25:55,2012-07-27
439905,130155,-69.0,1000295,119,17:25:56,2012-07-27
439915,130165,-69.0,1000295,119,17:25:57,2012-07-27
439930,130165,-69.0,1000295,119,17:26:00,2012-07-27
439940,130170,-75.85714,1000295,119,17:26:01,2012-07-27
439950,130170,-81.0,1000295,119,17:26:02,2012-07-27
439965,130175,-81.0,1000295,119,17:26:03,2012-07-27
436360,132340,-64.0,1000295,119,14:28:54,2012-07-30
436350,132350,-63.57143,1000295,119,14:28:53,2012-07-30
436395,132350,-62.0,1000295,119,14:29:15,2012-07-30
436390,132355,-69.369568,1000295,119,14:29:35,2012-07-30
436395,132355,-71.619049,1000295,119,14:29:32,2012-07-30
436390,132360,-68.125,1000295,119,14:29:44,2012-07-30
436335,132365,-63.0,1000295,119,14:28:52,2012-07-30
436385,132365,-69.0,1000295,119,14:29:46,2012-07-30
436380,132370,-69.0,1000295,119,14:29:46,2012-07-30
436320,132375,-60.75,1000295,119,14:28:51,2012-07-30
436380,132375,-69.0,1000295,119,14:29:48,2012-07-30
436310,132380,-58.5,1000295,119,14:28:50,2012-07-30
436370,132380,-67.800003,1000295,119,14:29:49,2012-07-30
436375,132380,-69.0,1000295,119,14:29:48,2012-07-30
436300,132390,-56.200001,1000295,119,14:28:48,2012-07-30
436365,132390,-65.75,1000295,119,14:29:50,2012-07-30
436365,132395,-64.333336,1000295,119,14:29:52,2012-07-30
436270,132400,-55.0,1000295,119,14:28:46,2012-07-30
436360,132400,-61.0,1000295,119,14:29:53,2012-07-30
436260,132405,-54.25,1000295,119,14:28:46,2012-07-30
436355,132405,-61.0,1000295,119,14:29:53,2012-07-30
436350,132410,-61.200001,1000295,119,14:29:54,2012-07-30
436245,132415,-55.200001,1000295,119,14:28:44,2012-07-30
436345,132415,-62.0,1000295,119,14:29:55,2012-07-30
436230,132420,-56.0,1000295,119,14:28:43,2012-07-30
436340,132420,-62.666668,1000295,119,14:29:56,2012-07-30
436210,132425,-57.833332,1000295,119,14:28:41,2012-07-30
436220,132425,-56.833332,1000295,119,14:28:43,2012-07-30
436335,132425,-64.0,1000295,119,14:29:57,2012-07-30
436195,132430,-58.0,1000295,119,14:28:40,2012-07-30
436110,132435,-63.0,1000295,119,14:28:33,2012-07-30
436125,132435,-63.0,1000295,119,14:28:34,2012-07-30
436130,132435,-63.0,1000295,119,14:28:34,2012-07-30
436135,132435,-63.0,1000295,119,14:28:34,2012-07-30
436140,132435,-63.0,1000295,119,14:28:35,2012-07-30
436145,132435,-63.0,1000295,119,14:28:36,2012-07-30
436190,132435,-58.0,1000295,119,14:28:39,2012-07-30
436325,132435,-64.0,1000295,119,14:29:58,2012-07-30
436160,132440,-63.0,1000295,119,14:28:37,2012-07-30
436165,132440,-61.333332,1000295,119,14:28:38,2012-07-30
436315,132440,-64.0,1000295,119,14:30:00,2012-07-30
436310,132445,-63.42857,1000295,119,14:30:00,2012-07-30
436295,132455,-63.0,1000295,119,14:30:03,2012-07-30
436300,132455,-63.0,1000295,119,14:30:02,2012-07-30
436290,132460,-63.0,1000295,119,14:30:03,2012-07-30
436285,132465,-63.0,1000295,119,14:30:04,2012-07-30
436265,132470,-61.0,1000295,119,14:30:06,2012-07-30
436270,132470,-61.0,1000295,119,14:30:05,2012-07-30
436280,132470,-62.5,1000295,119,14:30:05,2012-07-30
436245,132475,-61.0,1000295,119,14:30:08,2012-07-30
436255,132475,-61.0,1000295,119,14:30:07,2012-07-30
436260,132475,-61.0,1000295,119,14:30:07,2012-07-30
436225,132480,-63.0,1000295,119,14:30:10,2012-07-30
436230,132480,-63.0,1000295,119,14:30:09,2012-07-30
436235,132480,-63.0,1000295,119,14:30:09,2012-07-30
436240,132480,-61.333332,1000295,119,14:30:09,2012-07-30
436185,132485,-61.5,1000295,119,14:30:15,2012-07-30
436195,132485,-62.0,1000295,119,14:30:14,2012-07-30
436200,132485,-63.333332,1000295,119,14:30:13,2012-07-30
436210,132485,-63.5,1000295,119,14:30:12,2012-07-30
436170,132490,-58.333332,1000295,119,14:30:17,2012-07-30
436175,132490,-59.200001,1000295,119,14:30:16,2012-07-30
436180,132490,-60.0,1000295,119,14:30:15,2012-07-30
438715,132490,-66.0,1000295,119,14:39:30,2012-07-30
436160,132495,-59.0,1000295,119,14:30:18,2012-07-30
436140,132500,-63.666668,1000295,119,14:30:20,2012-07-30
436150,132500,-60.599998,1000295,119,14:30:19,2012-07-30
436135,132505,-65.0,1000295,119,14:30:21,2012-07-30
436125,132510,-65.0,1000295,119,14:30:22,2012-07-30
436125,132515,-65.25,1000295,119,14:30:23,2012-07-30
438690,132515,-66.0,1000295,119,14:39:29,2012-07-30
436115,132520,-66.0,1000295,119,14:30:24,2012-07-30
436110,132525,-65.599998,1000295,119,14:30:26,2012-07-30
436095,132540,-62.166668,1000295,119,14:30:27,2012-07-30
436085,132550,-63.0,1000295,119,14:30:28,2012-07-30
436080,132555,-63.400002,1000295,119,14:30:29,2012-07-30
436070,132560,-64.0,1000295,119,14:30:29,2012-07-30
438640,132560,-63.81818,1000295,119,14:39:27,2012-07-30
436060,132570,-63.75,1000295,119,14:30:31,2012-07-30
436055,132575,-63.0,1000295,119,14:30:32,2012-07-30
436025,132580,-62.75,1000295,119,14:30:36,2012-07-30
436045,132580,-63.0,1000295,119,14:30:33,2012-07-30
438615,132580,-62.0,1000295,119,14:39:27,2012-07-30
435985,132585,-65.0,1000295,119,14:30:39,2012-07-30
435990,132585,-64.333336,1000295,119,14:30:39,2012-07-30
436000,132585,-63.0,1000295,119,14:30:38,2012-07-30
436005,132585,-62.25,1000295,119,14:30:37,2012-07-30
436020,132585,-62.0,1000295,119,14:30:36,2012-07-30
435950,132590,-65.5,1000295,119,14:30:43,2012-07-30
435960,132590,-65.0,1000295,119,14:30:42,2012-07-30
435970,132590,-65.0,1000295,119,14:30:41,2012-07-30
435925,132595,-67.0,1000295,119,14:30:45,2012-07-30
435930,132595,-67.0,1000295,119,14:30:44,2012-07-30
435940,132595,-67.0,1000295,119,14:30:43,2012-07-30
435910,132600,-66.0,1000295,119,14:30:46,2012-07-30
435915,132600,-66.75,1000295,119,14:30:46,2012-07-30
435890,132605,-67.0,1000295,119,14:30:48,2012-07-30
435900,132605,-66.25,1000295,119,14:30:47,2012-07-30
438590,132605,-60.5,1000295,119,14:39:26,2012-07-30
435880,132610,-66.0,1000295,119,14:30:49,2012-07-30
435885,132610,-66.666664,1000295,119,14:30:48,2012-07-30
435875,132620,-65.25,1000295,119,14:30:50,2012-07-30
435865,132625,-63.0,1000295,119,14:30:51,2012-07-30
435870,132625,-63.0,1000295,119,14:30:50,2012-07-30
438570,132625,-60.0,1000295,119,14:39:25,2012-07-30
435860,132635,-64.0,1000295,119,14:30:51,2012-07-30
435855,132640,-67.0,1000295,119,14:30:52,2012-07-30
435850,132645,-67.0,1000295,119,14:30:53,2012-07-30
438545,132645,-60.0,1000295,119,14:39:23,2012-07-30
435845,132650,-67.0,1000295,119,14:30:53,2012-07-30
435840,132655,-67.25,1000295,119,14:30:54,2012-07-30
435835,132665,-68.0,1000295,119,14:30:55,2012-07-30
435830,132670,-69.0,1000295,119,14:30:55,2012-07-30
438525,132670,-59.166668,1000295,119,14:39:22,2012-07-30
435825,132680,-72.0,1000295,119,14:30:56,2012-07-30
435820,132685,-72.5,1000295,119,14:30:57,2012-07-30
435815,132690,-74.0,1000295,119,14:30:58,2012-07-30
438500,132690,-58.25,1000295,119,14:39:22,2012-07-30
435810,132695,-73.5,1000295,119,14:30:58,2012-07-30
435790,132705,-71.0,1000295,119,14:31:01,2012-07-30
435795,132705,-71.599998,1000295,119,14:31:00,2012-07-30
435780,132710,-71.0,1000295,119,14:31:02,2012-07-30
435785,132710,-71.0,1000295,119,14:31:01,2012-07-30
438480,132710,-58.0,1000295,119,14:39:20,2012-07-30
435775,132715,-71.0,1000295,119,14:31:02,2012-07-30
435780,132715,-71.0,1000295,119,14:31:02,2012-07-30
438435,132750,-58.75,1000295,119,14:39:19,2012-07-30
438415,132770,-59.5,1000295,119,14:39:18,2012-07-30
438380,132805,-60.0,1000295,119,14:39:16,2012-07-30
438360,132825,-60.0,1000295,119,14:39:15,2012-07-30
438350,132835,-60.0,1000295,119,14:39:14,2012-07-30
438330,132850,-60.0,1000295,119,14:39:13,2012-07-30
437450,132860,-81.0,1000295,119,17:59:28,2012-07-27
437450,132865,-81.0,1000295,119,17:59:28,2012-07-27
438305,132875,-59.25,1000295,119,14:39:12,2012-07-30
438285,132890,-57.5,1000295,119,14:39:10,2012-07-30
438275,132895,-56.0,1000295,119,14:39:10,2012-07-30
437465,132905,-81.0,1000295,119,17:59:31,2012-07-27
437470,132910,-81.0,1000295,119,17:59:32,2012-07-27
438255,132910,-54.666668,1000295,119,14:39:09,2012-07-30
437480,132915,-81.0,1000295,119,17:59:32,2012-07-27
438240,132925,-53.5,1000295,119,14:39:08,2012-07-30
437490,132930,-81.0,1000295,119,17:59:34,2012-07-27
438215,132940,-51.799999,1000295,119,14:39:06,2012-07-30
438220,132940,-53.0,1000295,119,14:39:07,2012-07-30
437500,132950,-81.0,1000295,119,17:59:35,2012-07-27
437505,132955,-81.0,1000295,119,17:59:36,2012-07-27
438205,132955,-51.0,1000295,119,14:39:06,2012-07-30
437510,132965,-80.25,1000295,119,17:59:37,2012-07-27
438195,132965,-49.5,1000295,119,14:39:05,2012-07-30
437510,132970,-78.0,1000295,119,17:59:37,2012-07-27
438185,132975,-49.0,1000295,119,14:39:04,2012-07-30
437515,132980,-78.0,1000295,119,17:59:37,2012-07-27
438175,132985,-49.0,1000295,119,14:39:03,2012-07-30
437520,132990,-77.0,1000295,119,17:59:38,2012-07-27
437520,132995,-77.0,1000295,119,17:59:39,2012-07-27
437525,132995,-77.0,1000295,119,17:59:39,2012-07-27
437530,132995,-80.0,1000295,119,17:52:05,2012-07-27
438165,132995,-49.0,1000295,119,14:39:03,2012-07-30
437525,133005,-77.25,1000295,119,17:59:40,2012-07-27
437530,133005,-78.0,1000295,119,18:00:47,2012-07-27
437275,133010,-66.0,1000295,119,17:41:26,2012-07-27
437280,133010,-66.0,1000295,119,17:41:27,2012-07-27
437530,133010,-78.0,1000295,119,17:59:40,2012-07-27
437535,133010,-78.333336,1000295,119,17:52:04,2012-07-27
438155,133010,-50.5,1000295,119,14:39:02,2012-07-30
437280,133015,-66.0,1000295,119,17:41:28,2012-07-27
437540,133015,-78.0,1000295,119,17:52:03,2012-07-27
437280,133020,-66.285713,1000295,119,17:41:31,2012-07-27
437535,133020,-78.199997,1000295,119,17:59:41,2012-07-27
437540,133020,-78.0,1000295,119,17:52:03,2012-07-27
438145,133020,-51.0,1000295,119,14:39:01,2012-07-30
437280,133025,-68.5,1000295,119,17:41:33,2012-07-27
437545,133025,-76.666664,1000295,119,17:52:03,2012-07-27
437275,133030,-70.199997,1000295,119,17:41:34,2012-07-27
437540,133030,-79.0,1000295,119,17:59:42,2012-07-27
438135,133030,-50.333332,1000295,119,14:39:01,2012-07-30
437270,133035,-72.0,1000295,119,17:41:36,2012-07-27
437265,133040,-76.0,1000295,119,17:41:37,2012-07-27
437440,133040,-65.333336,1000295,119,17:44:06,2012-07-27
437450,133040,-65.800003,1000295,119,17:44:05,2012-07-27
437545,133040,-79.599998,1000295,119,17:59:42,2012-07-27
438125,133040,-50.0,1000295,119,14:39:00,2012-07-30
437255,133045,-77.5,1000295,119,17:41:39,2012-07-27
437260,133045,-76.0,1000295,119,17:41:38,2012-07-27
437435,133045,-66.555557,1000295,119,17:44:07,2012-07-27
437440,133045,-66.0,1000295,119,17:44:07,2012-07-27
437450,133045,-66.75,1000295,119,17:44:03,2012-07-27
437455,133045,-68.0,1000295,119,17:44:02,2012-07-27
437555,133045,-74.0,1000295,119,17:52:01,2012-07-27
437250,133050,-78.428574,1000295,119,17:41:41,2012-07-27
437460,133050,-69.0,1000295,119,17:44:01,2012-07-27
437550,133050,-82.0,1000295,119,17:59:43,2012-07-27
437560,133050,-73.0,1000295,119,17:52:01,2012-07-27
438115,133050,-50.0,1000295,119,14:38:59,2012-07-30
437250,133055,-76.800003,1000295,119,17:41:42,2012-07-27
437430,133055,-67.0,1000295,119,17:44:09,2012-07-27
437465,133055,-68.25,1000295,119,17:44:00,2012-07-27
437555,133055,-81.5,1000295,119,17:59:44,2012-07-27
437240,133060,-74.800003,1000295,119,17:41:43,2012-07-27
437245,133060,-76.0,1000295,119,17:41:43,2012-07-27
437425,133060,-68.0,1000295,119,17:44:10,2012-07-27
437470,133060,-68.0,1000295,119,17:43:59,2012-07-27
437560,133060,-72.25,1000295,119,17:52:00,2012-07-27
438105,133060,-50.0,1000295,119,14:38:58,2012-07-30
437235,133065,-73.199997,1000295,119,17:41:44,2012-07-27
437425,133065,-70.0,1000295,119,17:44:11,2012-07-27
437475,133065,-67.400002,1000295,119,17:43:58,2012-07-27
437560,133065,-80.0,1000295,119,17:59:44,2012-07-27
437230,133070,-74.0,1000295,119,17:41:46,2012-07-27
437420,133070,-70.0,1000295,119,17:44:12,2012-07-27
437480,133070,-67.0,1000295,119,17:43:57,2012-07-27
437570,133070,-72.0,1000295,119,17:51:59,2012-07-27
438100,133070,-50.75,1000295,119,14:38:58,2012-07-30
437230,133075,-74.666664,1000295,119,17:41:48,2012-07-27
437420,133075,-69.5,1000295,119,17:44:13,2012-07-27
437565,133075,-79.0,1000295,119,17:59:45,2012-07-27
437570,133075,-72.0,1000295,119,17:51:58,2012-07-27
437415,133080,-67.599998,1000295,119,17:44:15,2012-07-27
437485,133080,-67.0,1000295,119,17:43:55,2012-07-27
437575,133080,-72.0,1000295,119,17:51:58,2012-07-27
438090,133080,-51.0,1000295,119,14:38:57,2012-07-30
437225,133085,-76.0,1000295,119,17:41:49,2012-07-27
437415,133085,-65.599998,1000295,119,17:44:16,2012-07-27
437490,133085,-67.0,1000295,119,17:43:55,2012-07-27
437570,133085,-76.0,1000295,119,17:59:47,2012-07-27
437225,133090,-76.0,1000295,119,17:41:50,2012-07-27
437410,133090,-68.0,1000295,119,17:45:14,2012-07-27
437415,133090,-67.199997,1000295,119,17:45:15,2012-07-27
437420,133090,-63.200001,1000295,119,17:44:17,2012-07-27
437495,133090,-67.0,1000295,119,17:43:54,2012-07-27
437575,133090,-76.0,1000295,119,17:59:46,2012-07-27
438080,133090,-51.0,1000295,119,14:38:56,2012-07-30
437225,133095,-76.0,1000295,119,17:41:50,2012-07-27
437405,133095,-68.0,1000295,119,17:45:13,2012-07-27
437410,133095,-68.0,1000295,119,17:45:14,2012-07-27
437420,133095,-65.599998,1000295,119,17:45:17,2012-07-27
437425,133095,-64.800003,1000295,119,17:45:18,2012-07-27
437575,133095,-76.0,1000295,119,17:59:47,2012-07-27
437580,133095,-72.0,1000295,119,17:51:57,2012-07-27
438070,133095,-51.0,1000295,119,14:38:56,2012-07-30
437400,133100,-67.0,1000295,119,17:45:12,2012-07-27
437405,133100,-67.199997,1000295,119,17:45:12,2012-07-27
437425,133100,-63.42857,1000295,119,17:44:18,2012-07-27
437500,133100,-66.333336,1000295,119,17:43:53,2012-07-27
437220,133105,-75.75,1000295,119,17:41:52,2012-07-27
437400,133105,-65.800003,1000295,119,17:45:11,2012-07-27
437430,133105,-63.25,1000295,119,17:45:19,2012-07-27
437435,133105,-61.0,1000295,119,17:45:20,2012-07-27
437505,133105,-65.25,1000295,119,17:43:52,2012-07-27
437580,133105,-74.0,1000295,119,17:59:48,2012-07-27
438065,133105,-51.599998,1000295,119,14:38:55,2012-07-30
437220,133110,-75.0,1000295,119,17:41:53,2012-07-27
437395,133110,-65.0,1000295,119,17:45:10,2012-07-27
437435,133110,-60.0,1000295,119,17:44:19,2012-07-27
437590,133110,-70.5,1000295,119,17:51:56,2012-07-27
437220,133115,-73.85714,1000295,119,17:41:53,2012-07-27
437390,133115,-63.200001,1000295,119,17:45:10,2012-07-27
437440,133115,-60.0,1000295,119,17:44:20,2012-07-27
437515,133115,-65.5,1000295,119,17:43:50,2012-07-27
438055,133115,-52.0,1000295,119,14:38:54,2012-07-30
437215,133120,-73.0,1000295,119,17:41:54,2012-07-27
437385,133120,-62.0,1000295,119,17:45:09,2012-07-27
437445,133120,-60.75,1000295,119,17:45:22,2012-07-27
437520,133120,-64.666664,1000295,119,17:43:49,2012-07-27
437585,133120,-71.5,1000295,119,17:59:49,2012-07-27
438050,133120,-52.0,1000295,119,14:38:54,2012-07-30
437210,133125,-73.0,1000295,119,17:41:55,2012-07-27
437385,133125,-62.0,1000295,119,17:45:09,2012-07-27
437445,133125,-58.0,1000295,119,17:44:21,2012-07-27
437450,133125,-60.0,1000295,119,17:45:23,2012-07-27
437525,133125,-62.0,1000295,119,17:43:48,2012-07-27
438045,133125,-53.5,1000295,119,14:38:54,2012-07-30
437205,133130,-73.0,1000295,119,17:41:56,2012-07-27
437375,133130,-58.0,1000295,119,17:45:08,2012-07-27
437450,133130,-60.0,1000295,119,17:45:24,2012-07-27
437370,133135,-56.0,1000295,119,17:45:07,2012-07-27
437455,133135,-60.0,1000295,119,17:45:24,2012-07-27
437530,133135,-60.400002,1000295,119,17:43:46,2012-07-27
437590,133135,-68.888885,1000295,119,17:59:51,2012-07-27
437600,133135,-67.599998,1000295,119,17:51:54,2012-07-27
438035,133135,-54.0,1000295,119,14:38:53,2012-07-30
437460,133140,-58.900002,1000295,119,17:44:23,2012-07-27
437535,133140,-58.5,1000295,119,17:43:45,2012-07-27
438030,133140,-57.0,1000295,119,14:38:52,2012-07-30
437370,133145,-53.200001,1000295,119,17:45:05,2012-07-27
437460,133145,-61.0,1000295,119,17:45:26,2012-07-27
437465,133145,-60.333332,1000295,119,17:45:26,2012-07-27
437535,133145,-57.0,1000295,119,17:43:44,2012-07-27
437610,133145,-66.0,1000295,119,17:51:53,2012-07-27
437670,133145,-64.0,1000295,119,17:50:14,2012-07-27
437370,133150,-51.400002,1000295,119,17:45:04,2012-07-27
437465,133150,-58.75,1000295,119,17:44:24,2012-07-27
437540,133150,-55.5,1000295,119,17:43:43,2012-07-27
437615,133150,-65.25,1000295,119,17:51:53,2012-07-27
437670,133150,-65.26667,1000295,119,17:50:14,2012-07-27
438020,133150,-58.0,1000295,119,14:38:51,2012-07-30
437470,133155,-61.0,1000295,119,17:44:25,2012-07-27
437475,133155,-59.0,1000295,119,17:45:28,2012-07-27
437540,133155,-55.0,1000295,119,17:43:43,2012-07-27
437600,133155,-68.0,1000295,119,17:59:51,2012-07-27
437670,133155,-66.0,1000295,119,17:50:10,2012-07-27
437280,133160,-68.75,1000295,119,17:39:31,2012-07-27
437375,133160,-51.599998,1000295,119,17:45:03,2012-07-27
437535,133160,-54.0,1000295,119,17:43:41,2012-07-27
437540,133160,-54.25,1000295,119,17:43:42,2012-07-27
437605,133160,-68.25,1000295,119,17:59:52,2012-07-27
437670,133160,-65.199997,1000295,119,17:50:09,2012-07-27
437275,133165,-68.0,1000295,119,17:39:30,2012-07-27
437380,133165,-52.0,1000295,119,17:45:02,2012-07-27
437480,133165,-59.0,1000295,119,17:45:29,2012-07-27
437535,133165,-56.25,1000295,119,17:43:41,2012-07-27
437625,133165,-65.0,1000295,119,17:51:51,2012-07-27
437670,133165,-64.0,1000295,119,17:50:08,2012-07-27
438010,133165,-61.0,1000295,119,14:38:51,2012-07-30
437270,133170,-66.5,1000295,119,17:39:29,2012-07-27
437275,133170,-68.0,1000295,119,17:39:29,2012-07-27
437385,133170,-52.0,1000295,119,17:45:00,2012-07-27
437485,133170,-61.333332,1000295,119,17:44:27,2012-07-27
437530,133170,-57.0,1000295,119,17:43:40,2012-07-27
438000,133170,-62.0,1000295,119,14:38:50,2012-07-30
437270,133175,-66.0,1000295,119,17:39:29,2012-07-27
437390,133175,-52.75,1000295,119,17:45:00,2012-07-27
437485,133175,-59.799999,1000295,119,17:45:31,2012-07-27
437525,133175,-60.0,1000295,119,17:43:39,2012-07-27
437530,133175,-59.400002,1000295,119,17:43:39,2012-07-27
437615,133175,-68.199997,1000295,119,17:59:54,2012-07-27
437670,133175,-62.400002,1000295,119,17:50:07,2012-07-27
437865,133175,-55.142857,1000295,119,14:38:38,2012-07-30
437875,133175,-55.625,1000295,119,14:38:39,2012-07-30
437895,133175,-55.285713,1000295,119,14:38:40,2012-07-30
437265,133180,-66.0,1000295,119,17:39:28,2012-07-27
437490,133180,-60.5,1000295,119,17:45:32,2012-07-27
437495,133180,-61.0,1000295,119,17:45:32,2012-07-27
437520,133180,-63.0,1000295,119,17:43:38,2012-07-27
437630,133180,-64.400002,1000295,119,17:51:50,2012-07-27
437850,133180,-54.0,1000295,119,14:38:37,2012-07-30
437905,133180,-57.200001,1000295,119,14:38:42,2012-07-30
437990,133180,-62.0,1000295,119,14:38:49,2012-07-30
437265,133185,-66.75,1000295,119,17:39:28,2012-07-27
437395,133185,-53.0,1000295,119,17:44:58,2012-07-27
437490,133185,-62.0,1000295,119,17:44:29,2012-07-27
437495,133185,-60.0,1000295,119,17:45:34,2012-07-27
437515,133185,-64.0,1000295,119,17:43:37,2012-07-27
437520,133185,-64.0,1000295,119,17:43:37,2012-07-27
437670,133185,-61.0,1000295,119,17:50:06,2012-07-27
437920,133185,-58.0,1000295,119,14:38:43,2012-07-30
437980,133185,-62.75,1000295,119,14:38:48,2012-07-30
437260,133190,-67.0,1000295,119,17:39:27,2012-07-27
437495,133190,-62.25,1000295,119,17:44:30,2012-07-27
437500,133190,-62.090908,1000295,119,17:45:34,2012-07-27
437515,133190,-66.0,1000295,119,17:43:36,2012-07-27
437930,133190,-59.200001,1000295,119,14:38:44,2012-07-30
437945,133190,-61.5,1000295,119,14:38:45,2012-07-30
437955,133190,-63.0,1000295,119,14:38:46,2012-07-30
437970,133190,-63.0,1000295,119,14:38:46,2012-07-30
437255,133195,-67.75,1000295,119,17:39:26,2012-07-27
437400,133195,-52.333332,1000295,119,17:44:57,2012-07-27
437500,133195,-63.333332,1000295,119,17:44:32,2012-07-27
437505,133195,-65.25,1000295,119,17:45:36,2012-07-27
437835,133195,-53.200001,1000295,119,14:38:36,2012-07-30
437255,133200,-68.0,1000295,119,17:39:26,2012-07-27
437405,133200,-52.599998,1000295,119,17:44:55,2012-07-27
437500,133200,-65.0,1000295,119,17:44:34,2012-07-27
437505,133200,-68.07692,1000295,119,17:43:35,2012-07-27
437635,133200,-64.0,1000295,119,17:51:49,2012-07-27
437675,133200,-60.25,1000295,119,17:50:05,2012-07-27
437410,133205,-53.0,1000295,119,17:44:55,2012-07-27
437495,133205,-64.666664,1000295,119,17:43:34,2012-07-27
437500,133205,-66.444443,1000295,119,17:44:34,2012-07-27
438980,133205,-83.0,1000295,119,16:25:15,2012-07-31
437250,133210,-65.0,1000295,119,17:39:25,2012-07-27
437415,133210,-53.666668,1000295,119,17:44:54,2012-07-27
437495,133210,-64.0,1000295,119,17:44:36,2012-07-27
437635,133210,-62.875,1000295,119,17:59:56,2012-07-27
437825,133210,-53.0,1000295,119,14:38:34,2012-07-30
438900,133210,-77.5,1000295,119,16:25:11,2012-07-31
438910,133210,-80.0,1000295,119,16:25:12,2012-07-31
438930,133210,-80.0,1000295,119,18:02:01,2012-07-27
438940,133210,-83.0,1000295,119,18:02:01,2012-07-27
438950,133210,-83.0,1000295,119,18:02:02,2012-07-27
438970,133210,-83.0,1000295,119,18:02:03,2012-07-27
438975,133210,-83.0,1000295,119,18:02:04,2012-07-27
438995,133210,-83.0,1000295,119,18:02:05,2012-07-27
439000,133210,-83.0,1000295,119,18:02:05,2012-07-27
439005,133210,-83.0,1000295,119,18:02:05,2012-07-27
439010,133210,-83.0,1000295,119,18:02:06,2012-07-27
439015,133210,-83.0,1000295,119,18:02:06,2012-07-27
439020,133210,-83.0,1000295,119,18:02:06,2012-07-27
437420,133215,-56.25,1000295,119,17:44:53,2012-07-27
437490,133215,-60.0,1000295,119,17:43:32,2012-07-27
437495,133215,-64.0,1000295,119,17:44:36,2012-07-27
437675,133215,-58.5,1000295,119,17:50:04,2012-07-27
438790,133215,-66.75,1000295,119,16:25:06,2012-07-31
438810,133215,-66.0,1000295,119,16:25:07,2012-07-31
438825,133215,-68.25,1000295,119,18:01:55,2012-07-27
438835,133215,-69.0,1000295,119,16:25:08,2012-07-31
438845,133215,-72.800003,1000295,119,16:25:09,2012-07-31
438855,133215,-72.599998,1000295,119,18:01:56,2012-07-27
438865,133215,-75.400002,1000295,119,18:01:57,2012-07-27
438900,133215,-77.0,1000295,119,18:01:58,2012-07-27
438910,133215,-77.5,1000295,119,18:01:59,2012-07-27
438920,133215,-79.0,1000295,119,18:02:00,2012-07-27
437245,133220,-63.25,1000295,119,17:39:24,2012-07-27
437490,133220,-65.0,1000295,119,17:44:37,2012-07-27
437635,133220,-64.0,1000295,119,17:51:47,2012-07-27
437820,133220,-53.799999,1000295,119,14:38:34,2012-07-30
438700,133220,-63.0,1000295,119,16:25:02,2012-07-31
438710,133220,-63.0,1000295,119,16:25:03,2012-07-31
438720,133220,-63.0,1000295,119,16:25:03,2012-07-31
438725,133220,-63.0,1000295,119,18:01:50,2012-07-27
438725,133220,-68.0,1000295,119,16:23:45,2012-07-31
438735,133220,-64.833336,1000295,119,16:25:04,2012-07-31
438740,133220,-68.0,1000295,119,16:23:44,2012-07-31
438745,133220,-68.0,1000295,119,16:23:43,2012-07-31
438750,133220,-64.0,1000295,119,16:25:04,2012-07-31
438755,133220,-64.0,1000295,119,16:25:05,2012-07-31
438760,133220,-68.0,1000295,119,16:23:43,2012-07-31
438775,133220,-65.199997,1000295,119,16:25:05,2012-07-31
438780,133220,-63.25,1000295,119,18:01:52,2012-07-27
438790,133220,-64.0,1000295,119,18:01:53,2012-07-27
438815,133220,-65.199997,1000295,119,18:01:54,2012-07-27
437425,133225,-57.0,1000295,119,17:44:52,2012-07-27
437480,133225,-57.0,1000295,119,17:43:31,2012-07-27
437485,133225,-65.0,1000295,119,17:44:39,2012-07-27
437645,133225,-62.0,1000295,119,17:59:57,2012-07-27
437680,133225,-58.0,1000295,119,17:50:03,2012-07-27
438580,133225,-66.0,1000295,119,16:24:57,2012-07-31
438595,133225,-64.0,1000295,119,16:24:58,2012-07-31
438615,133225,-64.25,1000295,119,16:24:58,2012-07-31
438620,133225,-65.5,1000295,119,16:23:51,2012-07-31
438625,133225,-65.0,1000295,119,16:24:59,2012-07-31
438630,133225,-69.5,1000295,119,18:01:47,2012-07-27
438630,133225,-65.0,1000295,119,16:23:50,2012-07-31
438635,133225,-65.0,1000295,119,16:23:50,2012-07-31
438640,133225,-66.5,1000295,119,16:23:49,2012-07-31
438645,133225,-65.0,1000295,119,16:25:00,2012-07-31
438650,133225,-64.666664,1000295,119,16:25:00,2012-07-31
438655,133225,-67.0,1000295,119,16:23:48,2012-07-31
438660,133225,-65.5,1000295,119,16:25:00,2012-07-31
438665,133225,-67.199997,1000295,119,18:01:48,2012-07-27
438670,133225,-67.0,1000295,119,16:25:01,2012-07-31
438675,133225,-64.0,1000295,119,18:01:49,2012-07-27
438685,133225,-64.599998,1000295,119,16:25:01,2012-07-31
438700,133225,-63.666668,1000295,119,18:01:50,2012-07-27
438700,133225,-68.0,1000295,119,16:23:46,2012-07-31
437430,133230,-58.599998,1000295,119,17:44:51,2012-07-27
437635,133230,-64.0,1000295,119,17:51:46,2012-07-27
437820,133230,-52.0,1000295,119,14:38:32,2012-07-30
438505,133230,-69.0,1000295,119,16:24:54,2012-07-31
438525,133230,-73.400002,1000295,119,18:01:42,2012-07-27
438525,133230,-65.0,1000295,119,16:23:55,2012-07-31
438530,133230,-61.0,1000295,119,16:23:55,2012-07-31
438535,133230,-61.0,1000295,119,16:23:55,2012-07-31
438540,133230,-64.75,1000295,119,16:23:55,2012-07-31
438550,133230,-75.0,1000295,119,18:01:43,2012-07-27
438570,133230,-63.666668,1000295,119,16:23:53,2012-07-31
438575,133230,-75.0,1000295,119,18:01:44,2012-07-27
438575,133230,-65.0,1000295,119,16:23:53,2012-07-31
438595,133230,-66.333336,1000295,119,16:23:52,2012-07-31
438615,133230,-67.0,1000295,119,16:23:51,2012-07-31
437240,133235,-62.0,1000295,119,17:39:22,2012-07-27
437435,133235,-58.25,1000295,119,17:44:50,2012-07-27
437470,133235,-62.0,1000295,119,17:43:30,2012-07-27
437680,133235,-55.599998,1000295,119,17:50:02,2012-07-27
438410,133235,-69.75,1000295,119,16:24:50,2012-07-31
438430,133235,-67.0,1000295,119,18:01:38,2012-07-27
438440,133235,-71.25,1000295,119,16:24:51,2012-07-31
438450,133235,-69.0,1000295,119,16:24:52,2012-07-31
438455,133235,-59.200001,1000295,119,16:24:00,2012-07-31
438460,133235,-69.0,1000295,119,16:24:52,2012-07-31
438470,133235,-72.0,1000295,119,18:01:39,2012-07-27
438475,133235,-61.727272,1000295,119,16:23:59,2012-07-31
438490,133235,-72.0,1000295,119,18:01:40,2012-07-27
438495,133235,-60.333332,1000295,119,16:23:58,2012-07-31
438505,133235,-72.25,1000295,119,18:01:41,2012-07-27
438510,133235,-61.0,1000295,119,16:23:56,2012-07-31
438520,133235,-61.0,1000295,119,16:23:56,2012-07-31
438525,133235,-61.0,1000295,119,16:23:56,2012-07-31
437440,133240,-56.799999,1000295,119,17:44:48,2012-07-27
437465,133240,-65.75,1000295,119,17:44:41,2012-07-27
437470,133240,-55.0,1000295,119,17:43:29,2012-07-27
437645,133240,-61.599998,1000295,119,17:59:58,2012-07-27
437820,133240,-51.0,1000295,119,14:38:31,2012-07-30
438315,133240,-64.666664,1000295,119,16:24:46,2012-07-31
438320,133240,-66.0,1000295,119,16:24:46,2012-07-31
438325,133240,-66.0,1000295,119,16:24:46,2012-07-31
438330,133240,-66.0,1000295,119,16:24:47,2012-07-31
438335,133240,-64.800003,1000295,119,18:01:34,2012-07-27
438345,133240,-65.599998,1000295,119,16:24:47,2012-07-31
438355,133240,-65.0,1000295,119,16:24:48,2012-07-31
438360,133240,-65.75,1000295,119,18:01:35,2012-07-27
438370,133240,-66.333336,1000295,119,16:24:48,2012-07-31
438380,133240,-61.799999,1000295,119,16:24:03,2012-07-31
438385,133240,-65.0,1000295,119,18:01:36,2012-07-27
438385,133240,-69.0,1000295,119,16:24:49,2012-07-31
438410,133240,-65.714287,1000295,119,18:01:37,2012-07-27
438410,133240,-61.0,1000295,119,16:24:02,2012-07-31
438415,133240,-60.0,1000295,119,17:34:10,2012-07-27
438435,133240,-60.142857,1000295,119,16:24:01,2012-07-31
438450,133240,-60.0,1000295,119,17:34:09,2012-07-27
437235,133245,-61.0,1000295,119,17:39:21,2012-07-27
437445,133245,-56.0,1000295,119,17:44:48,2012-07-27
437460,133245,-61.5,1000295,119,17:44:43,2012-07-27
437630,133245,-63.200001,1000295,119,17:51:45,2012-07-27
438220,133245,-56.400002,1000295,119,18:01:29,2012-07-27
438225,133245,-56.0,1000295,119,16:24:41,2012-07-31
438235,133245,-56.5,1000295,119,16:24:41,2012-07-31
438240,133245,-58.0,1000295,119,18:01:30,2012-07-27
438250,133245,-58.0,1000295,119,16:24:42,2012-07-31
438260,133245,-58.5,1000295,119,16:24:43,2012-07-31
438265,133245,-58.799999,1000295,119,18:01:31,2012-07-27
438270,133245,-60.0,1000295,119,16:24:43,2012-07-31
438285,133245,-61.333332,1000295,119,16:24:44,2012-07-31
438300,133245,-61.599998,1000295,119,18:01:32,2012-07-27
438305,133245,-64.0,1000295,119,16:24:08,2012-07-31
438315,133245,-63.0,1000295,119,17:34:14,2012-07-27
438320,133245,-66.5,1000295,119,16:24:07,2012-07-31
438340,133245,-64.0,1000295,119,16:24:05,2012-07-31
438350,133245,-60.0,1000295,119,17:34:13,2012-07-27
438360,133245,-63.0,1000295,119,16:24:05,2012-07-31
438395,133245,-60.0,1000295,119,17:34:11,2012-07-27
437130,133250,-69.0,1000295,119,17:42:23,2012-07-27
437230,133250,-60.25,1000295,119,17:39:21,2012-07-27
437450,133250,-59.200001,1000295,119,17:44:47,2012-07-27
437455,133250,-59.25,1000295,119,17:44:46,2012-07-27
437460,133250,-55.0,1000295,119,17:43:28,2012-07-27
437685,133250,-57.25,1000295,119,17:50:01,2012-07-27
438120,133250,-57.200001,1000295,119,18:01:24,2012-07-27
438130,133250,-56.0,1000295,119,18:01:25,2012-07-27
438145,133250,-55.5,1000295,119,18:01:25,2012-07-27
438150,133250,-55.0,1000295,119,16:24:34,2012-07-31
438160,133250,-54.0,1000295,119,18:01:26,2012-07-27
438160,133250,-55.0,1000295,119,16:24:36,2012-07-31
438165,133250,-54.0,1000295,119,18:01:26,2012-07-27
438175,133250,-55.0,1000295,119,16:24:37,2012-07-31
438180,133250,-54.0,1000295,119,18:01:27,2012-07-27
438185,133250,-55.0,1000295,119,16:24:38,2012-07-31
438190,133250,-54.75,1000295,119,16:24:39,2012-07-31
438195,133250,-55.0,1000295,119,18:01:28,2012-07-27
438200,133250,-55.799999,1000295,119,16:24:15,2012-07-31
438210,133250,-54.0,1000295,119,18:00:47,2012-07-27
438210,133250,-54.5,1000295,119,16:24:40,2012-07-31
438220,133250,-59.0,1000295,119,17:34:19,2012-07-27
438220,133250,-61.599998,1000295,119,16:24:13,2012-07-31
438235,133250,-60.333332,1000295,119,17:34:19,2012-07-27
438245,133250,-63.0,1000295,119,16:24:11,2012-07-31
438250,133250,-61.0,1000295,119,17:34:18,2012-07-27
438260,133250,-61.75,1000295,119,17:34:17,2012-07-27
438260,133250,-63.666668,1000295,119,16:24:10,2012-07-31
438275,133250,-62.0,1000295,119,17:34:16,2012-07-27
438275,133250,-64.0,1000295,119,16:24:09,2012-07-31
438280,133250,-62.0,1000295,119,17:34:16,2012-07-27
438285,133250,-65.0,1000295,119,17:34:16,2012-07-27
437820,133255,-51.0,1000295,119,14:38:30,2012-07-30
438000,133255,-50.0,1000295,119,18:01:18,2012-07-27
438010,133255,-50.75,1000295,119,18:01:18,2012-07-27
438020,133255,-53.0,1000295,119,18:01:19,2012-07-27
438035,133255,-53.75,1000295,119,18:01:20,2012-07-27
438050,133255,-56.0,1000295,119,18:01:21,2012-07-27
438065,133255,-56.25,1000295,119,18:01:21,2012-07-27
438080,133255,-57.0,1000295,119,18:01:22,2012-07-27
438090,133255,-57.25,1000295,119,18:01:23,2012-07-27
438105,133255,-58.0,1000295,119,18:01:23,2012-07-27
438130,133255,-49.25,1000295,119,17:34:24,2012-07-27
438140,133255,-54.333332,1000295,119,16:24:33,2012-07-31
438150,133255,-50.799999,1000295,119,16:24:17,2012-07-31
438155,133255,-51.333332,1000295,119,17:34:23,2012-07-27
438160,133255,-53.799999,1000295,119,16:24:16,2012-07-31
438185,133255,-54.0,1000295,119,17:34:21,2012-07-27
438185,133255,-55.0,1000295,119,16:24:15,2012-07-31
437230,133260,-60.599998,1000295,119,17:39:19,2012-07-27
437450,133260,-54.666668,1000295,119,17:43:26,2012-07-27
437630,133260,-63.599998,1000295,119,17:51:44,2012-07-27
437645,133260,-60.5,1000295,119,17:59:59,2012-07-27
437685,133260,-60.25,1000295,119,17:50:00,2012-07-27
437935,133260,-48.0,1000295,119,18:01:14,2012-07-27
437960,133260,-48.0,1000295,119,18:01:16,2012-07-27
437985,133260,-48.5,1000295,119,18:01:17,2012-07-27
438040,133260,-45.0,1000295,119,17:34:30,2012-07-27
438050,133260,-45.0,1000295,119,17:34:29,2012-07-27
438060,133260,-44.25,1000295,119,17:34:28,2012-07-27
438080,133260,-44.666668,1000295,119,17:34:27,2012-07-27
438090,133260,-45.0,1000295,119,17:34:26,2012-07-27
438110,133260,-46.5,1000295,119,17:34:26,2012-07-27
438120,133260,-47.0,1000295,119,17:34:25,2012-07-27
438125,133260,-45.599998,1000295,119,16:24:21,2012-07-31
438130,133260,-47.833332,1000295,119,16:24:20,2012-07-31
438135,133260,-51.642857,1000295,119,16:24:19,2012-07-31
437225,133265,-61.0,1000295,119,17:39:19,2012-07-27
437640,133265,-59.0,1000295,119,18:00:00,2012-07-27
437825,133265,-50.166668,1000295,119,14:38:29,2012-07-30
437900,133265,-49.599998,1000295,119,18:01:13,2012-07-27
437920,133265,-48.0,1000295,119,18:01:13,2012-07-27
437955,133265,-46.0,1000295,119,17:34:35,2012-07-27
437965,133265,-45.25,1000295,119,17:34:34,2012-07-27
437980,133265,-45.0,1000295,119,17:34:33,2012-07-27
437990,133265,-45.0,1000295,119,17:34:33,2012-07-27
438000,133265,-45.0,1000295,119,17:34:32,2012-07-27
438010,133265,-45.0,1000295,119,17:34:31,2012-07-27
438025,133265,-45.0,1000295,119,17:34:31,2012-07-27
438135,133265,-53.227272,1000295,119,16:24:27,2012-07-31
437130,133270,-69.0,1000295,119,17:42:24,2012-07-27
437435,133270,-57.0,1000295,119,17:43:24,2012-07-27
437440,133270,-56.25,1000295,119,17:43:25,2012-07-27
437685,133270,-62.200001,1000295,119,17:49:58,2012-07-27
437915,133270,-44.0,1000295,119,17:34:37,2012-07-27
437920,133270,-44.0,1000295,119,17:34:37,2012-07-27
437925,133270,-44.75,1000295,119,17:34:37,2012-07-27
437935,133270,-45.0,1000295,119,17:34:36,2012-07-27
437945,133270,-45.75,1000295,119,17:34:35,2012-07-27
437225,133275,-61.0,1000295,119,17:39:17,2012-07-27
437430,133275,-57.75,1000295,119,17:43:24,2012-07-27
437630,133275,-64.0,1000295,119,17:51:44,2012-07-27
437825,133275,-49.25,1000295,119,14:38:27,2012-07-30
437875,133275,-50.75,1000295,119,18:01:11,2012-07-27
437895,133275,-43.0,1000295,119,17:34:39,2012-07-27
437900,133275,-43.75,1000295,119,17:34:38,2012-07-27
437905,133275,-44.0,1000295,119,17:34:38,2012-07-27
437910,133275,-44.0,1000295,119,17:34:38,2012-07-27
437130,133280,-69.0,1000295,119,17:42:26,2012-07-27
437220,133280,-59.5,1000295,119,17:39:17,2012-07-27
437640,133280,-59.799999,1000295,119,18:00:01,2012-07-27
437860,133280,-51.599998,1000295,119,18:01:10,2012-07-27
437880,133280,-42.666668,1000295,119,17:34:40,2012-07-27
437885,133280,-43.0,1000295,119,17:34:39,2012-07-27
437890,133280,-43.0,1000295,119,17:34:39,2012-07-27
437130,133285,-69.0,1000295,119,17:42:26,2012-07-27
437215,133285,-59.0,1000295,119,17:39:16,2012-07-27
437635,133285,-66.400002,1000295,119,17:51:43,2012-07-27
437640,133285,-61.0,1000295,119,18:00:02,2012-07-27
437825,133285,-50.5,1000295,119,14:38:27,2012-07-30
437870,133285,-42.0,1000295,119,17:34:40,2012-07-27
437210,133290,-58.25,1000295,119,17:39:15,2012-07-27
437420,133290,-56.799999,1000295,119,17:43:22,2012-07-27
437425,133290,-55.0,1000295,119,17:45:58,2012-07-27
437845,133290,-52.0,1000295,119,18:01:09,2012-07-27
437130,133295,-69.0,1000295,119,17:42:27,2012-07-27
437210,133295,-56.5,1000295,119,17:39:14,2012-07-27
437640,133295,-67.0,1000295,119,17:51:41,2012-07-27
437690,133295,-63.75,1000295,119,17:49:57,2012-07-27
437820,133295,-51.0,1000295,119,14:38:25,2012-07-30
437830,133295,-52.833332,1000295,119,18:01:08,2012-07-27
437855,133295,-41.25,1000295,119,17:34:41,2012-07-27
437130,133300,-64.0,1000295,119,17:42:29,2012-07-27
437200,133300,-56.0,1000295,119,17:39:11,2012-07-27
437415,133300,-55.0,1000295,119,17:45:59,2012-07-27
437640,133300,-61.0,1000295,119,18:00:03,2012-07-27
437840,133300,-39.0,1000295,119,17:34:42,2012-07-27
437185,133305,-56.0,1000295,119,17:39:08,2012-07-27
437190,133305,-56.0,1000295,119,17:39:09,2012-07-27
437195,133305,-56.0,1000295,119,17:39:11,2012-07-27
437410,133305,-56.0,1000295,119,17:43:20,2012-07-27
437815,133305,-51.0,1000295,119,14:38:25,2012-07-30
437830,133305,-39.0,1000295,119,17:34:43,2012-07-27
437410,133310,-55.0,1000295,119,17:46:00,2012-07-27
437645,133310,-67.0,1000295,119,17:51:40,2012-07-27
437695,133310,-65.5,1000295,119,17:49:56,2012-07-27
437810,133310,-52.285713,1000295,119,18:01:06,2012-07-27
437820,133310,-39.0,1000295,119,17:34:43,2012-07-27
437825,133310,-39.0,1000295,119,17:34:43,2012-07-27
437400,133315,-56.0,1000295,119,17:43:19,2012-07-27
437805,133315,-49.400002,1000295,119,14:38:23,2012-07-30
437815,133315,-40.0,1000295,119,17:34:44,2012-07-27
438870,133315,-80.0,1000295,119,16:23:04,2012-07-31
437395,133320,-56.0,1000295,119,17:43:19,2012-07-27
437400,133320,-55.0,1000295,119,17:46:01,2012-07-27
437650,133320,-61.666668,1000295,119,18:00:47,2012-07-27
437700,133320,-62.25,1000295,119,17:49:54,2012-07-27
437795,133320,-49.0,1000295,119,14:38:22,2012-07-30
437800,133320,-52.0,1000295,119,18:01:06,2012-07-27
437810,133320,-39.25,1000295,119,17:34:44,2012-07-27
438870,133320,-80.0,1000295,119,16:23:04,2012-07-31
437700,133325,-61.0,1000295,119,17:49:53,2012-07-27
438865,133325,-79.25,1000295,119,16:23:04,2012-07-31
437390,133330,-53.833332,1000295,119,17:43:17,2012-07-27
437655,133330,-64.75,1000295,119,17:51:39,2012-07-27
437785,133330,-52.0,1000295,119,18:01:04,2012-07-27
437785,133330,-49.0,1000295,119,14:38:21,2012-07-30
438865,133330,-79.0,1000295,119,16:23:04,2012-07-31
437385,133335,-53.0,1000295,119,17:43:17,2012-07-27
437705,133335,-60.200001,1000295,119,17:49:52,2012-07-27
437790,133335,-42.0,1000295,119,17:34:45,2012-07-27
438860,133335,-78.0,1000295,119,16:23:03,2012-07-31
437375,133340,-49.799999,1000295,119,17:43:15,2012-07-27
437710,133340,-58.5,1000295,119,17:49:51,2012-07-27
438855,133340,-77.0,1000295,119,16:23:02,2012-07-31
437380,133345,-51.799999,1000295,119,17:46:05,2012-07-27
437655,133345,-62.0,1000295,119,17:51:37,2012-07-27
437775,133345,-49.0,1000295,119,14:38:20,2012-07-30
437780,133345,-44.666668,1000295,119,17:34:47,2012-07-27
438855,133345,-77.0,1000295,119,16:23:02,2012-07-31
437370,133350,-49.0,1000295,119,17:43:14,2012-07-27
437710,133350,-57.0,1000295,119,17:49:50,2012-07-27
438850,133350,-77.0,1000295,119,16:23:02,2012-07-31
437370,133355,-50.599998,1000295,119,17:46:06,2012-07-27
437660,133355,-59.0,1000295,119,17:51:37,2012-07-27
437710,133355,-56.0,1000295,119,17:49:49,2012-07-27
438850,133355,-76.25,1000295,119,16:23:01,2012-07-31
437360,133360,-47.400002,1000295,119,17:43:13,2012-07-27
437665,133360,-64.0,1000295,119,18:00:08,2012-07-27
437705,133360,-56.0,1000295,119,17:51:22,2012-07-27
437765,133360,-46.599998,1000295,119,17:34:47,2012-07-27
438845,133360,-76.0,1000295,119,16:23:00,2012-07-31
437355,133365,-46.400002,1000295,119,17:43:12,2012-07-27
437360,133365,-48.42857,1000295,119,17:46:07,2012-07-27
437660,133365,-54.5,1000295,119,17:51:36,2012-07-27
437665,133365,-62.799999,1000295,119,18:00:09,2012-07-27
437705,133365,-56.0,1000295,119,17:51:22,2012-07-27
437710,133365,-52.25,1000295,119,17:49:49,2012-07-27
437760,133365,-52.0,1000295,119,18:01:02,2012-07-27
437760,133365,-49.0,1000295,119,14:38:19,2012-07-30
438840,133365,-75.25,1000295,119,16:23:00,2012-07-31
438845,133365,-76.0,1000295,119,16:23:00,2012-07-31
437355,133370,-47.0,1000295,119,17:46:08,2012-07-27
437705,133370,-56.0,1000295,119,17:51:23,2012-07-27
438840,133370,-75.0,1000295,119,16:22:59,2012-07-31
437350,133375,-45.799999,1000295,119,17:46:09,2012-07-27
437355,133375,-46.5,1000295,119,17:46:09,2012-07-27
437665,133375,-50.599998,1000295,119,17:51:34,2012-07-27
437670,133375,-60.5,1000295,119,18:00:11,2012-07-27
437705,133375,-51.599998,1000295,119,17:49:47,2012-07-27
437750,133375,-52.0,1000295,119,18:01:01,2012-07-27
437755,133375,-49.666668,1000295,119,17:34:50,2012-07-27
438835,133375,-75.0,1000295,119,16:22:59,2012-07-31
438840,133375,-75.0,1000295,119,16:22:59,2012-07-31
437345,133380,-46.0,1000295,119,17:43:10,2012-07-27
437350,133380,-44.833332,1000295,119,17:46:10,2012-07-27
437700,133380,-56.0,1000295,119,17:51:24,2012-07-27
437745,133380,-49.0,1000295,119,14:38:18,2012-07-30
438835,133380,-75.0,1000295,119,16:22:59,2012-07-31
437280,133385,-54.0,1000295,119,17:42:57,2012-07-27
437340,133385,-46.0,1000295,119,17:43:09,2012-07-27
437345,133385,-44.0,1000295,119,17:46:12,2012-07-27
437350,133385,-44.0,1000295,119,17:46:11,2012-07-27
437665,133385,-47.200001,1000295,119,17:51:33,2012-07-27
437670,133385,-59.0,1000295,119,18:00:11,2012-07-27
438830,133385,-75.0,1000295,119,16:22:58,2012-07-31
437285,133390,-54.0,1000295,119,17:42:58,2012-07-27
437290,133390,-54.0,1000295,119,17:42:58,2012-07-27
437300,133390,-54.0,1000295,119,17:43:00,2012-07-27
437305,133390,-54.0,1000295,119,17:43:00,2012-07-27
437310,133390,-54.0,1000295,119,17:43:02,2012-07-27
437335,133390,-50.857143,1000295,119,17:43:07,2012-07-27
437340,133390,-48.857143,1000295,119,17:43:08,2012-07-27
437345,133390,-44.799999,1000295,119,17:46:13,2012-07-27
437555,133390,-46.0,1000295,119,17:49:32,2012-07-27
437560,133390,-46.75,1000295,119,17:49:33,2012-07-27
437575,133390,-50.0,1000295,119,17:49:34,2012-07-27
437580,133390,-53.0,1000295,119,17:49:35,2012-07-27
437585,133390,-52.5,1000295,119,17:49:36,2012-07-27
437600,133390,-51.0,1000295,119,17:49:37,2012-07-27
437605,133390,-51.0,1000295,119,17:49:37,2012-07-27
437610,133390,-51.0,1000295,119,17:49:37,2012-07-27
437670,133390,-58.0,1000295,119,18:00:12,2012-07-27
437695,133390,-49.599998,1000295,119,17:49:45,2012-07-27
437320,133395,-53.599998,1000295,119,17:43:02,2012-07-27
437325,133395,-52.333332,1000295,119,17:43:04,2012-07-27
437330,133395,-52.0,1000295,119,17:43:06,2012-07-27
437335,133395,-54.333332,1000295,119,17:49:10,2012-07-27
437340,133395,-50.0,1000295,119,17:46:15,2012-07-27
437345,133395,-57.400002,1000295,119,17:49:12,2012-07-27
437355,133395,-57.75,1000295,119,17:49:13,2012-07-27
437365,133395,-56.799999,1000295,119,17:49:15,2012-07-27
437370,133395,-56.0,1000295,119,17:49:15,2012-07-27
437380,133395,-56.333332,1000295,119,17:49:16,2012-07-27
437395,133395,-55.75,1000295,119,17:49:17,2012-07-27
437405,133395,-51.799999,1000295,119,17:49:19,2012-07-27
437465,133395,-53.5,1000295,119,17:49:25,2012-07-27
437475,133395,-53.75,1000295,119,17:49:26,2012-07-27
437490,133395,-52.599998,1000295,119,17:49:27,2012-07-27
437505,133395,-51.0,1000295,119,17:49:28,2012-07-27
437520,133395,-50.599998,1000295,119,17:49:29,2012-07-27
437530,133395,-49.5,1000295,119,17:49:30,2012-07-27
437540,133395,-48.0,1000295,119,17:49:31,2012-07-27
437545,133395,-47.5,1000295,119,17:49:31,2012-07-27
437590,133395,-48.599998,1000295,119,18:00:30,2012-07-27
437595,133395,-49.18182,1000295,119,18:00:26,2012-07-27
437600,133395,-52.25,1000295,119,18:00:25,2012-07-27
437605,133395,-53.0,1000295,119,18:00:24,2012-07-27
437610,133395,-54.5,1000295,119,18:00:23,2012-07-27
437620,133395,-51.0,1000295,119,17:49:39,2012-07-27
437625,133395,-51.0,1000295,119,17:49:39,2012-07-27
437630,133395,-51.0,1000295,119,17:49:39,2012-07-27
437635,133395,-51.0,1000295,119,17:49:40,2012-07-27
437665,133395,-46.0,1000295,119,17:51:32,2012-07-27
437670,133395,-53.666668,1000295,119,18:00:13,2012-07-27
437685,133395,-47.0,1000295,119,17:49:44,2012-07-27
437695,133395,-56.0,1000295,119,17:51:26,2012-07-27
438830,133395,-75.0,1000295,119,16:22:58,2012-07-31
437330,133400,-52.42857,1000295,119,17:49:09,2012-07-27
437335,133400,-52.200001,1000295,119,17:46:16,2012-07-27
437425,133400,-51.400002,1000295,119,17:49:20,2012-07-27
437435,133400,-52.25,1000295,119,17:49:22,2012-07-27
437450,133400,-53.0,1000295,119,17:49:22,2012-07-27
437455,133400,-53.0,1000295,119,17:49:24,2012-07-27
437590,133400,-48.0,1000295,119,18:00:32,2012-07-27
437615,133400,-55.0,1000295,119,18:00:23,2012-07-27
437620,133400,-55.0,1000295,119,18:00:22,2012-07-27
437640,133400,-50.5,1000295,119,17:49:40,2012-07-27
437650,133400,-47.5,1000295,119,17:49:41,2012-07-27
437660,133400,-49.0,1000295,119,17:49:41,2012-07-27
437665,133400,-46.5,1000295,119,17:49:42,2012-07-27
437670,133400,-50.5,1000295,119,18:00:15,2012-07-27
437735,133400,-51.0,1000295,119,17:34:50,2012-07-27
437325,133405,-51.333332,1000295,119,17:49:07,2012-07-27
437330,133405,-53.0,1000295,119,17:49:08,2012-07-27
437590,133405,-47.25,1000295,119,18:00:33,2012-07-27
437635,133405,-54.400002,1000295,119,18:00:21,2012-07-27
437670,133405,-48.5,1000295,119,17:51:30,2012-07-27
437675,133405,-49.5,1000295,119,17:51:29,2012-07-27
437680,133405,-50.0,1000295,119,17:51:28,2012-07-27
437685,133405,-54.5,1000295,119,17:51:27,2012-07-27
438825,133405,-76.5,1000295,119,16:22:57,2012-07-31
437325,133410,-53.0,1000295,119,17:46:18,2012-07-27
437590,133410,-45.0,1000295,119,18:00:34,2012-07-27
437645,133410,-54.0,1000295,119,18:00:19,2012-07-27
437655,133410,-54.0,1000295,119,18:00:18,2012-07-27
437660,133410,-50.666668,1000295,119,18:00:17,2012-07-27
438820,133410,-77.0,1000295,119,16:22:56,2012-07-31
437320,133415,-52.0,1000295,119,17:49:06,2012-07-27
437590,133415,-44.333332,1000295,119,18:00:35,2012-07-27
437310,133420,-52.333332,1000295,119,17:49:05,2012-07-27
437590,133420,-43.0,1000295,119,18:00:35,2012-07-27
437725,133420,-50.200001,1000295,119,17:34:51,2012-07-27
438820,133420,-75.5,1000295,119,16:22:56,2012-07-31
437310,133425,-52.25,1000295,119,17:46:20,2012-07-27
437590,133425,-43.0,1000295,119,18:00:36,2012-07-27
438810,133430,-74.25,1000295,119,16:22:54,2012-07-31
437300,133435,-53.75,1000295,119,17:49:03,2012-07-27
437305,133435,-52.0,1000295,119,17:46:22,2012-07-27
437590,133435,-43.42857,1000295,119,18:00:37,2012-07-27
437715,133435,-48.333332,1000295,119,17:34:52,2012-07-27
437300,133440,-51.799999,1000295,119,17:46:23,2012-07-27
437590,133440,-44.0,1000295,119,18:00:38,2012-07-27
438810,133440,-74.0,1000295,119,16:22:53,2012-07-31
437290,133445,-56.400002,1000295,119,17:49:02,2012-07-27
437285,133450,-58.0,1000295,119,17:49:01,2012-07-27
437290,133450,-51.5,1000295,119,17:46:24,2012-07-27
437595,133450,-44.0,1000295,119,18:00:39,2012-07-27
438805,133450,-73.333336,1000295,119,16:22:53,2012-07-31
437275,133460,-58.0,1000295,119,17:49:00,2012-07-27
437280,133460,-53.75,1000295,119,17:46:25,2012-07-27
437595,133460,-44.0,1000295,119,18:00:40,2012-07-27
438800,133460,-73.666664,1000295,119,16:22:51,2012-07-31
437600,133465,-43.599998,1000295,119,18:00:40,2012-07-27
437695,133465,-48.0,1000295,119,17:34:54,2012-07-27
437270,133470,-58.0,1000295,119,17:48:59,2012-07-27
437275,133470,-56.0,1000295,119,17:46:27,2012-07-27
438795,133470,-74.0,1000295,119,16:22:51,2012-07-31
437270,133475,-56.400002,1000295,119,17:46:27,2012-07-27
437605,133475,-43.333332,1000295,119,18:00:42,2012-07-27
437260,133480,-58.0,1000295,119,17:48:58,2012-07-27
437685,133480,-51.5,1000295,119,17:34:55,2012-07-27
438790,133480,-71.75,1000295,119,16:22:50,2012-07-31
437260,133485,-56.0,1000295,119,17:46:29,2012-07-27
437615,133485,-44.25,1000295,119,18:00:43,2012-07-27
437250,133490,-58.0,1000295,119,17:48:57,2012-07-27
437625,133490,-45.200001,1000295,119,18:00:44,2012-07-27
438790,133490,-71.0,1000295,119,16:22:49,2012-07-31
437250,133495,-54.400002,1000295,119,17:46:30,2012-07-27
438785,133495,-70.25,1000295,119,16:22:48,2012-07-31
437240,133500,-58.0,1000295,119,17:48:55,2012-07-27
437635,133500,-46.142857,1000295,119,18:00:45,2012-07-27
438785,133500,-70.0,1000295,119,16:22:48,2012-07-31
437240,133505,-55.5,1000295,119,17:46:31,2012-07-27
437645,133505,-47.0,1000295,119,18:00:46,2012-07-27
437650,133505,-48.0,1000295,119,18:00:47,2012-07-27
437670,133505,-53.0,1000295,119,17:34:56,2012-07-27
437235,133515,-57.0,1000295,119,17:46:32,2012-07-27
438780,133515,-70.0,1000295,119,16:22:47,2012-07-31
437225,133520,-57.400002,1000295,119,17:46:33,2012-07-27
437655,133520,-55.0,1000295,119,17:34:57,2012-07-27
438775,133520,-70.0,1000295,119,16:22:46,2012-07-31
437225,133525,-58.666668,1000295,119,17:46:34,2012-07-27
438775,133525,-70.0,1000295,119,16:22:46,2012-07-31
438775,133530,-71.5,1000295,119,16:22:46,2012-07-31
437210,133535,-60.0,1000295,119,17:46:35,2012-07-27
437645,133540,-57.285713,1000295,119,17:34:58,2012-07-27
437205,133545,-61.833332,1000295,119,17:46:37,2012-07-27
438770,133545,-73.800003,1000295,119,16:22:44,2012-07-31
437200,133550,-61.0,1000295,119,17:46:37,2012-07-27
437635,133555,-59.0,1000295,119,17:34:59,2012-07-27
437195,133560,-59.200001,1000295,119,17:46:39,2012-07-27
438765,133560,-75.0,1000295,119,16:22:44,2012-07-31
437185,133570,-57.25,1000295,119,17:46:40,2012-07-27
438760,133570,-77.25,1000295,119,16:22:43,2012-07-31
437180,133575,-55.666668,1000295,119,17:46:41,2012-07-27
438750,133580,-78.599998,1000295,119,16:22:41,2012-07-31
437175,133585,-53.666668,1000295,119,17:46:43,2012-07-27
437170,133590,-52.0,1000295,119,17:46:43,2012-07-27
438745,133595,-79.0,1000295,119,16:22:41,2012-07-31
437160,133600,-52.5,1000295,119,17:46:44,2012-07-27
438740,133605,-78.25,1000295,119,16:22:40,2012-07-31
437155,133610,-53.799999,1000295,119,17:46:46,2012-07-27
437150,133615,-56.333332,1000295,119,17:46:47,2012-07-27
438730,133620,-78.0,1000295,119,16:22:39,2012-07-31
438725,133630,-78.0,1000295,119,16:22:37,2012-07-31
438720,133640,-78.0,1000295,119,16:22:36,2012-07-31
438715,133645,-78.0,1000295,119,16:22:36,2012-07-31
438715,133655,-78.0,1000295,119,16:22:34,2012-07-31
439900,130145,-69.0,1000295,119,17:25:55,2012-07-27
439900,130150,-69.0,1000295,119,17:25:55,2012-07-27
439905,130155,-69.0,1000295,119,17:25:56,2012-07-27
439915,130165,-69.0,1000295,119,17:25:57,2012-07-27
439930,130165,-69.0,1000295,119,17:26:00,2012-07-27
439940,130170,-75.85714,1000295,119,17:26:01,2012-07-27
439950,130170,-81.0,1000295,119,17:26:02,2012-07-27
439965,130175,-81.0,1000295,119,17:26:03,2012-07-27
436360,132340,-64.0,1000295,119,14:28:54,2012-07-30
436350,132350,-63.57143,1000295,119,14:28:53,2012-07-30
436395,132350,-62.0,1000295,119,14:29:15,2012-07-30
436390,132355,-69.369568,1000295,119,14:29:35,2012-07-30
436395,132355,-71.619049,1000295,119,14:29:32,2012-07-30
436390,132360,-68.125,1000295,119,14:29:44,2012-07-30
436335,132365,-63.0,1000295,119,14:28:52,2012-07-30
436385,132365,-69.0,1000295,119,14:29:46,2012-07-30
436380,132370,-69.0,1000295,119,14:29:46,2012-07-30
436320,132375,-60.75,1000295,119,14:28:51,2012-07-30
436380,132375,-69.0,1000295,119,14:29:48,2012-07-30
436310,132380,-58.5,1000295,119,14:28:50,2012-07-30
436370,132380,-67.800003,1000295,119,14:29:49,2012-07-30
436375,132380,-69.0,1000295,119,14:29:48,2012-07-30
436300,132390,-56.200001,1000295,119,14:28:48,2012-07-30
436365,132390,-65.75,1000295,119,14:29:50,2012-07-30
436365,132395,-64.333336,1000295,119,14:29:52,2012-07-30
436270,132400,-55.0,1000295,119,14:28:46,2012-07-30
436360,132400,-61.0,1000295,119,14:29:53,2012-07-30
436260,132405,-54.25,1000295,119,14:28:46,2012-07-30
436355,132405,-61.0,1000295,119,14:29:53,2012-07-30
436350,132410,-61.200001,1000295,119,14:29:54,2012-07-30
436245,132415,-55.200001,1000295,119,14:28:44,2012-07-30
436345,132415,-62.0,1000295,119,14:29:55,2012-07-30
436230,132420,-56.0,1000295,119,14:28:43,2012-07-30
436340,132420,-62.666668,1000295,119,14:29:56,2012-07-30
436210,132425,-57.833332,1000295,119,14:28:41,2012-07-30
436220,132425,-56.833332,1000295,119,14:28:43,2012-07-30
436335,132425,-64.0,1000295,119,14:29:57,2012-07-30
436195,132430,-58.0,1000295,119,14:28:40,2012-07-30
436110,132435,-63.0,1000295,119,14:28:33,2012-07-30
436125,132435,-63.0,1000295,119,14:28:34,2012-07-30
436130,132435,-63.0,1000295,119,14:28:34,2012-07-30
436135,132435,-63.0,1000295,119,14:28:34,2012-07-30
436140,132435,-63.0,1000295,119,14:28:35,2012-07-30
436145,132435,-63.0,1000295,119,14:28:36,2012-07-30
436190,132435,-58.0,1000295,119,14:28:39,2012-07-30
436325,132435,-64.0,1000295,119,14:29:58,2012-07-30
436160,132440,-63.0,1000295,119,14:28:37,2012-07-30
436165,132440,-61.333332,1000295,119,14:28:38,2012-07-30
436315,132440,-64.0,1000295,119,14:30:00,2012-07-30
436310,132445,-63.42857,1000295,119,14:30:00,2012-07-30
436295,132455,-63.0,1000295,119,14:30:03,2012-07-30
436300,132455,-63.0,1000295,119,14:30:02,2012-07-30
436290,132460,-63.0,1000295,119,14:30:03,2012-07-30
436285,132465,-63.0,1000295,119,14:30:04,2012-07-30
436265,132470,-61.0,1000295,119,14:30:06,2012-07-30
436270,132470,-61.0,1000295,119,14:30:05,2012-07-30
436280,132470,-62.5,1000295,119,14:30:05,2012-07-30
436245,132475,-61.0,1000295,119,14:30:08,2012-07-30
436255,132475,-61.0,1000295,119,14:30:07,2012-07-30
436260,132475,-61.0,1000295,119,14:30:07,2012-07-30
436225,132480,-63.0,1000295,119,14:30:10,2012-07-30
436230,132480,-63.0,1000295,119,14:30:09,2012-07-30
436235,132480,-63.0,1000295,119,14:30:09,2012-07-30
436240,132480,-61.333332,1000295,119,14:30:09,2012-07-30
436185,132485,-61.5,1000295,119,14:30:15,2012-07-30
436195,132485,-62.0,1000295,119,14:30:14,2012-07-30
436200,132485,-63.333332,1000295,119,14:30:13,2012-07-30
436210,132485,-63.5,1000295,119,14:30:12,2012-07-30
436170,132490,-58.333332,1000295,119,14:30:17,2012-07-30
436175,132490,-59.200001,1000295,119,14:30:16,2012-07-30
436180,132490,-60.0,1000295,119,14:30:15,2012-07-30
438715,132490,-66.0,1000295,119,14:39:30,2012-07-30
436160,132495,-59.0,1000295,119,14:30:18,2012-07-30
436140,132500,-63.666668,1000295,119,14:30:20,2012-07-30
436150,132500,-60.599998,1000295,119,14:30:19,2012-07-30
436135,132505,-65.0,1000295,119,14:30:21,2012-07-30
436125,132510,-65.0,1000295,119,14:30:22,2012-07-30
436125,132515,-65.25,1000295,119,14:30:23,2012-07-30
438690,132515,-66.0,1000295,119,14:39:29,2012-07-30
436115,132520,-66.0,1000295,119,14:30:24,2012-07-30
436110,132525,-65.599998,1000295,119,14:30:26,2012-07-30
436095,132540,-62.166668,1000295,119,14:30:27,2012-07-30
436085,132550,-63.0,1000295,119,14:30:28,2012-07-30
436080,132555,-63.400002,1000295,119,14:30:29,2012-07-30
436070,132560,-64.0,1000295,119,14:30:29,2012-07-30
438640,132560,-63.81818,1000295,119,14:39:27,2012-07-30
436060,132570,-63.75,1000295,119,14:30:31,2012-07-30
436055,132575,-63.0,1000295,119,14:30:32,2012-07-30
436025,132580,-62.75,1000295,119,14:30:36,2012-07-30
436045,132580,-63.0,1000295,119,14:30:33,2012-07-30
438615,132580,-62.0,1000295,119,14:39:27,2012-07-30
435985,132585,-65.0,1000295,119,14:30:39,2012-07-30
435990,132585,-64.333336,1000295,119,14:30:39,2012-07-30
436000,132585,-63.0,1000295,119,14:30:38,2012-07-30
436005,132585,-62.25,1000295,119,14:30:37,2012-07-30
436020,132585,-62.0,1000295,119,14:30:36,2012-07-30
435950,132590,-65.5,1000295,119,14:30:43,2012-07-30
435960,132590,-65.0,1000295,119,14:30:42,2012-07-30
435970,132590,-65.0,1000295,119,14:30:41,2012-07-30
435925,132595,-67.0,1000295,119,14:30:45,2012-07-30
435930,132595,-67.0,1000295,119,14:30:44,2012-07-30
435940,132595,-67.0,1000295,119,14:30:43,2012-07-30
435910,132600,-66.0,1000295,119,14:30:46,2012-07-30
435915,132600,-66.75,1000295,119,14:30:46,2012-07-30
435890,132605,-67.0,1000295,119,14:30:48,2012-07-30
435900,132605,-66.25,1000295,119,14:30:47,2012-07-30
438590,132605,-60.5,1000295,119,14:39:26,2012-07-30
435880,132610,-66.0,1000295,119,14:30:49,2012-07-30
435885,132610,-66.666664,1000295,119,14:30:48,2012-07-30
435875,132620,-65.25,1000295,119,14:30:50,2012-07-30
435865,132625,-63.0,1000295,119,14:30:51,2012-07-30
435870,132625,-63.0,1000295,119,14:30:50,2012-07-30
438570,132625,-60.0,1000295,119,14:39:25,2012-07-30
435860,132635,-64.0,1000295,119,14:30:51,2012-07-30
435855,132640,-67.0,1000295,119,14:30:52,2012-07-30
435850,132645,-67.0,1000295,119,14:30:53,2012-07-30
438545,132645,-60.0,1000295,119,14:39:23,2012-07-30
435845,132650,-67.0,1000295,119,14:30:53,2012-07-30
435840,132655,-67.25,1000295,119,14:30:54,2012-07-30
435835,132665,-68.0,1000295,119,14:30:55,2012-07-30
435830,132670,-69.0,1000295,119,14:30:55,2012-07-30
438525,132670,-59.166668,1000295,119,14:39:22,2012-07-30
435825,132680,-72.0,1000295,119,14:30:56,2012-07-30
435820,132685,-72.5,1000295,119,14:30:57,2012-07-30
435815,132690,-74.0,1000295,119,14:30:58,2012-07-30
438500,132690,-58.25,1000295,119,14:39:22,2012-07-30
435810,132695,-73.5,1000295,119,14:30:58,2012-07-30
435790,132705,-71.0,1000295,119,14:31:01,2012-07-30
435795,132705,-71.599998,1000295,119,14:31:00,2012-07-30
435780,132710,-71.0,1000295,119,14:31:02,2012-07-30
435785,132710,-71.0,1000295,119,14:31:01,2012-07-30
438480,132710,-58.0,1000295,119,14:39:20,2012-07-30
435775,132715,-71.0,1000295,119,14:31:02,2012-07-30
435780,132715,-71.0,1000295,119,14:31:02,2012-07-30
438435,132750,-58.75,1000295,119,14:39:19,2012-07-30
438415,132770,-59.5,1000295,119,14:39:18,2012-07-30
438380,132805,-60.0,1000295,119,14:39:16,2012-07-30
438360,132825,-60.0,1000295,119,14:39:15,2012-07-30
438350,132835,-60.0,1000295,119,14:39:14,2012-07-30
438330,132850,-60.0,1000295,119,14:39:13,2012-07-30
437450,132860,-81.0,1000295,119,17:59:28,2012-07-27
437450,132865,-81.0,1000295,119,17:59:28,2012-07-27
438305,132875,-59.25,1000295,119,14:39:12,2012-07-30
438285,132890,-57.5,1000295,119,14:39:10,2012-07-30
438275,132895,-56.0,1000295,119,14:39:10,2012-07-30
437465,132905,-81.0,1000295,119,17:59:31,2012-07-27
437470,132910,-81.0,1000295,119,17:59:32,2012-07-27
438255,132910,-54.666668,1000295,119,14:39:09,2012-07-30
437480,132915,-81.0,1000295,119,17:59:32,2012-07-27
438240,132925,-53.5,1000295,119,14:39:08,2012-07-30
437490,132930,-81.0,1000295,119,17:59:34,2012-07-27
438215,132940,-51.799999,1000295,119,14:39:06,2012-07-30
438220,132940,-53.0,1000295,119,14:39:07,2012-07-30
437500,132950,-81.0,1000295,119,17:59:35,2012-07-27
437505,132955,-81.0,1000295,119,17:59:36,2012-07-27
438205,132955,-51.0,1000295,119,14:39:06,2012-07-30
437510,132965,-80.25,1000295,119,17:59:37,2012-07-27
438195,132965,-49.5,1000295,119,14:39:05,2012-07-30
437510,132970,-78.0,1000295,119,17:59:37,2012-07-27
438185,132975,-49.0,1000295,119,14:39:04,2012-07-30
437515,132980,-78.0,1000295,119,17:59:37,2012-07-27
438175,132985,-49.0,1000295,119,14:39:03,2012-07-30
437520,132990,-77.0,1000295,119,17:59:38,2012-07-27
437520,132995,-77.0,1000295,119,17:59:39,2012-07-27
437525,132995,-77.0,1000295,119,17:59:39,2012-07-27
437530,132995,-80.0,1000295,119,17:52:05,2012-07-27
438165,132995,-49.0,1000295,119,14:39:03,2012-07-30
437525,133005,-77.25,1000295,119,17:59:40,2012-07-27
437530,133005,-78.0,1000295,119,18:00:47,2012-07-27
437275,133010,-66.0,1000295,119,17:41:26,2012-07-27
437280,133010,-66.0,1000295,119,17:41:27,2012-07-27
437530,133010,-78.0,1000295,119,17:59:40,2012-07-27
437535,133010,-78.333336,1000295,119,17:52:04,2012-07-27
438155,133010,-50.5,1000295,119,14:39:02,2012-07-30
437280,133015,-66.0,1000295,119,17:41:28,2012-07-27
437540,133015,-78.0,1000295,119,17:52:03,2012-07-27
437280,133020,-66.285713,1000295,119,17:41:31,2012-07-27
437535,133020,-78.199997,1000295,119,17:59:41,2012-07-27
437540,133020,-78.0,1000295,119,17:52:03,2012-07-27
438145,133020,-51.0,1000295,119,14:39:01,2012-07-30
437280,133025,-68.5,1000295,119,17:41:33,2012-07-27
437545,133025,-76.666664,1000295,119,17:52:03,2012-07-27
437275,133030,-70.199997,1000295,119,17:41:34,2012-07-27
437540,133030,-79.0,1000295,119,17:59:42,2012-07-27
438135,133030,-50.333332,1000295,119,14:39:01,2012-07-30
437270,133035,-72.0,1000295,119,17:41:36,2012-07-27
437265,133040,-76.0,1000295,119,17:41:37,2012-07-27
437440,133040,-65.333336,1000295,119,17:44:06,2012-07-27
437450,133040,-65.800003,1000295,119,17:44:05,2012-07-27
437545,133040,-79.599998,1000295,119,17:59:42,2012-07-27
438125,133040,-50.0,1000295,119,14:39:00,2012-07-30
437255,133045,-77.5,1000295,119,17:41:39,2012-07-27
437260,133045,-76.0,1000295,119,17:41:38,2012-07-27
437435,133045,-66.555557,1000295,119,17:44:07,2012-07-27
437440,133045,-66.0,1000295,119,17:44:07,2012-07-27
437450,133045,-66.75,1000295,119,17:44:03,2012-07-27
437455,133045,-68.0,1000295,119,17:44:02,2012-07-27
437555,133045,-74.0,1000295,119,17:52:01,2012-07-27
437250,133050,-78.428574,1000295,119,17:41:41,2012-07-27
437460,133050,-69.0,1000295,119,17:44:01,2012-07-27
437550,133050,-82.0,1000295,119,17:59:43,2012-07-27
437560,133050,-73.0,1000295,119,17:52:01,2012-07-27
438115,133050,-50.0,1000295,119,14:38:59,2012-07-30
437250,133055,-76.800003,1000295,119,17:41:42,2012-07-27
437430,133055,-67.0,1000295,119,17:44:09,2012-07-27
437465,133055,-68.25,1000295,119,17:44:00,2012-07-27
437555,133055,-81.5,1000295,119,17:59:44,2012-07-27
437240,133060,-74.800003,1000295,119,17:41:43,2012-07-27
437245,133060,-76.0,1000295,119,17:41:43,2012-07-27
437425,133060,-68.0,1000295,119,17:44:10,2012-07-27
437470,133060,-68.0,1000295,119,17:43:59,2012-07-27
437560,133060,-72.25,1000295,119,17:52:00,2012-07-27
438105,133060,-50.0,1000295,119,14:38:58,2012-07-30
437235,133065,-73.199997,1000295,119,17:41:44,2012-07-27
437425,133065,-70.0,1000295,119,17:44:11,2012-07-27
437475,133065,-67.400002,1000295,119,17:43:58,2012-07-27
437560,133065,-80.0,1000295,119,17:59:44,2012-07-27
437230,133070,-74.0,1000295,119,17:41:46,2012-07-27
437420,133070,-70.0,1000295,119,17:44:12,2012-07-27
437480,133070,-67.0,1000295,119,17:43:57,2012-07-27
437570,133070,-72.0,1000295,119,17:51:59,2012-07-27
438100,133070,-50.75,1000295,119,14:38:58,2012-07-30
437230,133075,-74.666664,1000295,119,17:41:48,2012-07-27
437420,133075,-69.5,1000295,119,17:44:13,2012-07-27
437565,133075,-79.0,1000295,119,17:59:45,2012-07-27
437570,133075,-72.0,1000295,119,17:51:58,2012-07-27
437415,133080,-67.599998,1000295,119,17:44:15,2012-07-27
437485,133080,-67.0,1000295,119,17:43:55,2012-07-27
437575,133080,-72.0,1000295,119,17:51:58,2012-07-27
438090,133080,-51.0,1000295,119,14:38:57,2012-07-30
437225,133085,-76.0,1000295,119,17:41:49,2012-07-27
437415,133085,-65.599998,1000295,119,17:44:16,2012-07-27
437490,133085,-67.0,1000295,119,17:43:55,2012-07-27
437570,133085,-76.0,1000295,119,17:59:47,2012-07-27
437225,133090,-76.0,1000295,119,17:41:50,2012-07-27
437410,133090,-68.0,1000295,119,17:45:14,2012-07-27
437415,133090,-67.199997,1000295,119,17:45:15,2012-07-27
437420,133090,-63.200001,1000295,119,17:44:17,2012-07-27
437495,133090,-67.0,1000295,119,17:43:54,2012-07-27
437575,133090,-76.0,1000295,119,17:59:46,2012-07-27
438080,133090,-51.0,1000295,119,14:38:56,2012-07-30
437225,133095,-76.0,1000295,119,17:41:50,2012-07-27
437405,133095,-68.0,1000295,119,17:45:13,2012-07-27
437410,133095,-68.0,1000295,119,17:45:14,2012-07-27
437420,133095,-65.599998,1000295,119,17:45:17,2012-07-27
437425,133095,-64.800003,1000295,119,17:45:18,2012-07-27
437575,133095,-76.0,1000295,119,17:59:47,2012-07-27
437580,133095,-72.0,1000295,119,17:51:57,2012-07-27
438070,133095,-51.0,1000295,119,14:38:56,2012-07-30
437400,133100,-67.0,1000295,119,17:45:12,2012-07-27
437405,133100,-67.199997,1000295,119,17:45:12,2012-07-27
437425,133100,-63.42857,1000295,119,17:44:18,2012-07-27
437500,133100,-66.333336,1000295,119,17:43:53,2012-07-27
437220,133105,-75.75,1000295,119,17:41:52,2012-07-27
437400,133105,-65.800003,1000295,119,17:45:11,2012-07-27
437430,133105,-63.25,1000295,119,17:45:19,2012-07-27
437435,133105,-61.0,1000295,119,17:45:20,2012-07-27
437505,133105,-65.25,1000295,119,17:43:52,2012-07-27
437580,133105,-74.0,1000295,119,17:59:48,2012-07-27
438065,133105,-51.599998,1000295,119,14:38:55,2012-07-30
437220,133110,-75.0,1000295,119,17:41:53,2012-07-27
437395,133110,-65.0,1000295,119,17:45:10,2012-07-27
437435,133110,-60.0,1000295,119,17:44:19,2012-07-27
437590,133110,-70.5,1000295,119,17:51:56,2012-07-27
437220,133115,-73.85714,1000295,119,17:41:53,2012-07-27
437390,133115,-63.200001,1000295,119,17:45:10,2012-07-27
437440,133115,-60.0,1000295,119,17:44:20,2012-07-27
437515,133115,-65.5,1000295,119,17:43:50,2012-07-27
438055,133115,-52.0,1000295,119,14:38:54,2012-07-30
437215,133120,-73.0,1000295,119,17:41:54,2012-07-27
437385,133120,-62.0,1000295,119,17:45:09,2012-07-27
437445,133120,-60.75,1000295,119,17:45:22,2012-07-27
437520,133120,-64.666664,1000295,119,17:43:49,2012-07-27
437585,133120,-71.5,1000295,119,17:59:49,2012-07-27
438050,133120,-52.0,1000295,119,14:38:54,2012-07-30
437210,133125,-73.0,1000295,119,17:41:55,2012-07-27
437385,133125,-62.0,1000295,119,17:45:09,2012-07-27
437445,133125,-58.0,1000295,119,17:44:21,2012-07-27
437450,133125,-60.0,1000295,119,17:45:23,2012-07-27
437525,133125,-62.0,1000295,119,17:43:48,2012-07-27
438045,133125,-53.5,1000295,119,14:38:54,2012-07-30
437205,133130,-73.0,1000295,119,17:41:56,2012-07-27
437375,133130,-58.0,1000295,119,17:45:08,2012-07-27
437450,133130,-60.0,1000295,119,17:45:24,2012-07-27
437370,133135,-56.0,1000295,119,17:45:07,2012-07-27
437455,133135,-60.0,1000295,119,17:45:24,2012-07-27
437530,133135,-60.400002,1000295,119,17:43:46,2012-07-27
437590,133135,-68.888885,1000295,119,17:59:51,2012-07-27
437600,133135,-67.599998,1000295,119,17:51:54,2012-07-27
438035,133135,-54.0,1000295,119,14:38:53,2012-07-30
437460,133140,-58.900002,1000295,119,17:44:23,2012-07-27
437535,133140,-58.5,1000295,119,17:43:45,2012-07-27
438030,133140,-57.0,1000295,119,14:38:52,2012-07-30
437370,133145,-53.200001,1000295,119,17:45:05,2012-07-27
437460,133145,-61.0,1000295,119,17:45:26,2012-07-27
437465,133145,-60.333332,1000295,119,17:45:26,2012-07-27
437535,133145,-57.0,1000295,119,17:43:44,2012-07-27
437610,133145,-66.0,1000295,119,17:51:53,2012-07-27
437670,133145,-64.0,1000295,119,17:50:14,2012-07-27
437370,133150,-51.400002,1000295,119,17:45:04,2012-07-27
437465,133150,-58.75,1000295,119,17:44:24,2012-07-27
437540,133150,-55.5,1000295,119,17:43:43,2012-07-27
437615,133150,-65.25,1000295,119,17:51:53,2012-07-27
437670,133150,-65.26667,1000295,119,17:50:14,2012-07-27
438020,133150,-58.0,1000295,119,14:38:51,2012-07-30
437470,133155,-61.0,1000295,119,17:44:25,2012-07-27
437475,133155,-59.0,1000295,119,17:45:28,2012-07-27
437540,133155,-55.0,1000295,119,17:43:43,2012-07-27
437600,133155,-68.0,1000295,119,17:59:51,2012-07-27
437670,133155,-66.0,1000295,119,17:50:10,2012-07-27
437280,133160,-68.75,1000295,119,17:39:31,2012-07-27
437375,133160,-51.599998,1000295,119,17:45:03,2012-07-27
437535,133160,-54.0,1000295,119,17:43:41,2012-07-27
437540,133160,-54.25,1000295,119,17:43:42,2012-07-27
437605,133160,-68.25,1000295,119,17:59:52,2012-07-27
437670,133160,-65.199997,1000295,119,17:50:09,2012-07-27
437275,133165,-68.0,1000295,119,17:39:30,2012-07-27
437380,133165,-52.0,1000295,119,17:45:02,2012-07-27
437480,133165,-59.0,1000295,119,17:45:29,2012-07-27
437535,133165,-56.25,1000295,119,17:43:41,2012-07-27
437625,133165,-65.0,1000295,119,17:51:51,2012-07-27
437670,133165,-64.0,1000295,119,17:50:08,2012-07-27
438010,133165,-61.0,1000295,119,14:38:51,2012-07-30
437270,133170,-66.5,1000295,119,17:39:29,2012-07-27
437275,133170,-68.0,1000295,119,17:39:29,2012-07-27
437385,133170,-52.0,1000295,119,17:45:00,2012-07-27
437485,133170,-61.333332,1000295,119,17:44:27,2012-07-27
437530,133170,-57.0,1000295,119,17:43:40,2012-07-27
438000,133170,-62.0,1000295,119,14:38:50,2012-07-30
437270,133175,-66.0,1000295,119,17:39:29,2012-07-27
437390,133175,-52.75,1000295,119,17:45:00,2012-07-27
437485,133175,-59.799999,1000295,119,17:45:31,2012-07-27
437525,133175,-60.0,1000295,119,17:43:39,2012-07-27
437530,133175,-59.400002,1000295,119,17:43:39,2012-07-27
437615,133175,-68.199997,1000295,119,17:59:54,2012-07-27
437670,133175,-62.400002,1000295,119,17:50:07,2012-07-27
437865,133175,-55.142857,1000295,119,14:38:38,2012-07-30
437875,133175,-55.625,1000295,119,14:38:39,2012-07-30
437895,133175,-55.285713,1000295,119,14:38:40,2012-07-30
437265,133180,-66.0,1000295,119,17:39:28,2012-07-27
437490,133180,-60.5,1000295,119,17:45:32,2012-07-27
437495,133180,-61.0,1000295,119,17:45:32,2012-07-27
437520,133180,-63.0,1000295,119,17:43:38,2012-07-27
437630,133180,-64.400002,1000295,119,17:51:50,2012-07-27
437850,133180,-54.0,1000295,119,14:38:37,2012-07-30
437905,133180,-57.200001,1000295,119,14:38:42,2012-07-30
437990,133180,-62.0,1000295,119,14:38:49,2012-07-30
437265,133185,-66.75,1000295,119,17:39:28,2012-07-27
437395,133185,-53.0,1000295,119,17:44:58,2012-07-27
437490,133185,-62.0,1000295,119,17:44:29,2012-07-27
437495,133185,-60.0,1000295,119,17:45:34,2012-07-27
437515,133185,-64.0,1000295,119,17:43:37,2012-07-27
437520,133185,-64.0,1000295,119,17:43:37,2012-07-27
437670,133185,-61.0,1000295,119,17:50:06,2012-07-27
437920,133185,-58.0,1000295,119,14:38:43,2012-07-30
437980,133185,-62.75,1000295,119,14:38:48,2012-07-30
437260,133190,-67.0,1000295,119,17:39:27,2012-07-27
437495,133190,-62.25,1000295,119,17:44:30,2012-07-27
437500,133190,-62.090908,1000295,119,17:45:34,2012-07-27
437515,133190,-66.0,1000295,119,17:43:36,2012-07-27
437930,133190,-59.200001,1000295,119,14:38:44,2012-07-30
437945,133190,-61.5,1000295,119,14:38:45,2012-07-30
437955,133190,-63.0,1000295,119,14:38:46,2012-07-30
437970,133190,-63.0,1000295,119,14:38:46,2012-07-30
437255,133195,-67.75,1000295,119,17:39:26,2012-07-27
437400,133195,-52.333332,1000295,119,17:44:57,2012-07-27
437500,133195,-63.333332,1000295,119,17:44:32,2012-07-27
437505,133195,-65.25,1000295,119,17:45:36,2012-07-27
437835,133195,-53.200001,1000295,119,14:38:36,2012-07-30
437255,133200,-68.0,1000295,119,17:39:26,2012-07-27
437405,133200,-52.599998,1000295,119,17:44:55,2012-07-27
437500,133200,-65.0,1000295,119,17:44:34,2012-07-27
437505,133200,-68.07692,1000295,119,17:43:35,2012-07-27
437635,133200,-64.0,1000295,119,17:51:49,2012-07-27
437675,133200,-60.25,1000295,119,17:50:05,2012-07-27
437410,133205,-53.0,1000295,119,17:44:55,2012-07-27
437495,133205,-64.666664,1000295,119,17:43:34,2012-07-27
437500,133205,-66.444443,1000295,119,17:44:34,2012-07-27
438980,133205,-83.0,1000295,119,16:25:15,2012-07-31
437250,133210,-65.0,1000295,119,17:39:25,2012-07-27
437415,133210,-53.666668,1000295,119,17:44:54,2012-07-27
437495,133210,-64.0,1000295,119,17:44:36,2012-07-27
437635,133210,-62.875,1000295,119,17:59:56,2012-07-27
437825,133210,-53.0,1000295,119,14:38:34,2012-07-30
438900,133210,-77.5,1000295,119,16:25:11,2012-07-31
438910,133210,-80.0,1000295,119,16:25:12,2012-07-31
438930,133210,-80.0,1000295,119,18:02:01,2012-07-27
438940,133210,-83.0,1000295,119,18:02:01,2012-07-27
438950,133210,-83.0,1000295,119,18:02:02,2012-07-27
438970,133210,-83.0,1000295,119,18:02:03,2012-07-27
438975,133210,-83.0,1000295,119,18:02:04,2012-07-27
438995,133210,-83.0,1000295,119,18:02:05,2012-07-27
439000,133210,-83.0,1000295,119,18:02:05,2012-07-27
439005,133210,-83.0,1000295,119,18:02:05,2012-07-27
439010,133210,-83.0,1000295,119,18:02:06,2012-07-27
439015,133210,-83.0,1000295,119,18:02:06,2012-07-27
439020,133210,-83.0,1000295,119,18:02:06,2012-07-27
437420,133215,-56.25,1000295,119,17:44:53,2012-07-27
437490,133215,-60.0,1000295,119,17:43:32,2012-07-27
437495,133215,-64.0,1000295,119,17:44:36,2012-07-27
437675,133215,-58.5,1000295,119,17:50:04,2012-07-27
438790,133215,-66.75,1000295,119,16:25:06,2012-07-31
438810,133215,-66.0,1000295,119,16:25:07,2012-07-31
438825,133215,-68.25,1000295,119,18:01:55,2012-07-27
438835,133215,-69.0,1000295,119,16:25:08,2012-07-31
438845,133215,-72.800003,1000295,119,16:25:09,2012-07-31
438855,133215,-72.599998,1000295,119,18:01:56,2012-07-27
438865,133215,-75.400002,1000295,119,18:01:57,2012-07-27
438900,133215,-77.0,1000295,119,18:01:58,2012-07-27
438910,133215,-77.5,1000295,119,18:01:59,2012-07-27
438920,133215,-79.0,1000295,119,18:02:00,2012-07-27
437245,133220,-63.25,1000295,119,17:39:24,2012-07-27
437490,133220,-65.0,1000295,119,17:44:37,2012-07-27
437635,133220,-64.0,1000295,119,17:51:47,2012-07-27
437820,133220,-53.799999,1000295,119,14:38:34,2012-07-30
438700,133220,-63.0,1000295,119,16:25:02,2012-07-31
438710,133220,-63.0,1000295,119,16:25:03,2012-07-31
438720,133220,-63.0,1000295,119,16:25:03,2012-07-31
438725,133220,-63.0,1000295,119,18:01:50,2012-07-27
438725,133220,-68.0,1000295,119,16:23:45,2012-07-31
438735,133220,-64.833336,1000295,119,16:25:04,2012-07-31
438740,133220,-68.0,1000295,119,16:23:44,2012-07-31
438745,133220,-68.0,1000295,119,16:23:43,2012-07-31
438750,133220,-64.0,1000295,119,16:25:04,2012-07-31
438755,133220,-64.0,1000295,119,16:25:05,2012-07-31
438760,133220,-68.0,1000295,119,16:23:43,2012-07-31
438775,133220,-65.199997,1000295,119,16:25:05,2012-07-31
438780,133220,-63.25,1000295,119,18:01:52,2012-07-27
438790,133220,-64.0,1000295,119,18:01:53,2012-07-27
438815,133220,-65.199997,1000295,119,18:01:54,2012-07-27
437425,133225,-57.0,1000295,119,17:44:52,2012-07-27
437480,133225,-57.0,1000295,119,17:43:31,2012-07-27
437485,133225,-65.0,1000295,119,17:44:39,2012-07-27
437645,133225,-62.0,1000295,119,17:59:57,2012-07-27
437680,133225,-58.0,1000295,119,17:50:03,2012-07-27
438580,133225,-66.0,1000295,119,16:24:57,2012-07-31
438595,133225,-64.0,1000295,119,16:24:58,2012-07-31
438615,133225,-64.25,1000295,119,16:24:58,2012-07-31
438620,133225,-65.5,1000295,119,16:23:51,2012-07-31
438625,133225,-65.0,1000295,119,16:24:59,2012-07-31
438630,133225,-69.5,1000295,119,18:01:47,2012-07-27
438630,133225,-65.0,1000295,119,16:23:50,2012-07-31
438635,133225,-65.0,1000295,119,16:23:50,2012-07-31
438640,133225,-66.5,1000295,119,16:23:49,2012-07-31
438645,133225,-65.0,1000295,119,16:25:00,2012-07-31
438650,133225,-64.666664,1000295,119,16:25:00,2012-07-31
438655,133225,-67.0,1000295,119,16:23:48,2012-07-31
438660,133225,-65.5,1000295,119,16:25:00,2012-07-31
438665,133225,-67.199997,1000295,119,18:01:48,2012-07-27
438670,133225,-67.0,1000295,119,16:25:01,2012-07-31
438675,133225,-64.0,1000295,119,18:01:49,2012-07-27
438685,133225,-64.599998,1000295,119,16:25:01,2012-07-31
438700,133225,-63.666668,1000295,119,18:01:50,2012-07-27
438700,133225,-68.0,1000295,119,16:23:46,2012-07-31
437430,133230,-58.599998,1000295,119,17:44:51,2012-07-27
437635,133230,-64.0,1000295,119,17:51:46,2012-07-27
437820,133230,-52.0,1000295,119,14:38:32,2012-07-30
438505,133230,-69.0,1000295,119,16:24:54,2012-07-31
438525,133230,-73.400002,1000295,119,18:01:42,2012-07-27
438525,133230,-65.0,1000295,119,16:23:55,2012-07-31
438530,133230,-61.0,1000295,119,16:23:55,2012-07-31
438535,133230,-61.0,1000295,119,16:23:55,2012-07-31
438540,133230,-64.75,1000295,119,16:23:55,2012-07-31
438550,133230,-75.0,1000295,119,18:01:43,2012-07-27
438570,133230,-63.666668,1000295,119,16:23:53,2012-07-31
438575,133230,-75.0,1000295,119,18:01:44,2012-07-27
438575,133230,-65.0,1000295,119,16:23:53,2012-07-31
438595,133230,-66.333336,1000295,119,16:23:52,2012-07-31
438615,133230,-67.0,1000295,119,16:23:51,2012-07-31
437240,133235,-62.0,1000295,119,17:39:22,2012-07-27
437435,133235,-58.25,1000295,119,17:44:50,2012-07-27
437470,133235,-62.0,1000295,119,17:43:30,2012-07-27
437680,133235,-55.599998,1000295,119,17:50:02,2012-07-27
438410,133235,-69.75,1000295,119,16:24:50,2012-07-31
438430,133235,-67.0,1000295,119,18:01:38,2012-07-27
438440,133235,-71.25,1000295,119,16:24:51,2012-07-31
438450,133235,-69.0,1000295,119,16:24:52,2012-07-31
438455,133235,-59.200001,1000295,119,16:24:00,2012-07-31
438460,133235,-69.0,1000295,119,16:24:52,2012-07-31
438470,133235,-72.0,1000295,119,18:01:39,2012-07-27
438475,133235,-61.727272,1000295,119,16:23:59,2012-07-31
438490,133235,-72.0,1000295,119,18:01:40,2012-07-27
438495,133235,-60.333332,1000295,119,16:23:58,2012-07-31
438505,133235,-72.25,1000295,119,18:01:41,2012-07-27
438510,133235,-61.0,1000295,119,16:23:56,2012-07-31
438520,133235,-61.0,1000295,119,16:23:56,2012-07-31
438525,133235,-61.0,1000295,119,16:23:56,2012-07-31
437440,133240,-56.799999,1000295,119,17:44:48,2012-07-27
437465,133240,-65.75,1000295,119,17:44:41,2012-07-27
437470,133240,-55.0,1000295,119,17:43:29,2012-07-27
437645,133240,-61.599998,1000295,119,17:59:58,2012-07-27
437820,133240,-51.0,1000295,119,14:38:31,2012-07-30
438315,133240,-64.666664,1000295,119,16:24:46,2012-07-31
438320,133240,-66.0,1000295,119,16:24:46,2012-07-31
438325,133240,-66.0,1000295,119,16:24:46,2012-07-31
438330,133240,-66.0,1000295,119,16:24:47,2012-07-31
438335,133240,-64.800003,1000295,119,18:01:34,2012-07-27
438345,133240,-65.599998,1000295,119,16:24:47,2012-07-31
438355,133240,-65.0,1000295,119,16:24:48,2012-07-31
438360,133240,-65.75,1000295,119,18:01:35,2012-07-27
438370,133240,-66.333336,1000295,119,16:24:48,2012-07-31
438380,133240,-61.799999,1000295,119,16:24:03,2012-07-31
438385,133240,-65.0,1000295,119,18:01:36,2012-07-27
438385,133240,-69.0,1000295,119,16:24:49,2012-07-31
438410,133240,-65.714287,1000295,119,18:01:37,2012-07-27
438410,133240,-61.0,1000295,119,16:24:02,2012-07-31
438415,133240,-60.0,1000295,119,17:34:10,2012-07-27
438435,133240,-60.142857,1000295,119,16:24:01,2012-07-31
438450,133240,-60.0,1000295,119,17:34:09,2012-07-27
437235,133245,-61.0,1000295,119,17:39:21,2012-07-27
437445,133245,-56.0,1000295,119,17:44:48,2012-07-27
437460,133245,-61.5,1000295,119,17:44:43,2012-07-27
437630,133245,-63.200001,1000295,119,17:51:45,2012-07-27
438220,133245,-56.400002,1000295,119,18:01:29,2012-07-27
438225,133245,-56.0,1000295,119,16:24:41,2012-07-31
438235,133245,-56.5,1000295,119,16:24:41,2012-07-31
438240,133245,-58.0,1000295,119,18:01:30,2012-07-27
438250,133245,-58.0,1000295,119,16:24:42,2012-07-31
438260,133245,-58.5,1000295,119,16:24:43,2012-07-31
438265,133245,-58.799999,1000295,119,18:01:31,2012-07-27
438270,133245,-60.0,1000295,119,16:24:43,2012-07-31
438285,133245,-61.333332,1000295,119,16:24:44,2012-07-31
438300,133245,-61.599998,1000295,119,18:01:32,2012-07-27
438305,133245,-64.0,1000295,119,16:24:08,2012-07-31
438315,133245,-63.0,1000295,119,17:34:14,2012-07-27
438320,133245,-66.5,1000295,119,16:24:07,2012-07-31
438340,133245,-64.0,1000295,119,16:24:05,2012-07-31
438350,133245,-60.0,1000295,119,17:34:13,2012-07-27
438360,133245,-63.0,1000295,119,16:24:05,2012-07-31
438395,133245,-60.0,1000295,119,17:34:11,2012-07-27
437130,133250,-69.0,1000295,119,17:42:23,2012-07-27
437230,133250,-60.25,1000295,119,17:39:21,2012-07-27
437450,133250,-59.200001,1000295,119,17:44:47,2012-07-27
437455,133250,-59.25,1000295,119,17:44:46,2012-07-27
437460,133250,-55.0,1000295,119,17:43:28,2012-07-27
437685,133250,-57.25,1000295,119,17:50:01,2012-07-27
438120,133250,-57.200001,1000295,119,18:01:24,2012-07-27
438130,133250,-56.0,1000295,119,18:01:25,2012-07-27
438145,133250,-55.5,1000295,119,18:01:25,2012-07-27
438150,133250,-55.0,1000295,119,16:24:34,2012-07-31
438160,133250,-54.0,1000295,119,18:01:26,2012-07-27
438160,133250,-55.0,1000295,119,16:24:36,2012-07-31
438165,133250,-54.0,1000295,119,18:01:26,2012-07-27
438175,133250,-55.0,1000295,119,16:24:37,2012-07-31
438180,133250,-54.0,1000295,119,18:01:27,2012-07-27
438185,133250,-55.0,1000295,119,16:24:38,2012-07-31
438190,133250,-54.75,1000295,119,16:24:39,2012-07-31
438195,133250,-55.0,1000295,119,18:01:28,2012-07-27
438200,133250,-55.799999,1000295,119,16:24:15,2012-07-31
438210,133250,-54.0,1000295,119,18:00:47,2012-07-27
438210,133250,-54.5,1000295,119,16:24:40,2012-07-31
438220,133250,-59.0,1000295,119,17:34:19,2012-07-27
438220,133250,-61.599998,1000295,119,16:24:13,2012-07-31
438235,133250,-60.333332,1000295,119,17:34:19,2012-07-27
438245,133250,-63.0,1000295,119,16:24:11,2012-07-31
438250,133250,-61.0,1000295,119,17:34:18,2012-07-27
438260,133250,-61.75,1000295,119,17:34:17,2012-07-27
438260,133250,-63.666668,1000295,119,16:24:10,2012-07-31
438275,133250,-62.0,1000295,119,17:34:16,2012-07-27
438275,133250,-64.0,1000295,119,16:24:09,2012-07-31
438280,133250,-62.0,1000295,119,17:34:16,2012-07-27
438285,133250,-65.0,1000295,119,17:34:16,2012-07-27
437820,133255,-51.0,1000295,119,14:38:30,2012-07-30
438000,133255,-50.0,1000295,119,18:01:18,2012-07-27
438010,133255,-50.75,1000295,119,18:01:18,2012-07-27
438020,133255,-53.0,1000295,119,18:01:19,2012-07-27
438035,133255,-53.75,1000295,119,18:01:20,2012-07-27
438050,133255,-56.0,1000295,119,18:01:21,2012-07-27
438065,133255,-56.25,1000295,119,18:01:21,2012-07-27
438080,133255,-57.0,1000295,119,18:01:22,2012-07-27
438090,133255,-57.25,1000295,119,18:01:23,2012-07-27
438105,133255,-58.0,1000295,119,18:01:23,2012-07-27
438130,133255,-49.25,1000295,119,17:34:24,2012-07-27
438140,133255,-54.333332,1000295,119,16:24:33,2012-07-31
438150,133255,-50.799999,1000295,119,16:24:17,2012-07-31
438155,133255,-51.333332,1000295,119,17:34:23,2012-07-27
438160,133255,-53.799999,1000295,119,16:24:16,2012-07-31
438185,133255,-54.0,1000295,119,17:34:21,2012-07-27
438185,133255,-55.0,1000295,119,16:24:15,2012-07-31
437230,133260,-60.599998,1000295,119,17:39:19,2012-07-27
437450,133260,-54.666668,1000295,119,17:43:26,2012-07-27
437630,133260,-63.599998,1000295,119,17:51:44,2012-07-27
437645,133260,-60.5,1000295,119,17:59:59,2012-07-27
437685,133260,-60.25,1000295,119,17:50:00,2012-07-27
437935,133260,-48.0,1000295,119,18:01:14,2012-07-27
437960,133260,-48.0,1000295,119,18:01:16,2012-07-27
437985,133260,-48.5,1000295,119,18:01:17,2012-07-27
438040,133260,-45.0,1000295,119,17:34:30,2012-07-27
438050,133260,-45.0,1000295,119,17:34:29,2012-07-27
438060,133260,-44.25,1000295,119,17:34:28,2012-07-27
438080,133260,-44.666668,1000295,119,17:34:27,2012-07-27
438090,133260,-45.0,1000295,119,17:34:26,2012-07-27
438110,133260,-46.5,1000295,119,17:34:26,2012-07-27
438120,133260,-47.0,1000295,119,17:34:25,2012-07-27
438125,133260,-45.599998,1000295,119,16:24:21,2012-07-31
438130,133260,-47.833332,1000295,119,16:24:20,2012-07-31
438135,133260,-51.642857,1000295,119,16:24:19,2012-07-31
437225,133265,-61.0,1000295,119,17:39:19,2012-07-27
437640,133265,-59.0,1000295,119,18:00:00,2012-07-27
437825,133265,-50.166668,1000295,119,14:38:29,2012-07-30
437900,133265,-49.599998,1000295,119,18:01:13,2012-07-27
437920,133265,-48.0,1000295,119,18:01:13,2012-07-27
437955,133265,-46.0,1000295,119,17:34:35,2012-07-27
437965,133265,-45.25,1000295,119,17:34:34,2012-07-27
437980,133265,-45.0,1000295,119,17:34:33,2012-07-27
437990,133265,-45.0,1000295,119,17:34:33,2012-07-27
438000,133265,-45.0,1000295,119,17:34:32,2012-07-27
438010,133265,-45.0,1000295,119,17:34:31,2012-07-27
438025,133265,-45.0,1000295,119,17:34:31,2012-07-27
438135,133265,-53.227272,1000295,119,16:24:27,2012-07-31
437130,133270,-69.0,1000295,119,17:42:24,2012-07-27
437435,133270,-57.0,1000295,119,17:43:24,2012-07-27
437440,133270,-56.25,1000295,119,17:43:25,2012-07-27
437685,133270,-62.200001,1000295,119,17:49:58,2012-07-27
437915,133270,-44.0,1000295,119,17:34:37,2012-07-27
437920,133270,-44.0,1000295,119,17:34:37,2012-07-27
437925,133270,-44.75,1000295,119,17:34:37,2012-07-27
437935,133270,-45.0,1000295,119,17:34:36,2012-07-27
437945,133270,-45.75,1000295,119,17:34:35,2012-07-27
437225,133275,-61.0,1000295,119,17:39:17,2012-07-27
437430,133275,-57.75,1000295,119,17:43:24,2012-07-27
437630,133275,-64.0,1000295,119,17:51:44,2012-07-27
437825,133275,-49.25,1000295,119,14:38:27,2012-07-30
437875,133275,-50.75,1000295,119,18:01:11,2012-07-27
437895,133275,-43.0,1000295,119,17:34:39,2012-07-27
437900,133275,-43.75,1000295,119,17:34:38,2012-07-27
437905,133275,-44.0,1000295,119,17:34:38,2012-07-27
437910,133275,-44.0,1000295,119,17:34:38,2012-07-27
437130,133280,-69.0,1000295,119,17:42:26,2012-07-27
437220,133280,-59.5,1000295,119,17:39:17,2012-07-27
437640,133280,-59.799999,1000295,119,18:00:01,2012-07-27
437860,133280,-51.599998,1000295,119,18:01:10,2012-07-27
437880,133280,-42.666668,1000295,119,17:34:40,2012-07-27
437885,133280,-43.0,1000295,119,17:34:39,2012-07-27
437890,133280,-43.0,1000295,119,17:34:39,2012-07-27
437130,133285,-69.0,1000295,119,17:42:26,2012-07-27
437215,133285,-59.0,1000295,119,17:39:16,2012-07-27
437635,133285,-66.400002,1000295,119,17:51:43,2012-07-27
437640,133285,-61.0,1000295,119,18:00:02,2012-07-27
437825,133285,-50.5,1000295,119,14:38:27,2012-07-30
437870,133285,-42.0,1000295,119,17:34:40,2012-07-27
437210,133290,-58.25,1000295,119,17:39:15,2012-07-27
437420,133290,-56.799999,1000295,119,17:43:22,2012-07-27
437425,133290,-55.0,1000295,119,17:45:58,2012-07-27
437845,133290,-52.0,1000295,119,18:01:09,2012-07-27
437130,133295,-69.0,1000295,119,17:42:27,2012-07-27
437210,133295,-56.5,1000295,119,17:39:14,2012-07-27
437640,133295,-67.0,1000295,119,17:51:41,2012-07-27
437690,133295,-63.75,1000295,119,17:49:57,2012-07-27
437820,133295,-51.0,1000295,119,14:38:25,2012-07-30
437830,133295,-52.833332,1000295,119,18:01:08,2012-07-27
437855,133295,-41.25,1000295,119,17:34:41,2012-07-27
437130,133300,-64.0,1000295,119,17:42:29,2012-07-27
437200,133300,-56.0,1000295,119,17:39:11,2012-07-27
437415,133300,-55.0,1000295,119,17:45:59,2012-07-27
437640,133300,-61.0,1000295,119,18:00:03,2012-07-27
437840,133300,-39.0,1000295,119,17:34:42,2012-07-27
437185,133305,-56.0,1000295,119,17:39:08,2012-07-27
437190,133305,-56.0,1000295,119,17:39:09,2012-07-27
437195,133305,-56.0,1000295,119,17:39:11,2012-07-27
437410,133305,-56.0,1000295,119,17:43:20,2012-07-27
437815,133305,-51.0,1000295,119,14:38:25,2012-07-30
437830,133305,-39.0,1000295,119,17:34:43,2012-07-27
437410,133310,-55.0,1000295,119,17:46:00,2012-07-27
437645,133310,-67.0,1000295,119,17:51:40,2012-07-27
437695,133310,-65.5,1000295,119,17:49:56,2012-07-27
437810,133310,-52.285713,1000295,119,18:01:06,2012-07-27
437820,133310,-39.0,1000295,119,17:34:43,2012-07-27
437825,133310,-39.0,1000295,119,17:34:43,2012-07-27
437400,133315,-56.0,1000295,119,17:43:19,2012-07-27
437805,133315,-49.400002,1000295,119,14:38:23,2012-07-30
437815,133315,-40.0,1000295,119,17:34:44,2012-07-27
438870,133315,-80.0,1000295,119,16:23:04,2012-07-31
437395,133320,-56.0,1000295,119,17:43:19,2012-07-27
437400,133320,-55.0,1000295,119,17:46:01,2012-07-27
437650,133320,-61.666668,1000295,119,18:00:47,2012-07-27
437700,133320,-62.25,1000295,119,17:49:54,2012-07-27
437795,133320,-49.0,1000295,119,14:38:22,2012-07-30
437800,133320,-52.0,1000295,119,18:01:06,2012-07-27
437810,133320,-39.25,1000295,119,17:34:44,2012-07-27
438870,133320,-80.0,1000295,119,16:23:04,2012-07-31
437700,133325,-61.0,1000295,119,17:49:53,2012-07-27
438865,133325,-79.25,1000295,119,16:23:04,2012-07-31
437390,133330,-53.833332,1000295,119,17:43:17,2012-07-27
437655,133330,-64.75,1000295,119,17:51:39,2012-07-27
437785,133330,-52.0,1000295,119,18:01:04,2012-07-27
437785,133330,-49.0,1000295,119,14:38:21,2012-07-30
438865,133330,-79.0,1000295,119,16:23:04,2012-07-31
437385,133335,-53.0,1000295,119,17:43:17,2012-07-27
437705,133335,-60.200001,1000295,119,17:49:52,2012-07-27
437790,133335,-42.0,1000295,119,17:34:45,2012-07-27
438860,133335,-78.0,1000295,119,16:23:03,2012-07-31
437375,133340,-49.799999,1000295,119,17:43:15,2012-07-27
437710,133340,-58.5,1000295,119,17:49:51,2012-07-27
438855,133340,-77.0,1000295,119,16:23:02,2012-07-31
437380,133345,-51.799999,1000295,119,17:46:05,2012-07-27
437655,133345,-62.0,1000295,119,17:51:37,2012-07-27
437775,133345,-49.0,1000295,119,14:38:20,2012-07-30
437780,133345,-44.666668,1000295,119,17:34:47,2012-07-27
438855,133345,-77.0,1000295,119,16:23:02,2012-07-31
437370,133350,-49.0,1000295,119,17:43:14,2012-07-27
437710,133350,-57.0,1000295,119,17:49:50,2012-07-27
438850,133350,-77.0,1000295,119,16:23:02,2012-07-31
437370,133355,-50.599998,1000295,119,17:46:06,2012-07-27
437660,133355,-59.0,1000295,119,17:51:37,2012-07-27
437710,133355,-56.0,1000295,119,17:49:49,2012-07-27
438850,133355,-76.25,1000295,119,16:23:01,2012-07-31
437360,133360,-47.400002,1000295,119,17:43:13,2012-07-27
437665,133360,-64.0,1000295,119,18:00:08,2012-07-27
437705,133360,-56.0,1000295,119,17:51:22,2012-07-27
437765,133360,-46.599998,1000295,119,17:34:47,2012-07-27
438845,133360,-76.0,1000295,119,16:23:00,2012-07-31
437355,133365,-46.400002,1000295,119,17:43:12,2012-07-27
437360,133365,-48.42857,1000295,119,17:46:07,2012-07-27
437660,133365,-54.5,1000295,119,17:51:36,2012-07-27
437665,133365,-62.799999,1000295,119,18:00:09,2012-07-27
437705,133365,-56.0,1000295,119,17:51:22,2012-07-27
437710,133365,-52.25,1000295,119,17:49:49,2012-07-27
437760,133365,-52.0,1000295,119,18:01:02,2012-07-27
437760,133365,-49.0,1000295,119,14:38:19,2012-07-30
438840,133365,-75.25,1000295,119,16:23:00,2012-07-31
438845,133365,-76.0,1000295,119,16:23:00,2012-07-31
437355,133370,-47.0,1000295,119,17:46:08,2012-07-27
437705,133370,-56.0,1000295,119,17:51:23,2012-07-27
438840,133370,-75.0,1000295,119,16:22:59,2012-07-31
437350,133375,-45.799999,1000295,119,17:46:09,2012-07-27
437355,133375,-46.5,1000295,119,17:46:09,2012-07-27
437665,133375,-50.599998,1000295,119,17:51:34,2012-07-27
437670,133375,-60.5,1000295,119,18:00:11,2012-07-27
437705,133375,-51.599998,1000295,119,17:49:47,2012-07-27
437750,133375,-52.0,1000295,119,18:01:01,2012-07-27
437755,133375,-49.666668,1000295,119,17:34:50,2012-07-27
438835,133375,-75.0,1000295,119,16:22:59,2012-07-31
438840,133375,-75.0,1000295,119,16:22:59,2012-07-31
437345,133380,-46.0,1000295,119,17:43:10,2012-07-27
437350,133380,-44.833332,1000295,119,17:46:10,2012-07-27
437700,133380,-56.0,1000295,119,17:51:24,2012-07-27
437745,133380,-49.0,1000295,119,14:38:18,2012-07-30
438835,133380,-75.0,1000295,119,16:22:59,2012-07-31
437280,133385,-54.0,1000295,119,17:42:57,2012-07-27
437340,133385,-46.0,1000295,119,17:43:09,2012-07-27
437345,133385,-44.0,1000295,119,17:46:12,2012-07-27
437350,133385,-44.0,1000295,119,17:46:11,2012-07-27
437665,133385,-47.200001,1000295,119,17:51:33,2012-07-27
437670,133385,-59.0,1000295,119,18:00:11,2012-07-27
438830,133385,-75.0,1000295,119,16:22:58,2012-07-31
437285,133390,-54.0,1000295,119,17:42:58,2012-07-27
437290,133390,-54.0,1000295,119,17:42:58,2012-07-27
437300,133390,-54.0,1000295,119,17:43:00,2012-07-27
437305,133390,-54.0,1000295,119,17:43:00,2012-07-27
437310,133390,-54.0,1000295,119,17:43:02,2012-07-27
437335,133390,-50.857143,1000295,119,17:43:07,2012-07-27
437340,133390,-48.857143,1000295,119,17:43:08,2012-07-27
437345,133390,-44.799999,1000295,119,17:46:13,2012-07-27
437555,133390,-46.0,1000295,119,17:49:32,2012-07-27
437560,133390,-46.75,1000295,119,17:49:33,2012-07-27
437575,133390,-50.0,1000295,119,17:49:34,2012-07-27
437580,133390,-53.0,1000295,119,17:49:35,2012-07-27
437585,133390,-52.5,1000295,119,17:49:36,2012-07-27
437600,133390,-51.0,1000295,119,17:49:37,2012-07-27
437605,133390,-51.0,1000295,119,17:49:37,2012-07-27
437610,133390,-51.0,1000295,119,17:49:37,2012-07-27
437670,133390,-58.0,1000295,119,18:00:12,2012-07-27
437695,133390,-49.599998,1000295,119,17:49:45,2012-07-27
437320,133395,-53.599998,1000295,119,17:43:02,2012-07-27
437325,133395,-52.333332,1000295,119,17:43:04,2012-07-27
437330,133395,-52.0,1000295,119,17:43:06,2012-07-27
437335,133395,-54.333332,1000295,119,17:49:10,2012-07-27
437340,133395,-50.0,1000295,119,17:46:15,2012-07-27
437345,133395,-57.400002,1000295,119,17:49:12,2012-07-27
437355,133395,-57.75,1000295,119,17:49:13,2012-07-27
437365,133395,-56.799999,1000295,119,17:49:15,2012-07-27
437370,133395,-56.0,1000295,119,17:49:15,2012-07-27
437380,133395,-56.333332,1000295,119,17:49:16,2012-07-27
437395,133395,-55.75,1000295,119,17:49:17,2012-07-27
437405,133395,-51.799999,1000295,119,17:49:19,2012-07-27
437465,133395,-53.5,1000295,119,17:49:25,2012-07-27
437475,133395,-53.75,1000295,119,17:49:26,2012-07-27
437490,133395,-52.599998,1000295,119,17:49:27,2012-07-27
437505,133395,-51.0,1000295,119,17:49:28,2012-07-27
437520,133395,-50.599998,1000295,119,17:49:29,2012-07-27
437530,133395,-49.5,1000295,119,17:49:30,2012-07-27
437540,133395,-48.0,1000295,119,17:49:31,2012-07-27
437545,133395,-47.5,1000295,119,17:49:31,2012-07-27
437590,133395,-48.599998,1000295,119,18:00:30,2012-07-27
437595,133395,-49.18182,1000295,119,18:00:26,2012-07-27
437600,133395,-52.25,1000295,119,18:00:25,2012-07-27
437605,133395,-53.0,1000295,119,18:00:24,2012-07-27
437610,133395,-54.5,1000295,119,18:00:23,2012-07-27
437620,133395,-51.0,1000295,119,17:49:39,2012-07-27
437625,133395,-51.0,1000295,119,17:49:39,2012-07-27
437630,133395,-51.0,1000295,119,17:49:39,2012-07-27
437635,133395,-51.0,1000295,119,17:49:40,2012-07-27
437665,133395,-46.0,1000295,119,17:51:32,2012-07-27
437670,133395,-53.666668,1000295,119,18:00:13,2012-07-27
437685,133395,-47.0,1000295,119,17:49:44,2012-07-27
437695,133395,-56.0,1000295,119,17:51:26,2012-07-27
438830,133395,-75.0,1000295,119,16:22:58,2012-07-31
437330,133400,-52.42857,1000295,119,17:49:09,2012-07-27
437335,133400,-52.200001,1000295,119,17:46:16,2012-07-27
437425,133400,-51.400002,1000295,119,17:49:20,2012-07-27
437435,133400,-52.25,1000295,119,17:49:22,2012-07-27
437450,133400,-53.0,1000295,119,17:49:22,2012-07-27
437455,133400,-53.0,1000295,119,17:49:24,2012-07-27
437590,133400,-48.0,1000295,119,18:00:32,2012-07-27
437615,133400,-55.0,1000295,119,18:00:23,2012-07-27
437620,133400,-55.0,1000295,119,18:00:22,2012-07-27
437640,133400,-50.5,1000295,119,17:49:40,2012-07-27
437650,133400,-47.5,1000295,119,17:49:41,2012-07-27
437660,133400,-49.0,1000295,119,17:49:41,2012-07-27
437665,133400,-46.5,1000295,119,17:49:42,2012-07-27
437670,133400,-50.5,1000295,119,18:00:15,2012-07-27
437735,133400,-51.0,1000295,119,17:34:50,2012-07-27
437325,133405,-51.333332,1000295,119,17:49:07,2012-07-27
437330,133405,-53.0,1000295,119,17:49:08,2012-07-27
437590,133405,-47.25,1000295,119,18:00:33,2012-07-27
437635,133405,-54.400002,1000295,119,18:00:21,2012-07-27
437670,133405,-48.5,1000295,119,17:51:30,2012-07-27
437675,133405,-49.5,1000295,119,17:51:29,2012-07-27
437680,133405,-50.0,1000295,119,17:51:28,2012-07-27
437685,133405,-54.5,1000295,119,17:51:27,2012-07-27
438825,133405,-76.5,1000295,119,16:22:57,2012-07-31
437325,133410,-53.0,1000295,119,17:46:18,2012-07-27
437590,133410,-45.0,1000295,119,18:00:34,2012-07-27
437645,133410,-54.0,1000295,119,18:00:19,2012-07-27
437655,133410,-54.0,1000295,119,18:00:18,2012-07-27
437660,133410,-50.666668,1000295,119,18:00:17,2012-07-27
438820,133410,-77.0,1000295,119,16:22:56,2012-07-31
437320,133415,-52.0,1000295,119,17:49:06,2012-07-27
437590,133415,-44.333332,1000295,119,18:00:35,2012-07-27
437310,133420,-52.333332,1000295,119,17:49:05,2012-07-27
437590,133420,-43.0,1000295,119,18:00:35,2012-07-27
437725,133420,-50.200001,1000295,119,17:34:51,2012-07-27
438820,133420,-75.5,1000295,119,16:22:56,2012-07-31
437310,133425,-52.25,1000295,119,17:46:20,2012-07-27
437590,133425,-43.0,1000295,119,18:00:36,2012-07-27
438810,133430,-74.25,1000295,119,16:22:54,2012-07-31
437300,133435,-53.75,1000295,119,17:49:03,2012-07-27
437305,133435,-52.0,1000295,119,17:46:22,2012-07-27
437590,133435,-43.42857,1000295,119,18:00:37,2012-07-27
437715,133435,-48.333332,1000295,119,17:34:52,2012-07-27
437300,133440,-51.799999,1000295,119,17:46:23,2012-07-27
437590,133440,-44.0,1000295,119,18:00:38,2012-07-27
438810,133440,-74.0,1000295,119,16:22:53,2012-07-31
437290,133445,-56.400002,1000295,119,17:49:02,2012-07-27
437285,133450,-58.0,1000295,119,17:49:01,2012-07-27
437290,133450,-51.5,1000295,119,17:46:24,2012-07-27
437595,133450,-44.0,1000295,119,18:00:39,2012-07-27
438805,133450,-73.333336,1000295,119,16:22:53,2012-07-31
437275,133460,-58.0,1000295,119,17:49:00,2012-07-27
437280,133460,-53.75,1000295,119,17:46:25,2012-07-27
437595,133460,-44.0,1000295,119,18:00:40,2012-07-27
438800,133460,-73.666664,1000295,119,16:22:51,2012-07-31
437600,133465,-43.599998,1000295,119,18:00:40,2012-07-27
437695,133465,-48.0,1000295,119,17:34:54,2012-07-27
437270,133470,-58.0,1000295,119,17:48:59,2012-07-27
437275,133470,-56.0,1000295,119,17:46:27,2012-07-27
438795,133470,-74.0,1000295,119,16:22:51,2012-07-31
437270,133475,-56.400002,1000295,119,17:46:27,2012-07-27
437605,133475,-43.333332,1000295,119,18:00:42,2012-07-27
437260,133480,-58.0,1000295,119,17:48:58,2012-07-27
437685,133480,-51.5,1000295,119,17:34:55,2012-07-27
438790,133480,-71.75,1000295,119,16:22:50,2012-07-31
437260,133485,-56.0,1000295,119,17:46:29,2012-07-27
437615,133485,-44.25,1000295,119,18:00:43,2012-07-27
437250,133490,-58.0,1000295,119,17:48:57,2012-07-27
437625,133490,-45.200001,1000295,119,18:00:44,2012-07-27
438790,133490,-71.0,1000295,119,16:22:49,2012-07-31
437250,133495,-54.400002,1000295,119,17:46:30,2012-07-27
438785,133495,-70.25,1000295,119,16:22:48,2012-07-31
437240,133500,-58.0,1000295,119,17:48:55,2012-07-27
437635,133500,-46.142857,1000295,119,18:00:45,2012-07-27
438785,133500,-70.0,1000295,119,16:22:48,2012-07-31
437240,133505,-55.5,1000295,119,17:46:31,2012-07-27
437645,133505,-47.0,1000295,119,18:00:46,2012-07-27
437650,133505,-48.0,1000295,119,18:00:47,2012-07-27
437670,133505,-53.0,1000295,119,17:34:56,2012-07-27
437235,133515,-57.0,1000295,119,17:46:32,2012-07-27
438780,133515,-70.0,1000295,119,16:22:47,2012-07-31
437225,133520,-57.400002,1000295,119,17:46:33,2012-07-27
437655,133520,-55.0,1000295,119,17:34:57,2012-07-27
438775,133520,-70.0,1000295,119,16:22:46,2012-07-31
437225,133525,-58.666668,1000295,119,17:46:34,2012-07-27
438775,133525,-70.0,1000295,119,16:22:46,2012-07-31
438775,133530,-71.5,1000295,119,16:22:46,2012-07-31
437210,133535,-60.0,1000295,119,17:46:35,2012-07-27
437645,133540,-57.285713,1000295,119,17:34:58,2012-07-27
437205,133545,-61.833332,1000295,119,17:46:37,2012-07-27
438770,133545,-73.800003,1000295,119,16:22:44,2012-07-31
437200,133550,-61.0,1000295,119,17:46:37,2012-07-27
437635,133555,-59.0,1000295,119,17:34:59,2012-07-27
437195,133560,-59.200001,1000295,119,17:46:39,2012-07-27
438765,133560,-75.0,1000295,119,16:22:44,2012-07-31
437185,133570,-57.25,1000295,119,17:46:40,2012-07-27
438760,133570,-77.25,1000295,119,16:22:43,2012-07-31
437180,133575,-55.666668,1000295,119,17:46:41,2012-07-27
438750,133580,-78.599998,1000295,119,16:22:41,2012-07-31
437175,133585,-53.666668,1000295,119,17:46:43,2012-07-27
437170,133590,-52.0,1000295,119,17:46:43,2012-07-27
438745,133595,-79.0,1000295,119,16:22:41,2012-07-31
437160,133600,-52.5,1000295,119,17:46:44,2012-07-27
438740,133605,-78.25,1000295,119,16:22:40,2012-07-31
437155,133610,-53.799999,1000295,119,17:46:46,2012-07-27
437150,133615,-56.333332,1000295,119,17:46:47,2012-07-27
438730,133620,-78.0,1000295,119,16:22:39,2012-07-31
438725,133630,-78.0,1000295,119,16:22:37,2012-07-31
438720,133640,-78.0,1000295,119,16:22:36,2012-07-31
438715,133645,-78.0,1000295,119,16:22:36,2012-07-31
438715,133655,-78.0,1000295,119,16:22:34,2012-07-31
