437390,132590,-83.199997,1772,106,17:52:41,2012-07-27
437405,132605,-81.0,1772,106,17:52:39,2012-07-27
437410,132605,-81.0,1772,106,17:52:39,2012-07-27
437415,132610,-80.199997,1772,106,17:52:38,2012-07-27
437415,132615,-80.0,1772,106,17:52:38,2012-07-27
437420,132620,-79.599998,1772,106,17:52:37,2012-07-27
437425,132635,-77.0,1772,106,17:52:36,2012-07-27
437425,132640,-76.0,1772,106,17:52:35,2012-07-27
437430,132660,-76.0,1772,106,17:52:34,2012-07-27
437435,132680,-75.5,1772,106,17:52:33,2012-07-27
437435,132685,-73.5,1772,106,17:52:32,2012-07-27
437440,132700,-73.0,1772,106,17:52:31,2012-07-27
437445,132710,-72.333336,1772,106,17:52:30,2012-07-27
435765,132725,-70.0,1772,106,14:31:04,2012-07-30
437445,132725,-72.0,1772,106,17:52:29,2012-07-27
435760,132730,-70.0,1772,106,14:31:05,2012-07-30
435750,132740,-70.0,1772,106,14:31:06,2012-07-30
437450,132745,-72.75,1772,106,17:52:27,2012-07-27
435745,132750,-70.0,1772,106,14:31:07,2012-07-30
435740,132755,-70.0,1772,106,14:31:08,2012-07-30
437445,132755,-73.0,1772,106,17:52:27,2012-07-27
435730,132765,-70.0,1772,106,14:31:09,2012-07-30
437445,132765,-73.666664,1772,106,17:52:26,2012-07-27
435725,132775,-70.0,1772,106,14:31:10,2012-07-30
435725,132785,-69.599998,1772,106,14:31:11,2012-07-30
437440,132785,-74.800003,1772,106,17:52:24,2012-07-27
435720,132795,-69.0,1772,106,14:31:12,2012-07-30
437435,132795,-76.333336,1772,106,17:52:23,2012-07-27
437440,132800,-77.666664,1772,106,17:52:22,2012-07-27
435720,132805,-69.0,1772,106,14:31:13,2012-07-30
435720,132815,-69.0,1772,106,14:31:14,2012-07-30
437440,132815,-78.0,1772,106,17:52:21,2012-07-27
435720,132825,-68.199997,1772,106,14:31:15,2012-07-30
437440,132830,-77.25,1772,106,17:52:20,2012-07-27
435725,132835,-67.0,1772,106,14:31:16,2012-07-30
437445,132840,-76.5,1772,106,17:52:19,2012-07-27
435730,132845,-67.666664,1772,106,14:31:18,2012-07-30
437290,132850,-65.466667,1772,106,17:40:37,2012-07-27
435740,132855,-69.0,1772,106,14:31:19,2012-07-30
437295,132855,-66.173332,1772,106,17:40:47,2012-07-27
437445,132855,-76.0,1772,106,17:52:18,2012-07-27
437290,132860,-63.42857,1772,106,17:40:57,2012-07-27
437295,132860,-62.0,1772,106,17:40:55,2012-07-27
437280,132865,-67.0,1772,106,17:40:19,2012-07-27
437285,132865,-64.181816,1772,106,17:40:58,2012-07-27
437275,132870,-67.0,1772,106,17:40:18,2012-07-27
437280,132870,-62.5,1772,106,17:41:00,2012-07-27
437455,132870,-76.0,1772,106,17:52:17,2012-07-27
435755,132875,-68.599998,1772,106,14:31:21,2012-07-30
437270,132875,-69.0,1772,106,17:40:17,2012-07-27
437275,132875,-62.0,1772,106,17:41:01,2012-07-27
437455,132875,-75.0,1772,106,17:52:16,2012-07-27
437460,132875,-75.333336,1772,106,17:52:16,2012-07-27
437260,132880,-70.0,1772,106,17:40:15,2012-07-27
437265,132880,-66.400002,1772,106,17:41:02,2012-07-27
437460,132880,-75.0,1772,106,17:52:15,2012-07-27
437465,132880,-75.0,1772,106,17:52:15,2012-07-27
437260,132885,-68.166664,1772,106,17:41:04,2012-07-27
437265,132885,-67.0,1772,106,17:41:03,2012-07-27
435765,132890,-67.666664,1772,106,14:31:22,2012-07-30
437250,132890,-70.0,1772,106,17:40:13,2012-07-27
437255,132890,-67.75,1772,106,17:41:05,2012-07-27
435770,132895,-67.0,1772,106,14:31:23,2012-07-30
437245,132895,-70.0,1772,106,17:40:11,2012-07-27
437250,132895,-67.599998,1772,106,17:41:06,2012-07-27
437240,132900,-69.0,1772,106,17:41:08,2012-07-27
437245,132900,-70.0,1772,106,17:41:07,2012-07-27
437480,132900,-75.75,1772,106,17:52:15,2012-07-27
435780,132905,-67.0,1772,106,14:31:24,2012-07-30
437240,132905,-66.0,1772,106,17:41:08,2012-07-27
437485,132905,-76.0,1772,106,17:52:13,2012-07-27
437235,132910,-66.0,1772,106,17:41:09,2012-07-27
437240,132910,-66.0,1772,106,17:41:09,2012-07-27
435785,132915,-66.333336,1772,106,14:31:25,2012-07-30
437235,132915,-69.0,1772,106,17:41:10,2012-07-27
435790,132920,-65.0,1772,106,14:31:25,2012-07-30
437235,132920,-69.0,1772,106,17:41:11,2012-07-27
437490,132920,-73.0,1772,106,17:52:12,2012-07-27
435795,132925,-64.25,1772,106,14:31:26,2012-07-30
437230,132925,-69.0,1772,106,17:41:12,2012-07-27
437230,132930,-69.0,1772,106,17:41:13,2012-07-27
437230,132935,-69.333336,1772,106,17:41:14,2012-07-27
437500,132935,-72.0,1772,106,17:52:12,2012-07-27
435810,132940,-62.0,1772,106,14:31:28,2012-07-30
437500,132940,-70.0,1772,106,17:52:10,2012-07-27
437230,132945,-70.0,1772,106,17:41:15,2012-07-27
435825,132950,-62.333332,1772,106,14:31:29,2012-07-30
437505,132950,-70.0,1772,106,17:52:09,2012-07-27
437235,132955,-71.0,1772,106,17:41:17,2012-07-27
437510,132955,-70.0,1772,106,17:52:08,2012-07-27
435835,132960,-63.333332,1772,106,14:31:31,2012-07-30
437235,132960,-72.0,1772,106,17:41:19,2012-07-27
437240,132960,-71.25,1772,106,17:41:18,2012-07-27
437510,132960,-70.0,1772,106,17:52:08,2012-07-27
437515,132965,-70.0,1772,106,17:52:08,2012-07-27
437245,132970,-72.0,1772,106,17:41:19,2012-07-27
437515,132970,-70.0,1772,106,17:52:07,2012-07-27
435850,132975,-64.333336,1772,106,14:31:32,2012-07-30
437250,132975,-76.333336,1772,106,17:41:21,2012-07-27
437515,132975,-70.0,1772,106,17:52:07,2012-07-27
437255,132980,-77.0,1772,106,17:41:21,2012-07-27
437520,132980,-70.0,1772,106,17:52:07,2012-07-27
435865,132985,-65.5,1772,106,14:31:33,2012-07-30
437255,132985,-77.5,1772,106,17:41:22,2012-07-27
437520,132985,-70.0,1772,106,17:52:06,2012-07-27
437605,132985,-72.5,1772,106,17:50:39,2012-07-27
437610,132985,-71.0,1772,106,17:50:41,2012-07-27
435870,132990,-67.0,1772,106,14:31:34,2012-07-30
435875,132990,-67.0,1772,106,14:31:34,2012-07-30
437605,132990,-72.46154,1772,106,17:50:38,2012-07-27
437610,132990,-67.666664,1772,106,17:50:42,2012-07-27
435880,132995,-67.0,1772,106,14:31:35,2012-07-30
437265,132995,-78.25,1772,106,17:41:23,2012-07-27
437605,132995,-69.400002,1772,106,17:50:35,2012-07-27
437610,132995,-64.666664,1772,106,17:50:43,2012-07-27
435885,133000,-67.0,1772,106,14:31:35,2012-07-30
437610,133000,-65.5,1772,106,17:50:34,2012-07-27
437610,133005,-64.166664,1772,106,17:50:45,2012-07-27
435895,133010,-67.0,1772,106,14:31:36,2012-07-30
437610,133010,-64.0,1772,106,17:50:32,2012-07-27
435905,133015,-67.0,1772,106,14:31:37,2012-07-30
437610,133015,-62.200001,1772,106,17:50:46,2012-07-27
437620,133020,-64.199997,1772,106,17:50:30,2012-07-27
435915,133025,-67.0,1772,106,14:31:38,2012-07-30
437620,133025,-64.0,1772,106,17:50:29,2012-07-27
435920,133030,-67.0,1772,106,14:31:38,2012-07-30
437615,133030,-61.666668,1772,106,17:50:48,2012-07-27
437620,133030,-64.0,1772,106,17:50:29,2012-07-27
435925,133035,-67.0,1772,106,14:31:39,2012-07-30
435930,133035,-67.0,1772,106,14:31:39,2012-07-30
437625,133035,-64.666664,1772,106,17:50:28,2012-07-27
435930,133040,-67.0,1772,106,14:31:40,2012-07-30
435935,133040,-67.0,1772,106,14:31:40,2012-07-30
437620,133040,-63.666668,1772,106,17:50:49,2012-07-27
435940,133045,-67.0,1772,106,14:31:40,2012-07-30
437630,133050,-65.0,1772,106,17:50:27,2012-07-27
435945,133055,-67.0,1772,106,14:31:41,2012-07-30
435950,133055,-67.0,1772,106,14:31:41,2012-07-30
435955,133060,-67.666664,1772,106,14:31:42,2012-07-30
437635,133060,-63.666668,1772,106,17:50:25,2012-07-27
435960,133065,-69.0,1772,106,14:31:42,2012-07-30
437625,133065,-64.5,1772,106,17:50:51,2012-07-27
435965,133070,-70.0,1772,106,14:31:43,2012-07-30
437625,133075,-63.0,1772,106,17:50:51,2012-07-27
437640,133075,-61.666668,1772,106,17:50:24,2012-07-27
435975,133085,-73.0,1772,106,14:31:45,2012-07-30
437630,133085,-63.0,1772,106,17:50:53,2012-07-27
437645,133085,-60.333332,1772,106,17:50:22,2012-07-27
435980,133090,-75.0,1772,106,14:31:45,2012-07-30
437635,133095,-63.0,1772,106,17:50:53,2012-07-27
435990,133100,-75.75,1772,106,14:31:46,2012-07-30
437650,133100,-62.666668,1772,106,17:50:21,2012-07-27
435995,133105,-78.0,1772,106,14:31:46,2012-07-30
437640,133105,-63.0,1772,106,17:50:55,2012-07-27
436000,133110,-78.0,1772,106,14:31:47,2012-07-30
437655,133110,-64.0,1772,106,17:50:20,2012-07-27
436000,133115,-78.333336,1772,106,14:31:47,2012-07-30
437660,133115,-64.0,1772,106,17:50:19,2012-07-27
436005,133120,-79.0,1772,106,14:31:48,2012-07-30
437645,133120,-62.5,1772,106,17:50:56,2012-07-27
437660,133120,-64.0,1772,106,17:50:18,2012-07-27
437645,133125,-61.0,1772,106,17:50:57,2012-07-27
437660,133125,-64.0,1772,106,17:50:18,2012-07-27
437665,133125,-64.0,1772,106,17:50:18,2012-07-27
437665,133130,-64.0,1772,106,17:50:17,2012-07-27
437650,133135,-61.0,1772,106,17:50:58,2012-07-27
437665,133135,-64.0,1772,106,17:50:17,2012-07-27
437665,133140,-64.0,1772,106,17:50:16,2012-07-27
437670,133140,-64.0,1772,106,17:50:16,2012-07-27
437655,133150,-60.333332,1772,106,17:50:59,2012-07-27
437660,133170,-59.333332,1772,106,17:51:00,2012-07-27
437665,133175,-60.0,1772,106,17:51:01,2012-07-27
437665,133185,-60.0,1772,106,17:51:02,2012-07-27
437670,133200,-60.333332,1772,106,17:51:03,2012-07-27
437675,133210,-60.666668,1772,106,17:51:05,2012-07-27
437485,133220,-64.0,1772,106,17:45:44,2012-07-27
437675,133225,-60.666668,1772,106,17:51:06,2012-07-27
438670,133225,-69.0,1772,106,17:33:59,2012-07-27
437480,133230,-63.666668,1772,106,17:45:47,2012-07-27
438585,133230,-69.0,1772,106,17:34:03,2012-07-27
438605,133230,-69.0,1772,106,17:34:01,2012-07-27
438625,133230,-69.0,1772,106,17:34:00,2012-07-27
437475,133235,-63.0,1772,106,17:45:47,2012-07-27
437675,133235,-62.0,1772,106,17:51:07,2012-07-27
438500,133235,-72.0,1772,106,17:34:06,2012-07-27
438510,133235,-72.714287,1772,106,17:34:06,2012-07-27
438540,133235,-71.285713,1772,106,17:34:04,2012-07-27
438565,133235,-69.0,1772,106,17:34:04,2012-07-27
437675,133240,-62.0,1772,106,17:51:07,2012-07-27
438475,133240,-72.0,1772,106,17:34:07,2012-07-27
437465,133245,-63.0,1772,106,17:45:50,2012-07-27
437675,133245,-62.0,1772,106,17:51:07,2012-07-27
437675,133250,-62.0,1772,106,17:51:08,2012-07-27
437455,133255,-63.0,1772,106,17:45:53,2012-07-27
437675,133255,-62.0,1772,106,17:51:08,2012-07-27
437680,133260,-62.333332,1772,106,17:51:09,2012-07-27
437445,133265,-63.5,1772,106,17:45:54,2012-07-27
437435,133275,-64.0,1772,106,17:45:55,2012-07-27
437680,133280,-62.666668,1772,106,17:51:10,2012-07-27
437430,133285,-64.0,1772,106,17:45:56,2012-07-27
437685,133285,-62.0,1772,106,17:51:11,2012-07-27
437155,133295,-61.0,1772,106,17:39:03,2012-07-27
437160,133295,-61.799999,1772,106,17:39:04,2012-07-27
437170,133295,-63.0,1772,106,17:39:05,2012-07-27
437145,133300,-59.666668,1772,106,17:42:34,2012-07-27
437155,133300,-46.0,1772,106,17:42:36,2012-07-27
437160,133300,-46.0,1772,106,17:42:36,2012-07-27
437165,133300,-46.0,1772,106,17:42:37,2012-07-27
437170,133300,-50.0,1772,106,17:42:38,2012-07-27
437175,133300,-59.888889,1772,106,17:42:40,2012-07-27
437180,133300,-62.0,1772,106,17:39:07,2012-07-27
437685,133300,-63.0,1772,106,17:51:12,2012-07-27
437135,133305,-46.0,1772,106,17:42:33,2012-07-27
437140,133305,-60.857143,1772,106,17:38:59,2012-07-27
437135,133310,-58.200001,1772,106,17:38:58,2012-07-27
437190,133310,-58.0,1772,106,17:42:41,2012-07-27
437135,133315,-56.333332,1772,106,17:38:57,2012-07-27
437195,133315,-60.0,1772,106,17:42:43,2012-07-27
437690,133315,-64.666664,1772,106,17:51:13,2012-07-27
437200,133320,-60.25,1772,106,17:42:44,2012-07-27
437135,133325,-53.75,1772,106,17:38:55,2012-07-27
437205,133325,-61.0,1772,106,17:42:45,2012-07-27
437130,133330,-53.0,1772,106,17:38:55,2012-07-27
437210,133330,-61.5,1772,106,17:42:45,2012-07-27
437215,133330,-63.0,1772,106,17:42:46,2012-07-27
437695,133330,-64.0,1772,106,17:51:15,2012-07-27
437130,133335,-54.599998,1772,106,17:38:54,2012-07-27
437215,133335,-63.333332,1772,106,17:42:47,2012-07-27
437695,133335,-64.0,1772,106,17:51:15,2012-07-27
437130,133340,-56.5,1772,106,17:38:52,2012-07-27
437220,133340,-64.0,1772,106,17:42:47,2012-07-27
437700,133340,-64.199997,1772,106,17:51:16,2012-07-27
437125,133345,-57.0,1772,106,17:38:52,2012-07-27
437225,133345,-63.25,1772,106,17:42:48,2012-07-27
437700,133345,-65.0,1772,106,17:51:16,2012-07-27
437705,133345,-65.0,1772,106,17:51:17,2012-07-27
437705,133350,-64.0,1772,106,17:51:19,2012-07-27
437125,133355,-57.0,1772,106,17:38:51,2012-07-27
437230,133355,-61.333332,1772,106,17:42:50,2012-07-27
437705,133355,-63.0,1772,106,17:51:20,2012-07-27
437235,133360,-62.0,1772,106,17:42:50,2012-07-27
437115,133365,-57.666668,1772,106,17:38:50,2012-07-27
437245,133365,-62.0,1772,106,17:42:51,2012-07-27
437115,133370,-58.0,1772,106,17:38:49,2012-07-27
437250,133370,-62.666668,1772,106,17:42:53,2012-07-27
437110,133375,-58.0,1772,106,17:38:48,2012-07-27
437255,133375,-64.0,1772,106,17:42:53,2012-07-27
437260,133375,-64.0,1772,106,17:42:53,2012-07-27
437260,133380,-64.0,1772,106,17:42:54,2012-07-27
437265,133380,-64.0,1772,106,17:42:54,2012-07-27
437270,133380,-64.0,1772,106,17:42:55,2012-07-27
437100,133385,-56.666668,1772,106,17:38:47,2012-07-27
437095,133390,-56.0,1772,106,17:38:46,2012-07-27
437090,133395,-57.0,1772,106,17:38:45,2012-07-27
437095,133395,-56.75,1772,106,17:38:45,2012-07-27
437085,133400,-57.75,1772,106,17:38:44,2012-07-27
437040,133405,-60.0,1772,106,17:38:37,2012-07-27
437045,133405,-60.0,1772,106,17:38:37,2012-07-27
437050,133405,-60.0,1772,106,17:38:38,2012-07-27
437055,133405,-60.0,1772,106,17:38:39,2012-07-27
437060,133405,-60.0,1772,106,17:38:40,2012-07-27
437070,133405,-59.333332,1772,106,17:38:41,2012-07-27
437075,133405,-58.0,1772,106,17:38:43,2012-07-27
437025,133410,-51.0,1772,106,17:38:34,2012-07-27
437030,133410,-54.0,1772,106,17:38:35,2012-07-27
437020,133415,-51.0,1772,106,17:38:33,2012-07-27
437010,133425,-51.0,1772,106,17:38:31,2012-07-27
437005,133430,-51.0,1772,106,17:38:30,2012-07-27
436710,133485,-51.200001,1772,106,17:37:21,2012-07-27
436715,133485,-51.0,1772,106,17:37:19,2012-07-27
436705,133490,-52.625,1772,106,17:37:23,2012-07-27
436725,133490,-51.0,1772,106,17:37:18,2012-07-27
436705,133500,-52.0,1772,106,17:37:26,2012-07-27
436725,133500,-51.0,1772,106,17:37:16,2012-07-27
436710,133505,-53.25,1772,106,17:37:28,2012-07-27
436715,133515,-57.666668,1772,106,17:37:29,2012-07-27
436720,133520,-60.333332,1772,106,17:37:31,2012-07-27
436730,133535,-64.333336,1772,106,17:37:33,2012-07-27
436735,133545,-61.0,1772,106,17:37:35,2012-07-27
436735,133550,-53.0,1772,106,17:37:37,2012-07-27
436735,133555,-48.0,1772,106,17:37:38,2012-07-27
437620,133575,-52.0,1772,106,17:35:01,2012-07-27
437605,133600,-52.0,1772,106,17:35:02,2012-07-27
437590,133615,-52.0,1772,106,17:35:02,2012-07-27
437580,133630,-52.0,1772,106,17:35:04,2012-07-27
437560,133660,-52.0,1772,106,17:35:05,2012-07-27
437550,133675,-51.0,1772,106,17:35:06,2012-07-27
437540,133690,-48.0,1772,106,17:35:07,2012-07-27
437525,133715,-48.0,1772,106,17:35:08,2012-07-27
437510,133730,-48.400002,1772,106,17:35:09,2012-07-27
437500,133745,-49.0,1772,106,17:35:11,2012-07-27
437490,133765,-50.0,1772,106,17:35:11,2012-07-27
437465,133800,-53.0,1772,106,17:35:14,2012-07-27
437460,133805,-55.0,1772,106,17:35:14,2012-07-27
437450,133820,-56.0,1772,106,17:35:15,2012-07-27
437445,133835,-59.0,1772,106,17:35:16,2012-07-27
437435,133845,-60.0,1772,106,17:35:16,2012-07-27
437425,133860,-64.0,1772,106,17:35:18,2012-07-27
437420,133865,-66.0,1772,106,17:35:18,2012-07-27
437415,133870,-66.0,1772,106,17:35:18,2012-07-27
437420,133870,-66.0,1772,106,17:35:18,2012-07-27
437415,133875,-66.0,1772,106,17:35:19,2012-07-27
437410,133880,-66.599998,1772,106,17:35:19,2012-07-27
437410,133885,-69.0,1772,106,17:35:19,2012-07-27
437395,133900,-68.666664,1772,106,17:35:21,2012-07-27
437390,133910,-68.0,1772,106,17:35:21,2012-07-27
437385,133915,-68.0,1772,106,17:35:21,2012-07-27
437385,133920,-68.0,1772,106,17:35:22,2012-07-27
437380,133925,-68.0,1772,106,17:35:22,2012-07-27
437375,133930,-68.0,1772,106,17:35:23,2012-07-27
437375,133935,-68.0,1772,106,17:35:23,2012-07-27
437370,133940,-68.0,1772,106,17:35:23,2012-07-27
437390,132590,-83.199997,1772,106,17:52:41,2012-07-27
437405,132605,-81.0,1772,106,17:52:39,2012-07-27
437410,132605,-81.0,1772,106,17:52:39,2012-07-27
437415,132610,-80.199997,1772,106,17:52:38,2012-07-27
437415,132615,-80.0,1772,106,17:52:38,2012-07-27
437420,132620,-79.599998,1772,106,17:52:37,2012-07-27
437425,132635,-77.0,1772,106,17:52:36,2012-07-27
437425,132640,-76.0,1772,106,17:52:35,2012-07-27
437430,132660,-76.0,1772,106,17:52:34,2012-07-27
437435,132680,-75.5,1772,106,17:52:33,2012-07-27
437435,132685,-73.5,1772,106,17:52:32,2012-07-27
437440,132700,-73.0,1772,106,17:52:31,2012-07-27
437445,132710,-72.333336,1772,106,17:52:30,2012-07-27
435765,132725,-70.0,1772,106,14:31:04,2012-07-30
437445,132725,-72.0,1772,106,17:52:29,2012-07-27
435760,132730,-70.0,1772,106,14:31:05,2012-07-30
435750,132740,-70.0,1772,106,14:31:06,2012-07-30
437450,132745,-72.75,1772,106,17:52:27,2012-07-27
435745,132750,-70.0,1772,106,14:31:07,2012-07-30
435740,132755,-70.0,1772,106,14:31:08,2012-07-30
437445,132755,-73.0,1772,106,17:52:27,2012-07-27
435730,132765,-70.0,1772,106,14:31:09,2012-07-30
437445,132765,-73.666664,1772,106,17:52:26,2012-07-27
435725,132775,-70.0,1772,106,14:31:10,2012-07-30
435725,132785,-69.599998,1772,106,14:31:11,2012-07-30
437440,132785,-74.800003,1772,106,17:52:24,2012-07-27
435720,132795,-69.0,1772,106,14:31:12,2012-07-30
437435,132795,-76.333336,1772,106,17:52:23,2012-07-27
437440,132800,-77.666664,1772,106,17:52:22,2012-07-27
435720,132805,-69.0,1772,106,14:31:13,2012-07-30
435720,132815,-69.0,1772,106,14:31:14,2012-07-30
437440,132815,-78.0,1772,106,17:52:21,2012-07-27
435720,132825,-68.199997,1772,106,14:31:15,2012-07-30
437440,132830,-77.25,1772,106,17:52:20,2012-07-27
435725,132835,-67.0,1772,106,14:31:16,2012-07-30
437445,132840,-76.5,1772,106,17:52:19,2012-07-27
435730,132845,-67.666664,1772,106,14:31:18,2012-07-30
437290,132850,-65.466667,1772,106,17:40:37,2012-07-27
435740,132855,-69.0,1772,106,14:31:19,2012-07-30
437295,132855,-66.173332,1772,106,17:40:47,2012-07-27
437445,132855,-76.0,1772,106,17:52:18,2012-07-27
437290,132860,-63.42857,1772,106,17:40:57,2012-07-27
437295,132860,-62.0,1772,106,17:40:55,2012-07-27
437280,132865,-67.0,1772,106,17:40:19,2012-07-27
437285,132865,-64.181816,1772,106,17:40:58,2012-07-27
437275,132870,-67.0,1772,106,17:40:18,2012-07-27
437280,132870,-62.5,1772,106,17:41:00,2012-07-27
437455,132870,-76.0,1772,106,17:52:17,2012-07-27
435755,132875,-68.599998,1772,106,14:31:21,2012-07-30
437270,132875,-69.0,1772,106,17:40:17,2012-07-27
437275,132875,-62.0,1772,106,17:41:01,2012-07-27
437455,132875,-75.0,1772,106,17:52:16,2012-07-27
437460,132875,-75.333336,1772,106,17:52:16,2012-07-27
437260,132880,-70.0,1772,106,17:40:15,2012-07-27
437265,132880,-66.400002,1772,106,17:41:02,2012-07-27
437460,132880,-75.0,1772,106,17:52:15,2012-07-27
437465,132880,-75.0,1772,106,17:52:15,2012-07-27
437260,132885,-68.166664,1772,106,17:41:04,2012-07-27
437265,132885,-67.0,1772,106,17:41:03,2012-07-27
435765,132890,-67.666664,1772,106,14:31:22,2012-07-30
437250,132890,-70.0,1772,106,17:40:13,2012-07-27
437255,132890,-67.75,1772,106,17:41:05,2012-07-27
435770,132895,-67.0,1772,106,14:31:23,2012-07-30
437245,132895,-70.0,1772,106,17:40:11,2012-07-27
437250,132895,-67.599998,1772,106,17:41:06,2012-07-27
437240,132900,-69.0,1772,106,17:41:08,2012-07-27
437245,132900,-70.0,1772,106,17:41:07,2012-07-27
437480,132900,-75.75,1772,106,17:52:15,2012-07-27
435780,132905,-67.0,1772,106,14:31:24,2012-07-30
437240,132905,-66.0,1772,106,17:41:08,2012-07-27
437485,132905,-76.0,1772,106,17:52:13,2012-07-27
437235,132910,-66.0,1772,106,17:41:09,2012-07-27
437240,132910,-66.0,1772,106,17:41:09,2012-07-27
435785,132915,-66.333336,1772,106,14:31:25,2012-07-30
437235,132915,-69.0,1772,106,17:41:10,2012-07-27
435790,132920,-65.0,1772,106,14:31:25,2012-07-30
437235,132920,-69.0,1772,106,17:41:11,2012-07-27
437490,132920,-73.0,1772,106,17:52:12,2012-07-27
435795,132925,-64.25,1772,106,14:31:26,2012-07-30
437230,132925,-69.0,1772,106,17:41:12,2012-07-27
437230,132930,-69.0,1772,106,17:41:13,2012-07-27
437230,132935,-69.333336,1772,106,17:41:14,2012-07-27
437500,132935,-72.0,1772,106,17:52:12,2012-07-27
435810,132940,-62.0,1772,106,14:31:28,2012-07-30
437500,132940,-70.0,1772,106,17:52:10,2012-07-27
437230,132945,-70.0,1772,106,17:41:15,2012-07-27
435825,132950,-62.333332,1772,106,14:31:29,2012-07-30
437505,132950,-70.0,1772,106,17:52:09,2012-07-27
437235,132955,-71.0,1772,106,17:41:17,2012-07-27
437510,132955,-70.0,1772,106,17:52:08,2012-07-27
435835,132960,-63.333332,1772,106,14:31:31,2012-07-30
437235,132960,-72.0,1772,106,17:41:19,2012-07-27
437240,132960,-71.25,1772,106,17:41:18,2012-07-27
437510,132960,-70.0,1772,106,17:52:08,2012-07-27
437515,132965,-70.0,1772,106,17:52:08,2012-07-27
437245,132970,-72.0,1772,106,17:41:19,2012-07-27
437515,132970,-70.0,1772,106,17:52:07,2012-07-27
435850,132975,-64.333336,1772,106,14:31:32,2012-07-30
437250,132975,-76.333336,1772,106,17:41:21,2012-07-27
437515,132975,-70.0,1772,106,17:52:07,2012-07-27
437255,132980,-77.0,1772,106,17:41:21,2012-07-27
437520,132980,-70.0,1772,106,17:52:07,2012-07-27
435865,132985,-65.5,1772,106,14:31:33,2012-07-30
437255,132985,-77.5,1772,106,17:41:22,2012-07-27
437520,132985,-70.0,1772,106,17:52:06,2012-07-27
437605,132985,-72.5,1772,106,17:50:39,2012-07-27
437610,132985,-71.0,1772,106,17:50:41,2012-07-27
435870,132990,-67.0,1772,106,14:31:34,2012-07-30
435875,132990,-67.0,1772,106,14:31:34,2012-07-30
437605,132990,-72.46154,1772,106,17:50:38,2012-07-27
437610,132990,-67.666664,1772,106,17:50:42,2012-07-27
435880,132995,-67.0,1772,106,14:31:35,2012-07-30
437265,132995,-78.25,1772,106,17:41:23,2012-07-27
437605,132995,-69.400002,1772,106,17:50:35,2012-07-27
437610,132995,-64.666664,1772,106,17:50:43,2012-07-27
435885,133000,-67.0,1772,106,14:31:35,2012-07-30
437610,133000,-65.5,1772,106,17:50:34,2012-07-27
437610,133005,-64.166664,1772,106,17:50:45,2012-07-27
435895,133010,-67.0,1772,106,14:31:36,2012-07-30
437610,133010,-64.0,1772,106,17:50:32,2012-07-27
435905,133015,-67.0,1772,106,14:31:37,2012-07-30
437610,133015,-62.200001,1772,106,17:50:46,2012-07-27
437620,133020,-64.199997,1772,106,17:50:30,2012-07-27
435915,133025,-67.0,1772,106,14:31:38,2012-07-30
437620,133025,-64.0,1772,106,17:50:29,2012-07-27
435920,133030,-67.0,1772,106,14:31:38,2012-07-30
437615,133030,-61.666668,1772,106,17:50:48,2012-07-27
437620,133030,-64.0,1772,106,17:50:29,2012-07-27
435925,133035,-67.0,1772,106,14:31:39,2012-07-30
435930,133035,-67.0,1772,106,14:31:39,2012-07-30
437625,133035,-64.666664,1772,106,17:50:28,2012-07-27
435930,133040,-67.0,1772,106,14:31:40,2012-07-30
435935,133040,-67.0,1772,106,14:31:40,2012-07-30
437620,133040,-63.666668,1772,106,17:50:49,2012-07-27
435940,133045,-67.0,1772,106,14:31:40,2012-07-30
437630,133050,-65.0,1772,106,17:50:27,2012-07-27
435945,133055,-67.0,1772,106,14:31:41,2012-07-30
435950,133055,-67.0,1772,106,14:31:41,2012-07-30
435955,133060,-67.666664,1772,106,14:31:42,2012-07-30
437635,133060,-63.666668,1772,106,17:50:25,2012-07-27
435960,133065,-69.0,1772,106,14:31:42,2012-07-30
437625,133065,-64.5,1772,106,17:50:51,2012-07-27
435965,133070,-70.0,1772,106,14:31:43,2012-07-30
437625,133075,-63.0,1772,106,17:50:51,2012-07-27
437640,133075,-61.666668,1772,106,17:50:24,2012-07-27
435975,133085,-73.0,1772,106,14:31:45,2012-07-30
437630,133085,-63.0,1772,106,17:50:53,2012-07-27
437645,133085,-60.333332,1772,106,17:50:22,2012-07-27
435980,133090,-75.0,1772,106,14:31:45,2012-07-30
437635,133095,-63.0,1772,106,17:50:53,2012-07-27
435990,133100,-75.75,1772,106,14:31:46,2012-07-30
437650,133100,-62.666668,1772,106,17:50:21,2012-07-27
435995,133105,-78.0,1772,106,14:31:46,2012-07-30
437640,133105,-63.0,1772,106,17:50:55,2012-07-27
436000,133110,-78.0,1772,106,14:31:47,2012-07-30
437655,133110,-64.0,1772,106,17:50:20,2012-07-27
436000,133115,-78.333336,1772,106,14:31:47,2012-07-30
437660,133115,-64.0,1772,106,17:50:19,2012-07-27
436005,133120,-79.0,1772,106,14:31:48,2012-07-30
437645,133120,-62.5,1772,106,17:50:56,2012-07-27
437660,133120,-64.0,1772,106,17:50:18,2012-07-27
437645,133125,-61.0,1772,106,17:50:57,2012-07-27
437660,133125,-64.0,1772,106,17:50:18,2012-07-27
437665,133125,-64.0,1772,106,17:50:18,2012-07-27
437665,133130,-64.0,1772,106,17:50:17,2012-07-27
437650,133135,-61.0,1772,106,17:50:58,2012-07-27
437665,133135,-64.0,1772,106,17:50:17,2012-07-27
437665,133140,-64.0,1772,106,17:50:16,2012-07-27
437670,133140,-64.0,1772,106,17:50:16,2012-07-27
437655,133150,-60.333332,1772,106,17:50:59,2012-07-27
437660,133170,-59.333332,1772,106,17:51:00,2012-07-27
437665,133175,-60.0,1772,106,17:51:01,2012-07-27
437665,133185,-60.0,1772,106,17:51:02,2012-07-27
437670,133200,-60.333332,1772,106,17:51:03,2012-07-27
437675,133210,-60.666668,1772,106,17:51:05,2012-07-27
437485,133220,-64.0,1772,106,17:45:44,2012-07-27
437675,133225,-60.666668,1772,106,17:51:06,2012-07-27
438670,133225,-69.0,1772,106,17:33:59,2012-07-27
437480,133230,-63.666668,1772,106,17:45:47,2012-07-27
438585,133230,-69.0,1772,106,17:34:03,2012-07-27
438605,133230,-69.0,1772,106,17:34:01,2012-07-27
438625,133230,-69.0,1772,106,17:34:00,2012-07-27
437475,133235,-63.0,1772,106,17:45:47,2012-07-27
437675,133235,-62.0,1772,106,17:51:07,2012-07-27
438500,133235,-72.0,1772,106,17:34:06,2012-07-27
438510,133235,-72.714287,1772,106,17:34:06,2012-07-27
438540,133235,-71.285713,1772,106,17:34:04,2012-07-27
438565,133235,-69.0,1772,106,17:34:04,2012-07-27
437675,133240,-62.0,1772,106,17:51:07,2012-07-27
438475,133240,-72.0,1772,106,17:34:07,2012-07-27
437465,133245,-63.0,1772,106,17:45:50,2012-07-27
437675,133245,-62.0,1772,106,17:51:07,2012-07-27
437675,133250,-62.0,1772,106,17:51:08,2012-07-27
437455,133255,-63.0,1772,106,17:45:53,2012-07-27
437675,133255,-62.0,1772,106,17:51:08,2012-07-27
437680,133260,-62.333332,1772,106,17:51:09,2012-07-27
437445,133265,-63.5,1772,106,17:45:54,2012-07-27
437435,133275,-64.0,1772,106,17:45:55,2012-07-27
437680,133280,-62.666668,1772,106,17:51:10,2012-07-27
437430,133285,-64.0,1772,106,17:45:56,2012-07-27
437685,133285,-62.0,1772,106,17:51:11,2012-07-27
437155,133295,-61.0,1772,106,17:39:03,2012-07-27
437160,133295,-61.799999,1772,106,17:39:04,2012-07-27
437170,133295,-63.0,1772,106,17:39:05,2012-07-27
437145,133300,-59.666668,1772,106,17:42:34,2012-07-27
437155,133300,-46.0,1772,106,17:42:36,2012-07-27
437160,133300,-46.0,1772,106,17:42:36,2012-07-27
437165,133300,-46.0,1772,106,17:42:37,2012-07-27
437170,133300,-50.0,1772,106,17:42:38,2012-07-27
437175,133300,-59.888889,1772,106,17:42:40,2012-07-27
437180,133300,-62.0,1772,106,17:39:07,2012-07-27
437685,133300,-63.0,1772,106,17:51:12,2012-07-27
437135,133305,-46.0,1772,106,17:42:33,2012-07-27
437140,133305,-60.857143,1772,106,17:38:59,2012-07-27
437135,133310,-58.200001,1772,106,17:38:58,2012-07-27
437190,133310,-58.0,1772,106,17:42:41,2012-07-27
437135,133315,-56.333332,1772,106,17:38:57,2012-07-27
437195,133315,-60.0,1772,106,17:42:43,2012-07-27
437690,133315,-64.666664,1772,106,17:51:13,2012-07-27
437200,133320,-60.25,1772,106,17:42:44,2012-07-27
437135,133325,-53.75,1772,106,17:38:55,2012-07-27
437205,133325,-61.0,1772,106,17:42:45,2012-07-27
437130,133330,-53.0,1772,106,17:38:55,2012-07-27
437210,133330,-61.5,1772,106,17:42:45,2012-07-27
437215,133330,-63.0,1772,106,17:42:46,2012-07-27
437695,133330,-64.0,1772,106,17:51:15,2012-07-27
437130,133335,-54.599998,1772,106,17:38:54,2012-07-27
437215,133335,-63.333332,1772,106,17:42:47,2012-07-27
437695,133335,-64.0,1772,106,17:51:15,2012-07-27
437130,133340,-56.5,1772,106,17:38:52,2012-07-27
437220,133340,-64.0,1772,106,17:42:47,2012-07-27
437700,133340,-64.199997,1772,106,17:51:16,2012-07-27
437125,133345,-57.0,1772,106,17:38:52,2012-07-27
437225,133345,-63.25,1772,106,17:42:48,2012-07-27
437700,133345,-65.0,1772,106,17:51:16,2012-07-27
437705,133345,-65.0,1772,106,17:51:17,2012-07-27
437705,133350,-64.0,1772,106,17:51:19,2012-07-27
437125,133355,-57.0,1772,106,17:38:51,2012-07-27
437230,133355,-61.333332,1772,106,17:42:50,2012-07-27
437705,133355,-63.0,1772,106,17:51:20,2012-07-27
437235,133360,-62.0,1772,106,17:42:50,2012-07-27
437115,133365,-57.666668,1772,106,17:38:50,2012-07-27
437245,133365,-62.0,1772,106,17:42:51,2012-07-27
437115,133370,-58.0,1772,106,17:38:49,2012-07-27
437250,133370,-62.666668,1772,106,17:42:53,2012-07-27
437110,133375,-58.0,1772,106,17:38:48,2012-07-27
437255,133375,-64.0,1772,106,17:42:53,2012-07-27
437260,133375,-64.0,1772,106,17:42:53,2012-07-27
437260,133380,-64.0,1772,106,17:42:54,2012-07-27
437265,133380,-64.0,1772,106,17:42:54,2012-07-27
437270,133380,-64.0,1772,106,17:42:55,2012-07-27
437100,133385,-56.666668,1772,106,17:38:47,2012-07-27
437095,133390,-56.0,1772,106,17:38:46,2012-07-27
437090,133395,-57.0,1772,106,17:38:45,2012-07-27
437095,133395,-56.75,1772,106,17:38:45,2012-07-27
437085,133400,-57.75,1772,106,17:38:44,2012-07-27
437040,133405,-60.0,1772,106,17:38:37,2012-07-27
437045,133405,-60.0,1772,106,17:38:37,2012-07-27
437050,133405,-60.0,1772,106,17:38:38,2012-07-27
437055,133405,-60.0,1772,106,17:38:39,2012-07-27
437060,133405,-60.0,1772,106,17:38:40,2012-07-27
437070,133405,-59.333332,1772,106,17:38:41,2012-07-27
437075,133405,-58.0,1772,106,17:38:43,2012-07-27
437025,133410,-51.0,1772,106,17:38:34,2012-07-27
437030,133410,-54.0,1772,106,17:38:35,2012-07-27
437020,133415,-51.0,1772,106,17:38:33,2012-07-27
437010,133425,-51.0,1772,106,17:38:31,2012-07-27
437005,133430,-51.0,1772,106,17:38:30,2012-07-27
436710,133485,-51.200001,1772,106,17:37:21,2012-07-27
436715,133485,-51.0,1772,106,17:37:19,2012-07-27
436705,133490,-52.625,1772,106,17:37:23,2012-07-27
436725,133490,-51.0,1772,106,17:37:18,2012-07-27
436705,133500,-52.0,1772,106,17:37:26,2012-07-27
436725,133500,-51.0,1772,106,17:37:16,2012-07-27
436710,133505,-53.25,1772,106,17:37:28,2012-07-27
436715,133515,-57.666668,1772,106,17:37:29,2012-07-27
436720,133520,-60.333332,1772,106,17:37:31,2012-07-27
436730,133535,-64.333336,1772,106,17:37:33,2012-07-27
436735,133545,-61.0,1772,106,17:37:35,2012-07-27
436735,133550,-53.0,1772,106,17:37:37,2012-07-27
436735,133555,-48.0,1772,106,17:37:38,2012-07-27
437620,133575,-52.0,1772,106,17:35:01,2012-07-27
437605,133600,-52.0,1772,106,17:35:02,2012-07-27
437590,133615,-52.0,1772,106,17:35:02,2012-07-27
437580,133630,-52.0,1772,106,17:35:04,2012-07-27
437560,133660,-52.0,1772,106,17:35:05,2012-07-27
437550,133675,-51.0,1772,106,17:35:06,2012-07-27
437540,133690,-48.0,1772,106,17:35:07,2012-07-27
437525,133715,-48.0,1772,106,17:35:08,2012-07-27
437510,133730,-48.400002,1772,106,17:35:09,2012-07-27
437500,133745,-49.0,1772,106,17:35:11,2012-07-27
437490,133765,-50.0,1772,106,17:35:11,2012-07-27
437465,133800,-53.0,1772,106,17:35:14,2012-07-27
437460,133805,-55.0,1772,106,17:35:14,2012-07-27
437450,133820,-56.0,1772,106,17:35:15,2012-07-27
437445,133835,-59.0,1772,106,17:35:16,2012-07-27
437435,133845,-60.0,1772,106,17:35:16,2012-07-27
437425,133860,-64.0,1772,106,17:35:18,2012-07-27
437420,133865,-66.0,1772,106,17:35:18,2012-07-27
437415,133870,-66.0,1772,106,17:35:18,2012-07-27
437420,133870,-66.0,1772,106,17:35:18,2012-07-27
437415,133875,-66.0,1772,106,17:35:19,2012-07-27
437410,133880,-66.599998,1772,106,17:35:19,2012-07-27
437410,133885,-69.0,1772,106,17:35:19,2012-07-27
437395,133900,-68.666664,1772,106,17:35:21,2012-07-27
437390,133910,-68.0,1772,106,17:35:21,2012-07-27
437385,133915,-68.0,1772,106,17:35:21,2012-07-27
437385,133920,-68.0,1772,106,17:35:22,2012-07-27
437380,133925,-68.0,1772,106,17:35:22,2012-07-27
437375,133930,-68.0,1772,106,17:35:23,2012-07-27
437375,133935,-68.0,1772,106,17:35:23,2012-07-27
437370,133940,-68.0,1772,106,17:35:23,2012-07-27
