437005,133435,-60.0,1163,108,17:38:29,2012-07-27
437000,133440,-58.0,1163,108,17:38:28,2012-07-27
436995,133455,-57.0,1163,108,17:38:27,2012-07-27
436995,133460,-57.0,1163,108,17:38:26,2012-07-27
436995,133470,-57.0,1163,108,17:38:26,2012-07-27
436990,133475,-55.666668,1163,108,17:38:24,2012-07-27
436985,133485,-54.333332,1163,108,17:38:23,2012-07-27
436975,133505,-54.0,1163,108,17:38:21,2012-07-27
436730,133510,-59.0,1163,108,17:37:14,2012-07-27
436730,133515,-59.875,1163,108,17:37:13,2012-07-27
436970,133515,-52.666668,1163,108,17:38:20,2012-07-27
436730,133520,-60.75,1163,108,17:37:12,2012-07-27
436725,133525,-58.0,1163,108,17:37:10,2012-07-27
436725,133530,-53.0,1163,108,17:37:09,2012-07-27
436960,133530,-51.25,1163,108,17:38:18,2012-07-27
436725,133535,-50.0,1163,108,17:37:08,2012-07-27
436955,133535,-51.75,1163,108,17:38:17,2012-07-27
436725,133540,-48.0,1163,108,17:37:07,2012-07-27
436730,133540,-48.0,1163,108,17:37:07,2012-07-27
436945,133540,-53.333332,1163,108,17:38:16,2012-07-27
436730,133545,-44.799999,1163,108,17:37:06,2012-07-27
436730,133550,-40.25,1163,108,17:37:05,2012-07-27
436940,133550,-54.0,1163,108,17:38:15,2012-07-27
436935,133555,-56.0,1163,108,17:38:14,2012-07-27
436735,133560,-42.200001,1163,108,17:37:04,2012-07-27
436740,133560,-51.333332,1163,108,17:37:45,2012-07-27
436925,133560,-57.75,1163,108,17:38:13,2012-07-27
436740,133565,-40.0,1163,108,17:37:02,2012-07-27
436745,133565,-48.666668,1163,108,17:37:46,2012-07-27
436920,133565,-56.5,1163,108,17:38:11,2012-07-27
436745,133570,-43.0,1163,108,17:37:01,2012-07-27
436750,133575,-45.333332,1163,108,17:36:59,2012-07-27
436755,133575,-46.333332,1163,108,17:37:47,2012-07-27
436910,133575,-55.0,1163,108,17:38:11,2012-07-27
436910,133580,-55.0,1163,108,17:38:10,2012-07-27
436755,133585,-46.0,1163,108,17:36:58,2012-07-27
436765,133585,-47.333332,1163,108,17:37:49,2012-07-27
436905,133585,-54.25,1163,108,17:38:09,2012-07-27
436760,133590,-46.0,1163,108,17:36:57,2012-07-27
436765,133590,-48.0,1163,108,17:37:50,2012-07-27
436900,133590,-54.0,1163,108,17:38:07,2012-07-27
436765,133595,-45.25,1163,108,17:36:57,2012-07-27
436770,133595,-48.0,1163,108,17:37:50,2012-07-27
436815,133595,-53.857143,1163,108,17:37:59,2012-07-27
436820,133595,-54.0,1163,108,17:37:58,2012-07-27
436825,133595,-53.0,1163,108,17:37:59,2012-07-27
436835,133595,-53.799999,1163,108,17:38:00,2012-07-27
436845,133595,-54.25,1163,108,17:38:02,2012-07-27
436885,133595,-51.5,1163,108,17:38:06,2012-07-27
436890,133595,-52.799999,1163,108,17:38:07,2012-07-27
436805,133600,-53.25,1163,108,17:37:56,2012-07-27
436855,133600,-52.0,1163,108,17:38:02,2012-07-27
436865,133600,-51.75,1163,108,17:38:04,2012-07-27
436875,133600,-51.0,1163,108,17:38:05,2012-07-27
436770,133605,-45.0,1163,108,17:36:56,2012-07-27
436780,133605,-49.0,1163,108,17:37:52,2012-07-27
436785,133605,-51.0,1163,108,17:37:52,2012-07-27
436790,133605,-51.0,1163,108,17:37:53,2012-07-27
436795,133605,-51.5,1163,108,17:37:55,2012-07-27
436800,133605,-53.0,1163,108,17:37:55,2012-07-27
436775,133610,-45.666668,1163,108,17:36:55,2012-07-27
436780,133620,-46.0,1163,108,17:36:54,2012-07-27
436790,133630,-43.0,1163,108,17:36:54,2012-07-27
436800,133635,-40.666668,1163,108,17:36:52,2012-07-27
437135,133640,-65.0,1163,108,17:48:37,2012-07-27
436805,133645,-40.0,1163,108,17:36:52,2012-07-27
437130,133645,-63.0,1163,108,17:48:36,2012-07-27
436815,133650,-40.0,1163,108,17:36:51,2012-07-27
437130,133650,-62.0,1163,108,17:48:36,2012-07-27
437125,133655,-62.0,1163,108,17:48:35,2012-07-27
436825,133660,-43.0,1163,108,17:36:50,2012-07-27
437125,133660,-62.0,1163,108,17:48:35,2012-07-27
436835,133665,-45.0,1163,108,17:36:48,2012-07-27
437120,133665,-62.0,1163,108,17:48:34,2012-07-27
437120,133670,-62.0,1163,108,17:48:34,2012-07-27
436855,133680,-47.333332,1163,108,17:36:47,2012-07-27
437115,133680,-62.0,1163,108,17:48:33,2012-07-27
437115,133685,-62.0,1163,108,17:48:32,2012-07-27
436860,133690,-49.0,1163,108,17:36:45,2012-07-27
436870,133695,-50.666668,1163,108,17:36:44,2012-07-27
437110,133700,-61.0,1163,108,17:48:31,2012-07-27
436880,133705,-51.0,1163,108,17:36:43,2012-07-27
436890,133710,-48.0,1163,108,17:36:42,2012-07-27
437105,133710,-61.75,1163,108,17:48:29,2012-07-27
437105,133715,-62.0,1163,108,17:48:29,2012-07-27
436900,133720,-45.5,1163,108,17:36:41,2012-07-27
437100,133720,-62.666668,1163,108,17:48:28,2012-07-27
436910,133725,-43.0,1163,108,17:36:40,2012-07-27
437100,133735,-61.666668,1163,108,17:48:27,2012-07-27
437105,133735,-59.904762,1163,108,17:48:19,2012-07-27
436925,133740,-41.25,1163,108,17:36:38,2012-07-27
437110,133740,-59.0,1163,108,17:48:18,2012-07-27
436935,133745,-40.599998,1163,108,17:36:37,2012-07-27
437115,133745,-59.0,1163,108,17:48:17,2012-07-27
436940,133750,-40.0,1163,108,17:36:35,2012-07-27
437120,133750,-59.0,1163,108,17:48:15,2012-07-27
437125,133755,-59.0,1163,108,17:48:14,2012-07-27
436960,133770,-40.0,1163,108,17:36:34,2012-07-27
436970,133780,-41.0,1163,108,17:36:33,2012-07-27
436990,133795,-43.333332,1163,108,17:36:31,2012-07-27
436995,133805,-45.5,1163,108,17:36:30,2012-07-27
438590,133810,-83.0,1163,108,16:22:09,2012-07-31
437005,133815,-47.0,1163,108,17:36:28,2012-07-27
438575,133815,-78.0,1163,108,16:22:08,2012-07-31
438585,133815,-79.25,1163,108,16:22:09,2012-07-31
438565,133820,-78.0,1163,108,16:22:07,2012-07-31
438570,133820,-78.0,1163,108,16:22:07,2012-07-31
438560,133825,-78.0,1163,108,16:22:06,2012-07-31
437020,133835,-48.666668,1163,108,17:36:27,2012-07-27
437135,133835,-68.0,1163,108,17:47:48,2012-07-27
437065,133840,-64.0,1163,108,17:47:12,2012-07-27
437130,133840,-69.0,1163,108,17:47:48,2012-07-27
438545,133840,-78.0,1163,108,16:22:05,2012-07-31
437025,133845,-49.0,1163,108,17:36:26,2012-07-27
437060,133845,-64.0,1163,108,17:47:12,2012-07-27
437130,133845,-69.0,1163,108,17:47:47,2012-07-27
438545,133845,-78.0,1163,108,16:22:04,2012-07-31
437060,133850,-64.0,1163,108,17:47:14,2012-07-27
437125,133850,-69.800003,1163,108,17:47:47,2012-07-27
437030,133855,-48.333332,1163,108,17:36:24,2012-07-27
437050,133855,-42.833332,1163,108,17:47:19,2012-07-27
437055,133855,-61.777779,1163,108,17:47:17,2012-07-27
437125,133855,-70.0,1163,108,17:47:46,2012-07-27
438200,133855,-73.0,1163,108,16:21:33,2012-07-31
438205,133855,-73.0,1163,108,16:21:33,2012-07-31
437045,133860,-44.200001,1163,108,17:47:22,2012-07-27
437120,133860,-70.666664,1163,108,17:47:46,2012-07-27
438220,133860,-73.0,1163,108,16:21:35,2012-07-31
438530,133860,-78.0,1163,108,16:22:03,2012-07-31
437035,133865,-48.0,1163,108,17:36:23,2012-07-27
437045,133865,-46.5,1163,108,17:47:23,2012-07-27
437120,133865,-71.0,1163,108,17:47:45,2012-07-27
437045,133870,-47.666668,1163,108,17:47:24,2012-07-27
438255,133870,-73.0,1163,108,16:21:37,2012-07-31
437115,133875,-69.5,1163,108,17:47:44,2012-07-27
438270,133875,-73.0,1163,108,16:21:38,2012-07-31
437040,133880,-48.0,1163,108,17:36:22,2012-07-27
437050,133880,-50.0,1163,108,17:47:26,2012-07-27
437115,133880,-67.666664,1163,108,17:47:43,2012-07-27
438280,133880,-73.0,1163,108,16:21:39,2012-07-31
437050,133885,-53.0,1163,108,17:47:27,2012-07-27
437110,133885,-67.0,1163,108,17:47:42,2012-07-27
437045,133890,-48.0,1163,108,17:36:21,2012-07-27
437050,133890,-55.666668,1163,108,17:47:29,2012-07-27
438295,133890,-74.25,1163,108,16:21:40,2012-07-31
437105,133895,-63.25,1163,108,17:47:41,2012-07-27
438310,133895,-75.0,1163,108,16:21:41,2012-07-31
437105,133900,-60.5,1163,108,17:47:40,2012-07-27
437050,133905,-49.333332,1163,108,17:36:20,2012-07-27
437055,133905,-57.333332,1163,108,17:47:30,2012-07-27
437050,133910,-52.666668,1163,108,17:36:18,2012-07-27
437060,133910,-57.666668,1163,108,17:47:31,2012-07-27
437065,133910,-57.0,1163,108,17:47:33,2012-07-27
437100,133910,-58.799999,1163,108,17:47:38,2012-07-27
437080,133915,-56.333332,1163,108,17:47:34,2012-07-27
437085,133915,-54.799999,1163,108,17:47:36,2012-07-27
437090,133915,-54.0,1163,108,17:47:36,2012-07-27
437095,133915,-56.0,1163,108,17:47:37,2012-07-27
437055,133920,-54.666668,1163,108,17:36:18,2012-07-27
437060,133930,-53.75,1163,108,17:36:16,2012-07-27
437965,133935,-76.0,1163,108,16:20:23,2012-07-31
437070,133940,-52.333332,1163,108,17:36:14,2012-07-27
437965,133940,-76.0,1163,108,16:20:22,2012-07-31
437965,133945,-76.0,1163,108,16:20:22,2012-07-31
437075,133950,-51.333332,1163,108,17:36:13,2012-07-27
437960,133950,-76.0,1163,108,16:20:22,2012-07-31
437075,133955,-51.0,1163,108,17:36:12,2012-07-27
437960,133955,-76.0,1163,108,16:20:21,2012-07-31
437080,133960,-50.25,1163,108,17:36:11,2012-07-27
437960,133960,-76.0,1163,108,16:20:21,2012-07-31
437955,133965,-76.0,1163,108,16:20:20,2012-07-31
437960,133965,-76.0,1163,108,16:20:21,2012-07-31
437090,133970,-50.75,1163,108,17:36:10,2012-07-27
437090,133975,-51.0,1163,108,17:36:09,2012-07-27
437955,133975,-75.25,1163,108,16:20:20,2012-07-31
437095,133980,-51.666668,1163,108,17:36:09,2012-07-27
437100,133985,-52.0,1163,108,17:36:08,2012-07-27
437950,133985,-73.666664,1163,108,16:20:18,2012-07-31
437105,133990,-52.0,1163,108,17:36:07,2012-07-27
437105,133995,-52.599998,1163,108,17:36:07,2012-07-27
437950,134000,-71.0,1163,108,16:20:17,2012-07-31
437115,134005,-53.666668,1163,108,17:36:06,2012-07-27
437125,134015,-53.333332,1163,108,17:36:04,2012-07-27
437130,134020,-53.0,1163,108,17:36:04,2012-07-27
437135,134025,-55.25,1163,108,17:36:03,2012-07-27
437945,134025,-70.0,1163,108,16:20:16,2012-07-31
437950,134025,-70.0,1163,108,16:20:14,2012-07-31
437140,134030,-56.0,1163,108,17:36:02,2012-07-27
437145,134040,-56.666668,1163,108,17:36:02,2012-07-27
437960,134050,-70.0,1163,108,16:20:13,2012-07-31
437960,134055,-69.333336,1163,108,16:20:11,2012-07-31
437165,134060,-57.0,1163,108,17:36:00,2012-07-27
437170,134065,-57.0,1163,108,17:35:59,2012-07-27
437965,134070,-67.333336,1163,108,16:20:09,2012-07-31
437175,134075,-57.0,1163,108,17:35:57,2012-07-27
437970,134080,-66.333336,1163,108,16:20:09,2012-07-31
437185,134085,-57.0,1163,108,17:35:56,2012-07-27
437975,134100,-66.666664,1163,108,16:20:07,2012-07-31
437975,134105,-65.0,1163,108,16:20:06,2012-07-31
437980,134130,-64.75,1163,108,16:20:03,2012-07-31
437980,134140,-66.0,1163,108,16:20:02,2012-07-31
437980,134145,-63.75,1163,108,16:20:02,2012-07-31
437985,134150,-63.0,1163,108,16:20:01,2012-07-31
437985,134155,-61.799999,1163,108,16:20:00,2012-07-31
437985,134160,-60.0,1163,108,16:20:00,2012-07-31
437985,134165,-60.0,1163,108,16:19:59,2012-07-31
437985,134170,-60.0,1163,108,16:19:59,2012-07-31
437990,134175,-62.0,1163,108,16:19:59,2012-07-31
437990,134180,-63.0,1163,108,16:19:58,2012-07-31
437990,134185,-63.75,1163,108,16:19:57,2012-07-31
437995,134195,-64.0,1163,108,16:19:57,2012-07-31
437995,134200,-64.666664,1163,108,16:19:56,2012-07-31
438000,134215,-67.25,1163,108,16:19:54,2012-07-31
438000,134220,-68.0,1163,108,16:19:54,2012-07-31
438005,134230,-68.666664,1163,108,16:19:53,2012-07-31
438010,134235,-69.0,1163,108,16:19:52,2012-07-31
438010,134240,-68.25,1163,108,16:19:52,2012-07-31
438015,134245,-68.0,1163,108,16:19:51,2012-07-31
438020,134250,-68.0,1163,108,16:19:50,2012-07-31
438030,134265,-67.333336,1163,108,16:19:49,2012-07-31
438030,134270,-67.666664,1163,108,16:19:47,2012-07-31
438030,134275,-69.333336,1163,108,16:19:46,2012-07-31
437970,134280,-63.0,1163,108,16:19:35,2012-07-31
437980,134280,-65.400002,1163,108,16:19:36,2012-07-31
437985,134280,-68.199997,1163,108,16:19:37,2012-07-31
438000,134280,-71.0,1163,108,16:19:39,2012-07-31
438010,134280,-73.0,1163,108,16:19:40,2012-07-31
438020,134280,-73.0,1163,108,16:19:42,2012-07-31
438030,134280,-71.333336,1163,108,16:19:45,2012-07-31
437960,134285,-60.0,1163,108,16:19:35,2012-07-31
438025,134285,-72.666664,1163,108,16:19:43,2012-07-31
437945,134290,-56.333332,1163,108,16:19:33,2012-07-31
437935,134295,-54.333332,1163,108,16:19:32,2012-07-31
437930,134305,-54.0,1163,108,16:19:31,2012-07-31
437920,134310,-54.0,1163,108,16:19:30,2012-07-31
437915,134320,-54.0,1163,108,16:19:29,2012-07-31
437905,134330,-54.666668,1163,108,16:19:28,2012-07-31
437895,134355,-55.0,1163,108,16:19:26,2012-07-31
437890,134365,-55.666668,1163,108,16:19:25,2012-07-31
437880,134380,-54.200001,1163,108,16:19:23,2012-07-31
437875,134400,-53.0,1163,108,16:19:22,2012-07-31
437865,134410,-53.0,1163,108,16:19:21,2012-07-31
437860,134415,-53.0,1163,108,16:19:19,2012-07-31
437845,134430,-53.0,1163,108,16:19:18,2012-07-31
437835,134435,-53.0,1163,108,16:19:18,2012-07-31
437890,135355,-75.0,1163,108,16:18:04,2012-07-31
437895,135360,-75.0,1163,108,16:18:03,2012-07-31
437895,135365,-75.0,1163,108,16:18:02,2012-07-31
437905,135365,-75.0,1163,108,16:18:01,2012-07-31
437920,135365,-71.375,1163,108,16:17:59,2012-07-31
437925,135365,-67.666664,1163,108,16:17:58,2012-07-31
437945,135365,-67.0,1163,108,16:17:56,2012-07-31
437950,135365,-66.25,1163,108,16:17:55,2012-07-31
437960,135370,-65.333336,1163,108,16:17:54,2012-07-31
437965,135375,-66.333336,1163,108,16:17:52,2012-07-31
437980,135385,-67.666664,1163,108,16:17:51,2012-07-31
437995,135400,-68.666664,1163,108,16:17:49,2012-07-31
438000,135410,-71.0,1163,108,16:17:48,2012-07-31
438005,135415,-73.333336,1163,108,16:17:47,2012-07-31
438020,135435,-74.666664,1163,108,16:17:45,2012-07-31
438025,135445,-74.25,1163,108,16:17:44,2012-07-31
438030,135455,-74.0,1163,108,16:17:43,2012-07-31
438040,135465,-74.166664,1163,108,16:17:41,2012-07-31
438050,135485,-72.333336,1163,108,16:17:40,2012-07-31
438050,135490,-72.0,1163,108,16:17:38,2012-07-31
438060,135510,-72.666664,1163,108,16:17:37,2012-07-31
438075,135530,-72.333336,1163,108,16:17:35,2012-07-31
438080,135535,-70.400002,1163,108,16:17:34,2012-07-31
438085,135540,-68.666664,1163,108,16:17:33,2012-07-31
438085,135550,-68.0,1163,108,16:17:32,2012-07-31
438090,135550,-68.0,1163,108,16:17:32,2012-07-31
438095,135560,-68.800003,1163,108,16:17:31,2012-07-31
438095,135565,-69.0,1163,108,16:17:30,2012-07-31
438100,135565,-69.0,1163,108,16:17:30,2012-07-31
438100,135570,-69.0,1163,108,16:17:30,2012-07-31
438105,135570,-66.75,1163,108,16:17:29,2012-07-31
438105,135575,-66.0,1163,108,16:17:29,2012-07-31
438110,135580,-66.0,1163,108,16:17:29,2012-07-31
438110,135585,-67.333336,1163,108,16:17:28,2012-07-31
438120,135595,-68.75,1163,108,16:17:27,2012-07-31
438125,135600,-69.0,1163,108,16:17:26,2012-07-31
438130,135605,-68.25,1163,108,16:17:25,2012-07-31
438135,135610,-68.0,1163,108,16:17:25,2012-07-31
438140,135615,-68.0,1163,108,16:17:24,2012-07-31
438145,135625,-68.0,1163,108,16:17:23,2012-07-31
438150,135630,-69.333336,1163,108,16:17:23,2012-07-31
438160,135635,-70.0,1163,108,16:17:22,2012-07-31
438165,135640,-69.25,1163,108,16:17:21,2012-07-31
438175,135645,-69.0,1163,108,16:17:21,2012-07-31
438180,135655,-71.0,1163,108,16:17:20,2012-07-31
438195,135665,-70.0,1163,108,16:17:18,2012-07-31
438200,135675,-69.0,1163,108,16:17:17,2012-07-31
438215,135695,-69.0,1163,108,16:17:15,2012-07-31
438220,135705,-69.0,1163,108,16:17:14,2012-07-31
438225,135710,-69.0,1163,108,16:17:13,2012-07-31
438230,135720,-69.0,1163,108,16:17:13,2012-07-31
438300,135925,-82.333336,1163,108,16:16:46,2012-07-31
438295,135930,-83.0,1163,108,16:16:45,2012-07-31
438285,135935,-81.666664,1163,108,16:16:43,2012-07-31
438275,135940,-80.25,1163,108,16:16:42,2012-07-31
438280,135940,-81.0,1163,108,16:16:42,2012-07-31
438270,135945,-80.0,1163,108,16:16:41,2012-07-31
438265,135950,-79.333336,1163,108,16:16:40,2012-07-31
438250,135955,-79.0,1163,108,16:16:39,2012-07-31
438255,135955,-79.0,1163,108,16:16:39,2012-07-31
438245,135960,-79.0,1163,108,16:16:38,2012-07-31
438240,135965,-76.75,1163,108,16:16:37,2012-07-31
438230,135970,-76.666664,1163,108,16:16:36,2012-07-31
438235,135970,-76.0,1163,108,16:16:37,2012-07-31
438215,135980,-77.0,1163,108,16:16:35,2012-07-31
438205,135985,-75.666664,1163,108,16:16:33,2012-07-31
438210,135985,-77.0,1163,108,16:16:34,2012-07-31
438200,135990,-75.0,1163,108,16:16:32,2012-07-31
438190,135995,-73.0,1163,108,16:16:32,2012-07-31
438195,135995,-73.5,1163,108,16:16:32,2012-07-31
438180,136000,-73.0,1163,108,16:16:31,2012-07-31
438185,136000,-73.0,1163,108,16:16:31,2012-07-31
438175,136005,-69.0,1163,108,16:16:30,2012-07-31
438180,136005,-70.0,1163,108,16:16:30,2012-07-31
438170,136010,-69.0,1163,108,16:16:29,2012-07-31
438175,136010,-69.0,1163,108,16:16:29,2012-07-31
438165,136015,-69.0,1163,108,16:16:28,2012-07-31
438160,136020,-69.0,1163,108,16:16:28,2012-07-31
438145,136030,-69.0,1163,108,16:16:27,2012-07-31
438140,136035,-69.0,1163,108,16:16:26,2012-07-31
438130,136040,-69.0,1163,108,16:16:25,2012-07-31
437005,133435,-60.0,1163,108,17:38:29,2012-07-27
437000,133440,-58.0,1163,108,17:38:28,2012-07-27
436995,133455,-57.0,1163,108,17:38:27,2012-07-27
436995,133460,-57.0,1163,108,17:38:26,2012-07-27
436995,133470,-57.0,1163,108,17:38:26,2012-07-27
436990,133475,-55.666668,1163,108,17:38:24,2012-07-27
436985,133485,-54.333332,1163,108,17:38:23,2012-07-27
436975,133505,-54.0,1163,108,17:38:21,2012-07-27
436730,133510,-59.0,1163,108,17:37:14,2012-07-27
436730,133515,-59.875,1163,108,17:37:13,2012-07-27
436970,133515,-52.666668,1163,108,17:38:20,2012-07-27
436730,133520,-60.75,1163,108,17:37:12,2012-07-27
436725,133525,-58.0,1163,108,17:37:10,2012-07-27
436725,133530,-53.0,1163,108,17:37:09,2012-07-27
436960,133530,-51.25,1163,108,17:38:18,2012-07-27
436725,133535,-50.0,1163,108,17:37:08,2012-07-27
436955,133535,-51.75,1163,108,17:38:17,2012-07-27
436725,133540,-48.0,1163,108,17:37:07,2012-07-27
436730,133540,-48.0,1163,108,17:37:07,2012-07-27
436945,133540,-53.333332,1163,108,17:38:16,2012-07-27
436730,133545,-44.799999,1163,108,17:37:06,2012-07-27
436730,133550,-40.25,1163,108,17:37:05,2012-07-27
436940,133550,-54.0,1163,108,17:38:15,2012-07-27
436935,133555,-56.0,1163,108,17:38:14,2012-07-27
436735,133560,-42.200001,1163,108,17:37:04,2012-07-27
436740,133560,-51.333332,1163,108,17:37:45,2012-07-27
436925,133560,-57.75,1163,108,17:38:13,2012-07-27
436740,133565,-40.0,1163,108,17:37:02,2012-07-27
436745,133565,-48.666668,1163,108,17:37:46,2012-07-27
436920,133565,-56.5,1163,108,17:38:11,2012-07-27
436745,133570,-43.0,1163,108,17:37:01,2012-07-27
436750,133575,-45.333332,1163,108,17:36:59,2012-07-27
436755,133575,-46.333332,1163,108,17:37:47,2012-07-27
436910,133575,-55.0,1163,108,17:38:11,2012-07-27
436910,133580,-55.0,1163,108,17:38:10,2012-07-27
436755,133585,-46.0,1163,108,17:36:58,2012-07-27
436765,133585,-47.333332,1163,108,17:37:49,2012-07-27
436905,133585,-54.25,1163,108,17:38:09,2012-07-27
436760,133590,-46.0,1163,108,17:36:57,2012-07-27
436765,133590,-48.0,1163,108,17:37:50,2012-07-27
436900,133590,-54.0,1163,108,17:38:07,2012-07-27
436765,133595,-45.25,1163,108,17:36:57,2012-07-27
436770,133595,-48.0,1163,108,17:37:50,2012-07-27
436815,133595,-53.857143,1163,108,17:37:59,2012-07-27
436820,133595,-54.0,1163,108,17:37:58,2012-07-27
436825,133595,-53.0,1163,108,17:37:59,2012-07-27
436835,133595,-53.799999,1163,108,17:38:00,2012-07-27
436845,133595,-54.25,1163,108,17:38:02,2012-07-27
436885,133595,-51.5,1163,108,17:38:06,2012-07-27
436890,133595,-52.799999,1163,108,17:38:07,2012-07-27
436805,133600,-53.25,1163,108,17:37:56,2012-07-27
436855,133600,-52.0,1163,108,17:38:02,2012-07-27
436865,133600,-51.75,1163,108,17:38:04,2012-07-27
436875,133600,-51.0,1163,108,17:38:05,2012-07-27
436770,133605,-45.0,1163,108,17:36:56,2012-07-27
436780,133605,-49.0,1163,108,17:37:52,2012-07-27
436785,133605,-51.0,1163,108,17:37:52,2012-07-27
436790,133605,-51.0,1163,108,17:37:53,2012-07-27
436795,133605,-51.5,1163,108,17:37:55,2012-07-27
436800,133605,-53.0,1163,108,17:37:55,2012-07-27
436775,133610,-45.666668,1163,108,17:36:55,2012-07-27
436780,133620,-46.0,1163,108,17:36:54,2012-07-27
436790,133630,-43.0,1163,108,17:36:54,2012-07-27
436800,133635,-40.666668,1163,108,17:36:52,2012-07-27
437135,133640,-65.0,1163,108,17:48:37,2012-07-27
436805,133645,-40.0,1163,108,17:36:52,2012-07-27
437130,133645,-63.0,1163,108,17:48:36,2012-07-27
436815,133650,-40.0,1163,108,17:36:51,2012-07-27
437130,133650,-62.0,1163,108,17:48:36,2012-07-27
437125,133655,-62.0,1163,108,17:48:35,2012-07-27
436825,133660,-43.0,1163,108,17:36:50,2012-07-27
437125,133660,-62.0,1163,108,17:48:35,2012-07-27
436835,133665,-45.0,1163,108,17:36:48,2012-07-27
437120,133665,-62.0,1163,108,17:48:34,2012-07-27
437120,133670,-62.0,1163,108,17:48:34,2012-07-27
436855,133680,-47.333332,1163,108,17:36:47,2012-07-27
437115,133680,-62.0,1163,108,17:48:33,2012-07-27
437115,133685,-62.0,1163,108,17:48:32,2012-07-27
436860,133690,-49.0,1163,108,17:36:45,2012-07-27
436870,133695,-50.666668,1163,108,17:36:44,2012-07-27
437110,133700,-61.0,1163,108,17:48:31,2012-07-27
436880,133705,-51.0,1163,108,17:36:43,2012-07-27
436890,133710,-48.0,1163,108,17:36:42,2012-07-27
437105,133710,-61.75,1163,108,17:48:29,2012-07-27
437105,133715,-62.0,1163,108,17:48:29,2012-07-27
436900,133720,-45.5,1163,108,17:36:41,2012-07-27
437100,133720,-62.666668,1163,108,17:48:28,2012-07-27
436910,133725,-43.0,1163,108,17:36:40,2012-07-27
437100,133735,-61.666668,1163,108,17:48:27,2012-07-27
437105,133735,-59.904762,1163,108,17:48:19,2012-07-27
436925,133740,-41.25,1163,108,17:36:38,2012-07-27
437110,133740,-59.0,1163,108,17:48:18,2012-07-27
436935,133745,-40.599998,1163,108,17:36:37,2012-07-27
437115,133745,-59.0,1163,108,17:48:17,2012-07-27
436940,133750,-40.0,1163,108,17:36:35,2012-07-27
437120,133750,-59.0,1163,108,17:48:15,2012-07-27
437125,133755,-59.0,1163,108,17:48:14,2012-07-27
436960,133770,-40.0,1163,108,17:36:34,2012-07-27
436970,133780,-41.0,1163,108,17:36:33,2012-07-27
436990,133795,-43.333332,1163,108,17:36:31,2012-07-27
436995,133805,-45.5,1163,108,17:36:30,2012-07-27
438590,133810,-83.0,1163,108,16:22:09,2012-07-31
437005,133815,-47.0,1163,108,17:36:28,2012-07-27
438575,133815,-78.0,1163,108,16:22:08,2012-07-31
438585,133815,-79.25,1163,108,16:22:09,2012-07-31
438565,133820,-78.0,1163,108,16:22:07,2012-07-31
438570,133820,-78.0,1163,108,16:22:07,2012-07-31
438560,133825,-78.0,1163,108,16:22:06,2012-07-31
437020,133835,-48.666668,1163,108,17:36:27,2012-07-27
437135,133835,-68.0,1163,108,17:47:48,2012-07-27
437065,133840,-64.0,1163,108,17:47:12,2012-07-27
437130,133840,-69.0,1163,108,17:47:48,2012-07-27
438545,133840,-78.0,1163,108,16:22:05,2012-07-31
437025,133845,-49.0,1163,108,17:36:26,2012-07-27
437060,133845,-64.0,1163,108,17:47:12,2012-07-27
437130,133845,-69.0,1163,108,17:47:47,2012-07-27
438545,133845,-78.0,1163,108,16:22:04,2012-07-31
437060,133850,-64.0,1163,108,17:47:14,2012-07-27
437125,133850,-69.800003,1163,108,17:47:47,2012-07-27
437030,133855,-48.333332,1163,108,17:36:24,2012-07-27
437050,133855,-42.833332,1163,108,17:47:19,2012-07-27
437055,133855,-61.777779,1163,108,17:47:17,2012-07-27
437125,133855,-70.0,1163,108,17:47:46,2012-07-27
438200,133855,-73.0,1163,108,16:21:33,2012-07-31
438205,133855,-73.0,1163,108,16:21:33,2012-07-31
437045,133860,-44.200001,1163,108,17:47:22,2012-07-27
437120,133860,-70.666664,1163,108,17:47:46,2012-07-27
438220,133860,-73.0,1163,108,16:21:35,2012-07-31
438530,133860,-78.0,1163,108,16:22:03,2012-07-31
437035,133865,-48.0,1163,108,17:36:23,2012-07-27
437045,133865,-46.5,1163,108,17:47:23,2012-07-27
437120,133865,-71.0,1163,108,17:47:45,2012-07-27
437045,133870,-47.666668,1163,108,17:47:24,2012-07-27
438255,133870,-73.0,1163,108,16:21:37,2012-07-31
437115,133875,-69.5,1163,108,17:47:44,2012-07-27
438270,133875,-73.0,1163,108,16:21:38,2012-07-31
437040,133880,-48.0,1163,108,17:36:22,2012-07-27
437050,133880,-50.0,1163,108,17:47:26,2012-07-27
437115,133880,-67.666664,1163,108,17:47:43,2012-07-27
438280,133880,-73.0,1163,108,16:21:39,2012-07-31
437050,133885,-53.0,1163,108,17:47:27,2012-07-27
437110,133885,-67.0,1163,108,17:47:42,2012-07-27
437045,133890,-48.0,1163,108,17:36:21,2012-07-27
437050,133890,-55.666668,1163,108,17:47:29,2012-07-27
438295,133890,-74.25,1163,108,16:21:40,2012-07-31
437105,133895,-63.25,1163,108,17:47:41,2012-07-27
438310,133895,-75.0,1163,108,16:21:41,2012-07-31
437105,133900,-60.5,1163,108,17:47:40,2012-07-27
437050,133905,-49.333332,1163,108,17:36:20,2012-07-27
437055,133905,-57.333332,1163,108,17:47:30,2012-07-27
437050,133910,-52.666668,1163,108,17:36:18,2012-07-27
437060,133910,-57.666668,1163,108,17:47:31,2012-07-27
437065,133910,-57.0,1163,108,17:47:33,2012-07-27
437100,133910,-58.799999,1163,108,17:47:38,2012-07-27
437080,133915,-56.333332,1163,108,17:47:34,2012-07-27
437085,133915,-54.799999,1163,108,17:47:36,2012-07-27
437090,133915,-54.0,1163,108,17:47:36,2012-07-27
437095,133915,-56.0,1163,108,17:47:37,2012-07-27
437055,133920,-54.666668,1163,108,17:36:18,2012-07-27
437060,133930,-53.75,1163,108,17:36:16,2012-07-27
437965,133935,-76.0,1163,108,16:20:23,2012-07-31
437070,133940,-52.333332,1163,108,17:36:14,2012-07-27
437965,133940,-76.0,1163,108,16:20:22,2012-07-31
437965,133945,-76.0,1163,108,16:20:22,2012-07-31
437075,133950,-51.333332,1163,108,17:36:13,2012-07-27
437960,133950,-76.0,1163,108,16:20:22,2012-07-31
437075,133955,-51.0,1163,108,17:36:12,2012-07-27
437960,133955,-76.0,1163,108,16:20:21,2012-07-31
437080,133960,-50.25,1163,108,17:36:11,2012-07-27
437960,133960,-76.0,1163,108,16:20:21,2012-07-31
437955,133965,-76.0,1163,108,16:20:20,2012-07-31
437960,133965,-76.0,1163,108,16:20:21,2012-07-31
437090,133970,-50.75,1163,108,17:36:10,2012-07-27
437090,133975,-51.0,1163,108,17:36:09,2012-07-27
437955,133975,-75.25,1163,108,16:20:20,2012-07-31
437095,133980,-51.666668,1163,108,17:36:09,2012-07-27
437100,133985,-52.0,1163,108,17:36:08,2012-07-27
437950,133985,-73.666664,1163,108,16:20:18,2012-07-31
437105,133990,-52.0,1163,108,17:36:07,2012-07-27
437105,133995,-52.599998,1163,108,17:36:07,2012-07-27
437950,134000,-71.0,1163,108,16:20:17,2012-07-31
437115,134005,-53.666668,1163,108,17:36:06,2012-07-27
437125,134015,-53.333332,1163,108,17:36:04,2012-07-27
437130,134020,-53.0,1163,108,17:36:04,2012-07-27
437135,134025,-55.25,1163,108,17:36:03,2012-07-27
437945,134025,-70.0,1163,108,16:20:16,2012-07-31
437950,134025,-70.0,1163,108,16:20:14,2012-07-31
437140,134030,-56.0,1163,108,17:36:02,2012-07-27
437145,134040,-56.666668,1163,108,17:36:02,2012-07-27
437960,134050,-70.0,1163,108,16:20:13,2012-07-31
437960,134055,-69.333336,1163,108,16:20:11,2012-07-31
437165,134060,-57.0,1163,108,17:36:00,2012-07-27
437170,134065,-57.0,1163,108,17:35:59,2012-07-27
437965,134070,-67.333336,1163,108,16:20:09,2012-07-31
437175,134075,-57.0,1163,108,17:35:57,2012-07-27
437970,134080,-66.333336,1163,108,16:20:09,2012-07-31
437185,134085,-57.0,1163,108,17:35:56,2012-07-27
437975,134100,-66.666664,1163,108,16:20:07,2012-07-31
437975,134105,-65.0,1163,108,16:20:06,2012-07-31
437980,134130,-64.75,1163,108,16:20:03,2012-07-31
437980,134140,-66.0,1163,108,16:20:02,2012-07-31
437980,134145,-63.75,1163,108,16:20:02,2012-07-31
437985,134150,-63.0,1163,108,16:20:01,2012-07-31
437985,134155,-61.799999,1163,108,16:20:00,2012-07-31
437985,134160,-60.0,1163,108,16:20:00,2012-07-31
437985,134165,-60.0,1163,108,16:19:59,2012-07-31
437985,134170,-60.0,1163,108,16:19:59,2012-07-31
437990,134175,-62.0,1163,108,16:19:59,2012-07-31
437990,134180,-63.0,1163,108,16:19:58,2012-07-31
437990,134185,-63.75,1163,108,16:19:57,2012-07-31
437995,134195,-64.0,1163,108,16:19:57,2012-07-31
437995,134200,-64.666664,1163,108,16:19:56,2012-07-31
438000,134215,-67.25,1163,108,16:19:54,2012-07-31
438000,134220,-68.0,1163,108,16:19:54,2012-07-31
438005,134230,-68.666664,1163,108,16:19:53,2012-07-31
438010,134235,-69.0,1163,108,16:19:52,2012-07-31
438010,134240,-68.25,1163,108,16:19:52,2012-07-31
438015,134245,-68.0,1163,108,16:19:51,2012-07-31
438020,134250,-68.0,1163,108,16:19:50,2012-07-31
438030,134265,-67.333336,1163,108,16:19:49,2012-07-31
438030,134270,-67.666664,1163,108,16:19:47,2012-07-31
438030,134275,-69.333336,1163,108,16:19:46,2012-07-31
437970,134280,-63.0,1163,108,16:19:35,2012-07-31
437980,134280,-65.400002,1163,108,16:19:36,2012-07-31
437985,134280,-68.199997,1163,108,16:19:37,2012-07-31
438000,134280,-71.0,1163,108,16:19:39,2012-07-31
438010,134280,-73.0,1163,108,16:19:40,2012-07-31
438020,134280,-73.0,1163,108,16:19:42,2012-07-31
438030,134280,-71.333336,1163,108,16:19:45,2012-07-31
437960,134285,-60.0,1163,108,16:19:35,2012-07-31
438025,134285,-72.666664,1163,108,16:19:43,2012-07-31
437945,134290,-56.333332,1163,108,16:19:33,2012-07-31
437935,134295,-54.333332,1163,108,16:19:32,2012-07-31
437930,134305,-54.0,1163,108,16:19:31,2012-07-31
437920,134310,-54.0,1163,108,16:19:30,2012-07-31
437915,134320,-54.0,1163,108,16:19:29,2012-07-31
437905,134330,-54.666668,1163,108,16:19:28,2012-07-31
437895,134355,-55.0,1163,108,16:19:26,2012-07-31
437890,134365,-55.666668,1163,108,16:19:25,2012-07-31
437880,134380,-54.200001,1163,108,16:19:23,2012-07-31
437875,134400,-53.0,1163,108,16:19:22,2012-07-31
437865,134410,-53.0,1163,108,16:19:21,2012-07-31
437860,134415,-53.0,1163,108,16:19:19,2012-07-31
437845,134430,-53.0,1163,108,16:19:18,2012-07-31
437835,134435,-53.0,1163,108,16:19:18,2012-07-31
437890,135355,-75.0,1163,108,16:18:04,2012-07-31
437895,135360,-75.0,1163,108,16:18:03,2012-07-31
437895,135365,-75.0,1163,108,16:18:02,2012-07-31
437905,135365,-75.0,1163,108,16:18:01,2012-07-31
437920,135365,-71.375,1163,108,16:17:59,2012-07-31
437925,135365,-67.666664,1163,108,16:17:58,2012-07-31
437945,135365,-67.0,1163,108,16:17:56,2012-07-31
437950,135365,-66.25,1163,108,16:17:55,2012-07-31
437960,135370,-65.333336,1163,108,16:17:54,2012-07-31
437965,135375,-66.333336,1163,108,16:17:52,2012-07-31
437980,135385,-67.666664,1163,108,16:17:51,2012-07-31
437995,135400,-68.666664,1163,108,16:17:49,2012-07-31
438000,135410,-71.0,1163,108,16:17:48,2012-07-31
438005,135415,-73.333336,1163,108,16:17:47,2012-07-31
438020,135435,-74.666664,1163,108,16:17:45,2012-07-31
438025,135445,-74.25,1163,108,16:17:44,2012-07-31
438030,135455,-74.0,1163,108,16:17:43,2012-07-31
438040,135465,-74.166664,1163,108,16:17:41,2012-07-31
438050,135485,-72.333336,1163,108,16:17:40,2012-07-31
438050,135490,-72.0,1163,108,16:17:38,2012-07-31
438060,135510,-72.666664,1163,108,16:17:37,2012-07-31
438075,135530,-72.333336,1163,108,16:17:35,2012-07-31
438080,135535,-70.400002,1163,108,16:17:34,2012-07-31
438085,135540,-68.666664,1163,108,16:17:33,2012-07-31
438085,135550,-68.0,1163,108,16:17:32,2012-07-31
438090,135550,-68.0,1163,108,16:17:32,2012-07-31
438095,135560,-68.800003,1163,108,16:17:31,2012-07-31
438095,135565,-69.0,1163,108,16:17:30,2012-07-31
438100,135565,-69.0,1163,108,16:17:30,2012-07-31
438100,135570,-69.0,1163,108,16:17:30,2012-07-31
438105,135570,-66.75,1163,108,16:17:29,2012-07-31
438105,135575,-66.0,1163,108,16:17:29,2012-07-31
438110,135580,-66.0,1163,108,16:17:29,2012-07-31
438110,135585,-67.333336,1163,108,16:17:28,2012-07-31
438120,135595,-68.75,1163,108,16:17:27,2012-07-31
438125,135600,-69.0,1163,108,16:17:26,2012-07-31
438130,135605,-68.25,1163,108,16:17:25,2012-07-31
438135,135610,-68.0,1163,108,16:17:25,2012-07-31
438140,135615,-68.0,1163,108,16:17:24,2012-07-31
438145,135625,-68.0,1163,108,16:17:23,2012-07-31
438150,135630,-69.333336,1163,108,16:17:23,2012-07-31
438160,135635,-70.0,1163,108,16:17:22,2012-07-31
438165,135640,-69.25,1163,108,16:17:21,2012-07-31
438175,135645,-69.0,1163,108,16:17:21,2012-07-31
438180,135655,-71.0,1163,108,16:17:20,2012-07-31
438195,135665,-70.0,1163,108,16:17:18,2012-07-31
438200,135675,-69.0,1163,108,16:17:17,2012-07-31
438215,135695,-69.0,1163,108,16:17:15,2012-07-31
438220,135705,-69.0,1163,108,16:17:14,2012-07-31
438225,135710,-69.0,1163,108,16:17:13,2012-07-31
438230,135720,-69.0,1163,108,16:17:13,2012-07-31
438300,135925,-82.333336,1163,108,16:16:46,2012-07-31
438295,135930,-83.0,1163,108,16:16:45,2012-07-31
438285,135935,-81.666664,1163,108,16:16:43,2012-07-31
438275,135940,-80.25,1163,108,16:16:42,2012-07-31
438280,135940,-81.0,1163,108,16:16:42,2012-07-31
438270,135945,-80.0,1163,108,16:16:41,2012-07-31
438265,135950,-79.333336,1163,108,16:16:40,2012-07-31
438250,135955,-79.0,1163,108,16:16:39,2012-07-31
438255,135955,-79.0,1163,108,16:16:39,2012-07-31
438245,135960,-79.0,1163,108,16:16:38,2012-07-31
438240,135965,-76.75,1163,108,16:16:37,2012-07-31
438230,135970,-76.666664,1163,108,16:16:36,2012-07-31
438235,135970,-76.0,1163,108,16:16:37,2012-07-31
438215,135980,-77.0,1163,108,16:16:35,2012-07-31
438205,135985,-75.666664,1163,108,16:16:33,2012-07-31
438210,135985,-77.0,1163,108,16:16:34,2012-07-31
438200,135990,-75.0,1163,108,16:16:32,2012-07-31
438190,135995,-73.0,1163,108,16:16:32,2012-07-31
438195,135995,-73.5,1163,108,16:16:32,2012-07-31
438180,136000,-73.0,1163,108,16:16:31,2012-07-31
438185,136000,-73.0,1163,108,16:16:31,2012-07-31
438175,136005,-69.0,1163,108,16:16:30,2012-07-31
438180,136005,-70.0,1163,108,16:16:30,2012-07-31
438170,136010,-69.0,1163,108,16:16:29,2012-07-31
438175,136010,-69.0,1163,108,16:16:29,2012-07-31
438165,136015,-69.0,1163,108,16:16:28,2012-07-31
438160,136020,-69.0,1163,108,16:16:28,2012-07-31
438145,136030,-69.0,1163,108,16:16:27,2012-07-31
438140,136035,-69.0,1163,108,16:16:26,2012-07-31
438130,136040,-69.0,1163,108,16:16:25,2012-07-31
