450020,122175,-75.0,1782,668,12:58:48,2012-07-30
450025,122180,-75.0,1782,668,12:58:50,2012-07-30
450030,122185,-75.0,1782,668,12:58:51,2012-07-30
450025,122280,-80.714287,1782,668,15:44:30,2012-08-01
450030,122280,-80.666664,1782,668,15:44:29,2012-08-01
450620,122285,-67.0,1782,668,16:55:56,2012-07-31
450070,122290,-81.933334,1782,668,15:44:24,2012-08-01
450000,122295,-67.0,1782,668,12:59:10,2012-07-30
450615,122300,-65.666664,1782,668,16:55:54,2012-07-31
449995,122305,-66.666664,1782,668,12:59:12,2012-07-30
449995,122310,-66.0,1782,668,12:59:13,2012-07-30
450615,122310,-65.599998,1782,668,16:55:53,2012-07-31
449990,122320,-66.0,1782,668,12:59:14,2012-07-30
449985,122325,-66.5,1782,668,12:59:15,2012-07-30
450610,122325,-66.666664,1782,668,16:55:51,2012-07-31
449980,122330,-66.25,1782,668,12:59:16,2012-07-30
449975,122340,-64.5,1782,668,12:59:17,2012-07-30
450605,122340,-67.666664,1782,668,16:55:50,2012-07-31
449975,122350,-66.0,1782,668,12:59:19,2012-07-30
449970,122355,-66.0,1782,668,12:59:20,2012-07-30
450605,122355,-68.666664,1782,668,16:55:49,2012-07-31
449960,122370,-67.0,1782,668,12:59:22,2012-07-30
449950,122380,-67.0,1782,668,12:59:23,2012-07-30
450600,122380,-65.0,1782,668,16:55:47,2012-07-31
450595,122390,-63.0,1782,668,16:55:46,2012-07-31
450595,122395,-63.0,1782,668,16:55:45,2012-07-31
450590,122405,-63.0,1782,668,16:55:43,2012-07-31
450590,122415,-63.0,1782,668,16:55:43,2012-07-31
450585,122420,-63.0,1782,668,16:55:42,2012-07-31
450580,122430,-63.75,1782,668,16:55:40,2012-07-31
450575,122440,-63.0,1782,668,16:55:39,2012-07-31
450570,122445,-62.0,1782,668,16:55:38,2012-07-31
450565,122450,-62.714287,1782,668,16:55:37,2012-07-31
450560,122460,-64.800003,1782,668,16:55:36,2012-07-31
450555,122470,-66.0,1782,668,16:55:35,2012-07-31
450540,122485,-66.5,1782,668,16:55:33,2012-07-31
450545,122485,-67.333336,1782,668,16:55:35,2012-07-31
450535,122495,-65.5,1782,668,16:55:32,2012-07-31
450530,122505,-66.0,1782,668,16:55:31,2012-07-31
450520,122510,-66.0,1782,668,16:55:30,2012-07-31
450515,122520,-69.0,1782,668,16:55:29,2012-07-31
450510,122525,-70.0,1782,668,16:55:28,2012-07-31
450505,122530,-70.75,1782,668,16:55:27,2012-07-31
450500,122535,-71.0,1782,668,16:55:27,2012-07-31
450495,122540,-73.666664,1782,668,16:55:26,2012-07-31
450485,122550,-75.666664,1782,668,16:55:25,2012-07-31
450615,122555,-53.333332,1782,668,17:40:22,2012-07-31
450620,122555,-53.444443,1782,668,17:40:19,2012-07-31
450625,122555,-56.25,1782,668,17:40:16,2012-07-31
450630,122555,-56.0,1782,668,17:40:15,2012-07-31
450475,122560,-76.0,1782,668,16:55:23,2012-07-31
450615,122560,-54.200001,1782,668,17:40:23,2012-07-31
450640,122560,-56.333332,1782,668,17:40:14,2012-07-31
450465,122570,-75.333336,1782,668,16:55:22,2012-07-31
450615,122570,-54.25,1782,668,17:40:25,2012-07-31
450655,122570,-56.333332,1782,668,17:40:12,2012-07-31
450660,122570,-55.333332,1782,668,17:40:11,2012-07-31
450460,122575,-75.0,1782,668,16:55:21,2012-07-31
450615,122575,-53.0,1782,668,17:40:26,2012-07-31
450455,122580,-75.0,1782,668,16:55:20,2012-07-31
450680,122580,-54.25,1782,668,17:40:09,2012-07-31
450450,122585,-75.0,1782,668,16:55:20,2012-07-31
450690,122585,-55.25,1782,668,17:40:07,2012-07-31
450445,122590,-73.5,1782,668,16:55:19,2012-07-31
450620,122590,-56.0,1782,668,17:40:28,2012-07-31
450695,122590,-56.0,1782,668,17:40:07,2012-07-31
450440,122595,-73.0,1782,668,16:55:18,2012-07-31
450705,122595,-56.666668,1782,668,17:40:05,2012-07-31
450440,122600,-74.333336,1782,668,16:55:18,2012-07-31
450620,122600,-57.25,1782,668,17:40:29,2012-07-31
450720,122600,-56.333332,1782,668,17:40:04,2012-07-31
450430,122605,-75.75,1782,668,16:55:16,2012-07-31
450435,122605,-75.0,1782,668,16:55:17,2012-07-31
450620,122610,-58.0,1782,668,17:40:30,2012-07-31
450735,122610,-56.666668,1782,668,17:40:02,2012-07-31
450740,122610,-57.0,1782,668,17:40:02,2012-07-31
450425,122615,-76.0,1782,668,16:55:15,2012-07-31
450745,122615,-58.5,1782,668,17:40:01,2012-07-31
450420,122620,-75.25,1782,668,16:55:15,2012-07-31
450620,122620,-58.0,1782,668,17:40:31,2012-07-31
450760,122620,-58.333332,1782,668,17:40:00,2012-07-31
450410,122625,-75.0,1782,668,16:55:13,2012-07-31
450620,122625,-58.0,1782,668,17:40:32,2012-07-31
450775,122630,-56.666668,1782,668,17:39:58,2012-07-31
450790,122635,-56.666668,1782,668,17:39:57,2012-07-31
450400,122640,-75.0,1782,668,16:55:12,2012-07-31
450615,122640,-57.666668,1782,668,17:40:33,2012-07-31
450805,122645,-55.666668,1782,668,17:39:55,2012-07-31
450390,122650,-74.25,1782,668,16:55:11,2012-07-31
450815,122650,-54.333332,1782,668,17:39:54,2012-07-31
450385,122655,-74.0,1782,668,16:55:10,2012-07-31
450830,122655,-54.666668,1782,668,17:39:52,2012-07-31
449560,122660,-72.0,1782,668,13:00:03,2012-07-30
450380,122660,-73.25,1782,668,16:55:09,2012-07-31
450835,122660,-55.0,1782,668,17:39:52,2012-07-31
450840,122660,-57.25,1782,668,17:39:51,2012-07-31
450375,122665,-73.0,1782,668,16:55:08,2012-07-31
450380,122665,-73.0,1782,668,16:55:08,2012-07-31
450615,122665,-57.0,1782,668,17:40:35,2012-07-31
450855,122665,-64.0,1782,668,17:44:42,2012-07-31
450860,122665,-63.0,1782,668,17:44:41,2012-07-31
449550,122670,-72.0,1782,668,13:00:03,2012-07-30
450370,122670,-72.0,1782,668,16:55:07,2012-07-31
450375,122670,-72.400002,1782,668,16:55:08,2012-07-31
450850,122670,-66.0,1782,668,17:44:43,2012-07-31
450855,122670,-59.333332,1782,668,17:39:50,2012-07-31
450870,122670,-63.833332,1782,668,17:44:41,2012-07-31
449540,122675,-70.199997,1782,668,13:00:04,2012-07-30
450870,122675,-62.0,1782,668,17:39:48,2012-07-31
450880,122675,-67.5,1782,668,17:44:39,2012-07-31
450365,122680,-71.333336,1782,668,16:55:06,2012-07-31
450615,122680,-57.0,1782,668,17:40:36,2012-07-31
450840,122680,-66.333336,1782,668,17:44:45,2012-07-31
450875,122680,-65.0,1782,668,17:39:47,2012-07-31
450890,122680,-68.777779,1782,668,17:44:38,2012-07-31
449530,122685,-69.5,1782,668,13:00:06,2012-07-30
450360,122685,-71.0,1782,668,16:55:06,2012-07-31
450885,122685,-66.0,1782,668,17:39:46,2012-07-31
450895,122685,-66.0,1782,668,17:39:45,2012-07-31
449520,122690,-71.0,1782,668,13:00:07,2012-07-30
450350,122690,-71.666664,1782,668,16:55:05,2012-07-31
450615,122690,-57.0,1782,668,17:40:37,2012-07-31
450835,122690,-67.333336,1782,668,17:44:46,2012-07-31
450900,122690,-68.333336,1782,668,17:44:36,2012-07-31
450350,122695,-72.0,1782,668,16:55:04,2012-07-31
450615,122695,-56.57143,1782,668,17:40:38,2012-07-31
450905,122695,-66.666664,1782,668,17:39:44,2012-07-31
450910,122695,-68.666664,1782,668,17:44:35,2012-07-31
450345,122700,-71.25,1782,668,16:55:03,2012-07-31
450615,122700,-56.0,1782,668,17:40:38,2012-07-31
450830,122700,-67.666664,1782,668,17:44:48,2012-07-31
450915,122700,-67.75,1782,668,17:39:43,2012-07-31
450920,122700,-70.333336,1782,668,17:44:34,2012-07-31
450925,122700,-68.0,1782,668,17:39:42,2012-07-31
450340,122705,-71.0,1782,668,16:55:03,2012-07-31
450930,122705,-68.800003,1782,668,17:39:41,2012-07-31
450335,122710,-70.333336,1782,668,16:55:02,2012-07-31
450610,122710,-56.333332,1782,668,17:40:39,2012-07-31
450825,122710,-65.666664,1782,668,17:44:49,2012-07-31
450935,122710,-68.333336,1782,668,17:44:32,2012-07-31
450940,122710,-69.0,1782,668,17:39:40,2012-07-31
450950,122715,-69.400002,1782,668,17:44:31,2012-07-31
450820,122720,-63.666668,1782,668,17:44:50,2012-07-31
450960,122720,-68.333336,1782,668,17:44:29,2012-07-31
450820,122725,-65.0,1782,668,17:44:51,2012-07-31
450965,122725,-71.0,1782,668,17:39:37,2012-07-31
450975,122725,-69.666664,1782,668,17:44:28,2012-07-31
450315,122730,-70.666664,1782,668,16:55:01,2012-07-31
450610,122730,-57.0,1782,668,17:40:41,2012-07-31
450815,122730,-64.25,1782,668,17:44:52,2012-07-31
450970,122730,-71.0,1782,668,17:39:37,2012-07-31
450980,122730,-69.333336,1782,668,17:44:26,2012-07-31
450610,122735,-57.0,1782,668,17:40:41,2012-07-31
450985,122735,-71.0,1782,668,17:39:35,2012-07-31
450990,122735,-69.0,1782,668,17:44:25,2012-07-31
450310,122740,-72.599998,1782,668,16:54:59,2012-07-31
450610,122740,-57.0,1782,668,17:40:41,2012-07-31
450810,122740,-61.666668,1782,668,17:44:53,2012-07-31
450995,122740,-70.5,1782,668,17:39:34,2012-07-31
451005,122740,-69.800003,1782,668,17:44:24,2012-07-31
450610,122745,-57.333332,1782,668,17:40:42,2012-07-31
450810,122745,-61.0,1782,668,17:44:55,2012-07-31
451005,122745,-69.333336,1782,668,17:39:33,2012-07-31
451010,122745,-69.25,1782,668,17:44:24,2012-07-31
450300,122750,-73.0,1782,668,16:54:58,2012-07-31
450800,122750,-61.25,1782,668,17:44:58,2012-07-31
450805,122750,-61.0,1782,668,17:44:56,2012-07-31
451015,122750,-69.0,1782,668,17:39:31,2012-07-31
451020,122750,-68.25,1782,668,17:44:22,2012-07-31
450295,122755,-76.0,1782,668,16:54:56,2012-07-31
450785,122755,-59.75,1782,668,17:45:36,2012-07-31
450790,122755,-58.0,1782,668,17:45:00,2012-07-31
450795,122755,-59.23077,1782,668,17:45:39,2012-07-31
450800,122755,-61.5,1782,668,17:44:58,2012-07-31
451035,122755,-68.0,1782,668,17:44:21,2012-07-31
450750,122760,-61.0,1782,668,17:45:04,2012-07-31
450760,122760,-60.25,1782,668,17:45:03,2012-07-31
450770,122760,-60.5,1782,668,17:45:02,2012-07-31
450775,122760,-57.0,1782,668,17:45:36,2012-07-31
450800,122760,-61.0,1782,668,17:45:41,2012-07-31
451030,122760,-68.333336,1782,668,17:39:30,2012-07-31
450610,122765,-58.0,1782,668,17:40:43,2012-07-31
450720,122765,-59.666668,1782,668,17:45:07,2012-07-31
450725,122765,-60.0,1782,668,17:45:07,2012-07-31
450735,122765,-59.25,1782,668,17:45:06,2012-07-31
450745,122765,-60.5,1782,668,17:45:05,2012-07-31
450750,122765,-58.0,1782,668,17:45:33,2012-07-31
450760,122765,-57.666668,1782,668,17:45:34,2012-07-31
450805,122765,-62.0,1782,668,17:45:43,2012-07-31
451045,122765,-67.333336,1782,668,17:39:28,2012-07-31
450280,122770,-76.0,1782,668,16:54:55,2012-07-31
450685,122770,-59.0,1782,668,17:45:11,2012-07-31
450690,122770,-59.0,1782,668,17:45:10,2012-07-31
450695,122770,-59.0,1782,668,17:45:10,2012-07-31
450700,122770,-61.0,1782,668,17:45:26,2012-07-31
450705,122770,-59.400002,1782,668,17:45:09,2012-07-31
450710,122770,-59.0,1782,668,17:45:08,2012-07-31
450715,122770,-59.5,1782,668,17:45:08,2012-07-31
450720,122770,-58.0,1782,668,17:45:29,2012-07-31
450730,122770,-58.0,1782,668,17:45:30,2012-07-31
450740,122770,-58.0,1782,668,17:45:31,2012-07-31
450805,122770,-63.0,1782,668,17:45:44,2012-07-31
451050,122770,-67.666664,1782,668,17:39:27,2012-07-31
450670,122775,-57.666668,1782,668,17:45:17,2012-07-31
450675,122775,-57.599998,1782,668,17:45:14,2012-07-31
450680,122775,-58.5,1782,668,17:45:13,2012-07-31
450685,122775,-59.727272,1782,668,17:45:12,2012-07-31
450805,122775,-63.0,1782,668,17:45:45,2012-07-31
451065,122775,-68.75,1782,668,17:39:26,2012-07-31
450270,122780,-76.0,1782,668,16:54:55,2012-07-31
450675,122780,-58.0,1782,668,17:45:14,2012-07-31
450805,122780,-64.666664,1782,668,17:45:46,2012-07-31
451075,122780,-69.599998,1782,668,17:39:24,2012-07-31
450605,122785,-59.666668,1782,668,17:40:45,2012-07-31
450990,122785,-78.0,1782,668,17:43:09,2012-07-31
450805,122790,-67.333336,1782,668,17:45:47,2012-07-31
451085,122790,-72.0,1782,668,17:39:23,2012-07-31
450605,122795,-63.0,1782,668,17:40:45,2012-07-31
451095,122795,-74.0,1782,668,17:39:22,2012-07-31
450805,122800,-66.0,1782,668,17:45:48,2012-07-31
451105,122800,-74.800003,1782,668,17:39:21,2012-07-31
450605,122805,-63.75,1782,668,17:40:46,2012-07-31
450945,122805,-80.0,1782,668,17:46:12,2012-07-31
450810,122810,-66.333336,1782,668,17:45:50,2012-07-31
450905,122810,-79.666664,1782,668,17:46:07,2012-07-31
450910,122810,-81.0,1782,668,17:46:08,2012-07-31
450930,122810,-80.0,1782,668,17:46:10,2012-07-31
450940,122810,-80.0,1782,668,17:46:11,2012-07-31
450860,122815,-70.0,1782,668,17:46:00,2012-07-31
450865,122815,-70.0,1782,668,17:46:01,2012-07-31
450870,122815,-70.0,1782,668,17:46:02,2012-07-31
450875,122815,-70.25,1782,668,17:46:03,2012-07-31
450880,122815,-71.0,1782,668,17:46:03,2012-07-31
450885,122815,-72.0,1782,668,17:46:04,2012-07-31
450890,122815,-75.0,1782,668,17:46:05,2012-07-31
450895,122815,-76.0,1782,668,17:46:05,2012-07-31
450905,122815,-79.0,1782,668,17:46:41,2012-07-31
450910,122815,-79.0,1782,668,17:46:40,2012-07-31
450915,122815,-77.5,1782,668,17:46:39,2012-07-31
450920,122815,-77.0,1782,668,17:46:39,2012-07-31
450925,122815,-77.0,1782,668,17:46:38,2012-07-31
450930,122815,-77.375,1782,668,17:46:38,2012-07-31
450935,122815,-78.0,1782,668,17:46:37,2012-07-31
450940,122815,-78.0,1782,668,17:46:36,2012-07-31
450955,122815,-78.666664,1782,668,17:46:35,2012-07-31
450960,122815,-79.0,1782,668,17:46:34,2012-07-31
450605,122820,-66.333336,1782,668,17:40:48,2012-07-31
450810,122820,-67.333336,1782,668,17:45:51,2012-07-31
450825,122820,-68.0,1782,668,17:45:55,2012-07-31
450830,122820,-71.0,1782,668,17:45:56,2012-07-31
450835,122820,-70.666664,1782,668,17:45:57,2012-07-31
450845,122820,-70.0,1782,668,17:45:58,2012-07-31
450850,122820,-70.0,1782,668,17:46:49,2012-07-31
450855,122820,-70.714287,1782,668,17:46:00,2012-07-31
450865,122820,-75.333336,1782,668,17:46:46,2012-07-31
450870,122820,-78.5,1782,668,17:46:45,2012-07-31
450880,122820,-79.333336,1782,668,17:46:43,2012-07-31
450895,122820,-79.0,1782,668,17:46:42,2012-07-31
450810,122825,-68.333336,1782,668,17:46:58,2012-07-31
450815,122825,-69.0,1782,668,17:46:55,2012-07-31
450820,122825,-66.5,1782,668,17:45:54,2012-07-31
450825,122825,-68.666664,1782,668,17:46:53,2012-07-31
450830,122825,-66.666664,1782,668,17:46:52,2012-07-31
450835,122825,-67.333336,1782,668,17:46:50,2012-07-31
450810,122830,-65.800003,1782,668,17:46:59,2012-07-31
450810,122835,-63.333332,1782,668,17:47:00,2012-07-31
450605,122840,-67.5,1782,668,17:40:49,2012-07-31
450810,122845,-61.200001,1782,668,17:47:02,2012-07-31
450605,122850,-69.0,1782,668,17:40:50,2012-07-31
450810,122850,-60.333332,1782,668,17:47:03,2012-07-31
450600,122855,-69.333336,1782,668,17:40:50,2012-07-31
451000,122860,-75.0,1782,668,17:43:27,2012-07-31
450600,122865,-70.0,1782,668,17:40:51,2012-07-31
450810,122865,-61.333332,1782,668,17:47:05,2012-07-31
451000,122865,-78.120003,1782,668,17:43:28,2012-07-31
451005,122865,-77.0,1782,668,17:43:48,2012-07-31
450600,122870,-69.666664,1782,668,17:40:52,2012-07-31
451005,122870,-77.0,1782,668,17:43:49,2012-07-31
450810,122875,-63.0,1782,668,17:47:06,2012-07-31
451030,122875,-80.0,1782,668,17:43:55,2012-07-31
450810,122880,-65.85714,1782,668,17:47:07,2012-07-31
451015,122880,-78.666664,1782,668,17:43:54,2012-07-31
451020,122880,-80.0,1782,668,17:43:55,2012-07-31
450600,122885,-69.25,1782,668,17:40:53,2012-07-31
450810,122885,-68.0,1782,668,17:47:08,2012-07-31
450815,122885,-68.0,1782,668,17:47:08,2012-07-31
450600,122890,-70.0,1782,668,17:40:54,2012-07-31
450815,122890,-68.199997,1782,668,17:47:08,2012-07-31
450600,122895,-70.0,1782,668,17:40:55,2012-07-31
450815,122895,-69.0,1782,668,17:47:10,2012-07-31
450815,122900,-69.0,1782,668,17:47:10,2012-07-31
450815,122905,-69.0,1782,668,17:47:12,2012-07-31
450945,122905,-79.0,1782,668,17:42:16,2012-07-31
450230,122910,-82.0,1782,668,15:11:38,2012-07-27
450605,122910,-70.333336,1782,668,17:40:56,2012-07-31
450815,122910,-68.023438,1782,668,17:48:05,2012-07-31
450910,122910,-76.0,1782,668,17:42:14,2012-07-31
450925,122910,-77.666664,1782,668,17:42:15,2012-07-31
450230,122915,-81.75,1782,668,15:11:39,2012-07-27
450605,122915,-71.0,1782,668,17:40:57,2012-07-31
450815,122915,-68.0,1782,668,17:47:15,2012-07-31
450880,122915,-72.666664,1782,668,17:42:11,2012-07-31
450890,122915,-74.333336,1782,668,17:42:12,2012-07-31
450905,122915,-75.0,1782,668,17:42:13,2012-07-31
450235,122920,-81.0,1782,668,15:11:39,2012-07-27
450605,122920,-71.0,1782,668,17:40:57,2012-07-31
450815,122920,-66.25,1782,668,17:48:11,2012-07-31
450845,122920,-70.5,1782,668,17:42:08,2012-07-31
450855,122920,-70.5,1782,668,17:42:09,2012-07-31
450240,122925,-81.0,1782,668,15:11:40,2012-07-27
450605,122925,-71.0,1782,668,17:40:59,2012-07-31
450610,122925,-70.395065,1782,668,17:41:14,2012-07-31
450615,122925,-68.3125,1782,668,17:41:26,2012-07-31
450820,122925,-67.0,1782,668,17:48:12,2012-07-31
450835,122925,-70.599998,1782,668,17:42:07,2012-07-31
450615,122930,-67.239998,1782,668,17:41:34,2012-07-31
450800,122930,-72.0,1782,668,17:42:04,2012-07-31
450805,122930,-75.0,1782,668,17:42:04,2012-07-31
450810,122930,-71.333336,1782,668,17:42:05,2012-07-31
450820,122930,-67.0,1782,668,17:48:12,2012-07-31
450615,122935,-71.14286,1782,668,17:41:38,2012-07-31
450780,122935,-77.0,1782,668,17:42:02,2012-07-31
450790,122935,-75.0,1782,668,17:42:03,2012-07-31
450820,122935,-67.0,1782,668,17:48:13,2012-07-31
450260,122940,-82.0,1782,668,15:11:42,2012-07-27
450615,122940,-72.199997,1782,668,17:41:40,2012-07-31
450765,122940,-78.0,1782,668,17:42:01,2012-07-31
450820,122940,-67.333336,1782,668,17:48:14,2012-07-31
450270,122945,-82.25,1782,668,15:11:44,2012-07-27
450615,122945,-73.333336,1782,668,17:41:41,2012-07-31
450620,122950,-74.333336,1782,668,17:41:43,2012-07-31
450820,122950,-68.25,1782,668,17:48:15,2012-07-31
450280,122955,-83.0,1782,668,15:11:46,2012-07-27
450620,122955,-75.0,1782,668,17:41:43,2012-07-31
450620,122960,-74.599998,1782,668,17:41:44,2012-07-31
450820,122960,-69.0,1782,668,17:48:17,2012-07-31
450625,122965,-73.666664,1782,668,17:41:45,2012-07-31
450635,122965,-73.0,1782,668,17:41:47,2012-07-31
450640,122965,-73.0,1782,668,17:41:48,2012-07-31
450645,122965,-73.0,1782,668,17:41:48,2012-07-31
450295,122970,-82.5,1782,668,15:11:47,2012-07-27
450820,122970,-68.666664,1782,668,17:48:18,2012-07-31
450300,122975,-81.0,1782,668,15:11:48,2012-07-27
450820,122980,-67.666664,1782,668,17:48:19,2012-07-31
450820,122990,-67.0,1782,668,17:48:21,2012-07-31
450820,122995,-66.75,1782,668,17:48:22,2012-07-31
450790,123000,-75.199997,1782,668,17:48:29,2012-07-31
450800,123000,-74.0,1782,668,17:48:28,2012-07-31
450805,123000,-72.666664,1782,668,17:48:27,2012-07-31
450810,123000,-69.333336,1782,668,17:48:25,2012-07-31
450815,123000,-66.800003,1782,668,17:48:24,2012-07-31
450745,123005,-78.166664,1782,668,17:48:39,2012-07-31
450750,123005,-77.428574,1782,668,17:48:38,2012-07-31
450760,123005,-77.400002,1782,668,17:48:36,2012-07-31
450765,123005,-77.333336,1782,668,17:48:35,2012-07-31
450775,123005,-77.666664,1782,668,17:48:34,2012-07-31
450780,123005,-79.5,1782,668,17:48:32,2012-07-31
450785,123005,-78.199997,1782,668,17:48:31,2012-07-31
450725,123010,-79.0,1782,668,17:48:42,2012-07-31
450730,123010,-79.0,1782,668,17:48:41,2012-07-31
450735,123010,-79.0,1782,668,17:48:40,2012-07-31
450715,123015,-79.5,1782,668,17:48:44,2012-07-31
450720,123015,-79.0,1782,668,17:48:42,2012-07-31
450695,123020,-79.0,1782,668,17:48:48,2012-07-31
450700,123020,-77.5,1782,668,17:48:48,2012-07-31
450710,123020,-78.888885,1782,668,17:48:46,2012-07-31
450655,123025,-79.0,1782,668,17:48:55,2012-07-31
450665,123025,-81.0,1782,668,17:48:53,2012-07-31
450670,123025,-81.0,1782,668,17:48:53,2012-07-31
450675,123025,-81.0,1782,668,17:48:52,2012-07-31
450645,123030,-77.0,1782,668,17:48:57,2012-07-31
450650,123030,-78.5,1782,668,17:48:56,2012-07-31
450655,123030,-79.0,1782,668,17:48:55,2012-07-31
450645,123035,-77.25,1782,668,17:48:57,2012-07-31
450635,123040,-77.75,1782,668,17:48:59,2012-07-31
450640,123040,-78.0,1782,668,17:48:58,2012-07-31
450635,123050,-77.0,1782,668,17:49:00,2012-07-31
450715,123090,-84.0,1782,668,17:49:28,2012-07-31
450725,123090,-84.0,1782,668,17:49:28,2012-07-31
450830,123090,-71.0,1782,668,17:49:50,2012-07-31
450830,123095,-71.0,1782,668,17:49:50,2012-07-31
450830,123105,-70.75,1782,668,17:49:51,2012-07-31
450830,123110,-69.599998,1782,668,17:49:52,2012-07-31
450830,123115,-67.333336,1782,668,17:49:54,2012-07-31
450410,123130,-81.0,1782,668,15:12:23,2012-07-27
450410,123135,-81.0,1782,668,15:12:23,2012-07-27
450400,123140,-81.0,1782,668,15:12:24,2012-07-27
450835,123140,-66.5,1782,668,17:49:56,2012-07-31
450835,123145,-66.75,1782,668,17:49:57,2012-07-31
450835,123155,-66.333336,1782,668,17:49:58,2012-07-31
450380,123165,-81.0,1782,668,15:12:27,2012-07-27
450835,123165,-67.0,1782,668,17:50:00,2012-07-31
450835,123170,-67.25,1782,668,17:50:00,2012-07-31
450855,123170,-70.0,1782,668,17:56:04,2012-07-31
450860,123170,-73.599998,1782,668,17:56:06,2012-07-31
450865,123170,-76.0,1782,668,17:56:07,2012-07-31
450375,123175,-81.0,1782,668,15:12:28,2012-07-27
450830,123175,-70.0,1782,668,17:56:00,2012-07-31
450835,123175,-68.666664,1782,668,17:50:03,2012-07-31
450840,123175,-68.333336,1782,668,17:56:03,2012-07-31
450845,123175,-69.0,1782,668,17:56:03,2012-07-31
450805,123180,-74.0,1782,668,17:54:54,2012-07-31
450815,123180,-70.0,1782,668,17:54:54,2012-07-31
450820,123180,-65.333336,1782,668,17:54:52,2012-07-31
450735,123185,-81.0,1782,668,17:55:03,2012-07-31
450745,123185,-81.0,1782,668,17:55:02,2012-07-31
450750,123185,-79.666664,1782,668,17:55:02,2012-07-31
450760,123185,-79.5,1782,668,17:55:01,2012-07-31
450775,123185,-79.333336,1782,668,17:54:59,2012-07-31
450785,123185,-78.25,1782,668,17:54:57,2012-07-31
450790,123185,-78.0,1782,668,17:54:57,2012-07-31
450795,123185,-78.0,1782,668,17:54:56,2012-07-31
450800,123185,-78.0,1782,668,17:54:55,2012-07-31
450830,123185,-60.0,1782,668,17:54:51,2012-07-31
450835,123185,-68.0,1782,668,17:50:04,2012-07-31
449890,123190,-75.0,1782,668,16:54:11,2012-07-31
450650,123190,-82.599998,1782,668,17:55:16,2012-07-31
450655,123190,-82.333336,1782,668,17:55:30,2012-07-31
450835,123190,-59.142857,1782,668,17:54:49,2012-07-31
450835,123195,-53.666668,1782,668,17:54:48,2012-07-31
450835,123200,-53.0,1782,668,17:54:47,2012-07-31
450840,123200,-67.75,1782,668,17:50:05,2012-07-31
449875,123205,-75.0,1782,668,16:54:09,2012-07-31
450835,123205,-54.5,1782,668,17:54:46,2012-07-31
450840,123210,-67.666664,1782,668,17:50:07,2012-07-31
450835,123215,-55.0,1782,668,17:54:46,2012-07-31
450840,123215,-69.0,1782,668,17:50:07,2012-07-31
450840,123220,-68.800003,1782,668,17:50:08,2012-07-31
450840,123225,-67.75,1782,668,17:50:09,2012-07-31
450835,123230,-55.0,1782,668,17:54:44,2012-07-31
450835,123235,-55.0,1782,668,17:54:44,2012-07-31
450840,123240,-66.800003,1782,668,17:50:11,2012-07-31
449830,123245,-73.470589,1782,668,16:54:00,2012-07-31
450835,123245,-55.0,1782,668,17:54:42,2012-07-31
450840,123245,-66.0,1782,668,17:50:11,2012-07-31
450835,123250,-55.0,1782,668,17:54:41,2012-07-31
450840,123255,-66.0,1782,668,17:50:12,2012-07-31
450835,123260,-55.0,1782,668,17:54:41,2012-07-31
450835,123265,-55.0,1782,668,17:54:39,2012-07-31
450840,123265,-66.0,1782,668,17:50:13,2012-07-31
450840,123270,-65.0,1782,668,17:50:14,2012-07-31
450840,123275,-55.0,1782,668,17:54:39,2012-07-31
450840,123285,-62.333332,1782,668,17:50:15,2012-07-31
450840,123290,-61.0,1782,668,17:50:16,2012-07-31
450840,123295,-61.0,1782,668,17:50:17,2012-07-31
450855,123300,-71.333336,1782,668,17:53:43,2012-07-31
450860,123300,-74.0,1782,668,17:53:44,2012-07-31
450865,123300,-75.0,1782,668,17:53:44,2012-07-31
450870,123300,-78.0,1782,668,17:53:46,2012-07-31
450840,123305,-61.0,1782,668,17:50:18,2012-07-31
450850,123305,-70.0,1782,668,17:53:42,2012-07-31
450840,123310,-60.0,1782,668,17:53:39,2012-07-31
450845,123310,-63.888889,1782,668,17:53:40,2012-07-31
450840,123315,-56.909092,1782,668,17:53:37,2012-07-31
450845,123315,-72.0,1782,668,17:54:33,2012-07-31
450840,123320,-57.799999,1782,668,17:53:36,2012-07-31
450840,123325,-69.0,1782,668,17:53:32,2012-07-31
450840,123330,-64.199997,1782,668,17:50:22,2012-07-31
450840,123335,-69.0,1782,668,17:53:30,2012-07-31
450840,123340,-69.0,1782,668,17:53:29,2012-07-31
450845,123340,-61.0,1782,668,17:50:24,2012-07-31
450840,123345,-69.0,1782,668,17:53:29,2012-07-31
450845,123345,-61.0,1782,668,17:50:25,2012-07-31
450840,123350,-69.0,1782,668,17:53:28,2012-07-31
450845,123355,-69.0,1782,668,17:53:27,2012-07-31
450850,123360,-61.333332,1782,668,17:50:27,2012-07-31
450845,123365,-69.0,1782,668,17:53:26,2012-07-31
450850,123365,-62.333332,1782,668,17:50:28,2012-07-31
450845,123370,-72.5,1782,668,17:53:25,2012-07-31
449740,123375,-70.0,1782,668,16:47:33,2012-07-31
449745,123375,-75.0,1782,668,15:15:39,2012-07-27
450845,123375,-76.0,1782,668,17:53:24,2012-07-31
450850,123375,-63.333332,1782,668,17:50:29,2012-07-31
450850,123380,-64.0,1782,668,17:50:31,2012-07-31
450850,123385,-69.0,1782,668,17:50:31,2012-07-31
450860,123385,-82.0,1782,668,17:51:53,2012-07-31
450865,123385,-82.0,1782,668,17:51:54,2012-07-31
450835,123390,-81.0,1782,668,17:50:35,2012-07-31
450840,123390,-77.666664,1782,668,17:50:34,2012-07-31
450845,123390,-71.800003,1782,668,17:50:32,2012-07-31
449725,123410,-75.400002,1782,668,15:15:40,2012-07-27
449720,123420,-75.5,1782,668,15:15:42,2012-07-27
449700,123445,-75.0,1782,668,15:15:42,2012-07-27
449690,123460,-75.0,1782,668,15:15:43,2012-07-27
449680,123480,-75.333336,1782,668,15:15:45,2012-07-27
449660,123505,-75.5,1782,668,15:15:46,2012-07-27
449650,123525,-75.25,1782,668,15:15:47,2012-07-27
449640,123540,-76.0,1782,668,15:15:49,2012-07-27
450020,122175,-75.0,1782,668,12:58:48,2012-07-30
450025,122180,-75.0,1782,668,12:58:50,2012-07-30
450030,122185,-75.0,1782,668,12:58:51,2012-07-30
450025,122280,-80.714287,1782,668,15:44:30,2012-08-01
450030,122280,-80.666664,1782,668,15:44:29,2012-08-01
450620,122285,-67.0,1782,668,16:55:56,2012-07-31
450070,122290,-81.933334,1782,668,15:44:24,2012-08-01
450000,122295,-67.0,1782,668,12:59:10,2012-07-30
450615,122300,-65.666664,1782,668,16:55:54,2012-07-31
449995,122305,-66.666664,1782,668,12:59:12,2012-07-30
449995,122310,-66.0,1782,668,12:59:13,2012-07-30
450615,122310,-65.599998,1782,668,16:55:53,2012-07-31
449990,122320,-66.0,1782,668,12:59:14,2012-07-30
449985,122325,-66.5,1782,668,12:59:15,2012-07-30
450610,122325,-66.666664,1782,668,16:55:51,2012-07-31
449980,122330,-66.25,1782,668,12:59:16,2012-07-30
449975,122340,-64.5,1782,668,12:59:17,2012-07-30
450605,122340,-67.666664,1782,668,16:55:50,2012-07-31
449975,122350,-66.0,1782,668,12:59:19,2012-07-30
449970,122355,-66.0,1782,668,12:59:20,2012-07-30
450605,122355,-68.666664,1782,668,16:55:49,2012-07-31
449960,122370,-67.0,1782,668,12:59:22,2012-07-30
449950,122380,-67.0,1782,668,12:59:23,2012-07-30
450600,122380,-65.0,1782,668,16:55:47,2012-07-31
450595,122390,-63.0,1782,668,16:55:46,2012-07-31
450595,122395,-63.0,1782,668,16:55:45,2012-07-31
450590,122405,-63.0,1782,668,16:55:43,2012-07-31
450590,122415,-63.0,1782,668,16:55:43,2012-07-31
450585,122420,-63.0,1782,668,16:55:42,2012-07-31
450580,122430,-63.75,1782,668,16:55:40,2012-07-31
450575,122440,-63.0,1782,668,16:55:39,2012-07-31
450570,122445,-62.0,1782,668,16:55:38,2012-07-31
450565,122450,-62.714287,1782,668,16:55:37,2012-07-31
450560,122460,-64.800003,1782,668,16:55:36,2012-07-31
450555,122470,-66.0,1782,668,16:55:35,2012-07-31
450540,122485,-66.5,1782,668,16:55:33,2012-07-31
450545,122485,-67.333336,1782,668,16:55:35,2012-07-31
450535,122495,-65.5,1782,668,16:55:32,2012-07-31
450530,122505,-66.0,1782,668,16:55:31,2012-07-31
450520,122510,-66.0,1782,668,16:55:30,2012-07-31
450515,122520,-69.0,1782,668,16:55:29,2012-07-31
450510,122525,-70.0,1782,668,16:55:28,2012-07-31
450505,122530,-70.75,1782,668,16:55:27,2012-07-31
450500,122535,-71.0,1782,668,16:55:27,2012-07-31
450495,122540,-73.666664,1782,668,16:55:26,2012-07-31
450485,122550,-75.666664,1782,668,16:55:25,2012-07-31
450615,122555,-53.333332,1782,668,17:40:22,2012-07-31
450620,122555,-53.444443,1782,668,17:40:19,2012-07-31
450625,122555,-56.25,1782,668,17:40:16,2012-07-31
450630,122555,-56.0,1782,668,17:40:15,2012-07-31
450475,122560,-76.0,1782,668,16:55:23,2012-07-31
450615,122560,-54.200001,1782,668,17:40:23,2012-07-31
450640,122560,-56.333332,1782,668,17:40:14,2012-07-31
450465,122570,-75.333336,1782,668,16:55:22,2012-07-31
450615,122570,-54.25,1782,668,17:40:25,2012-07-31
450655,122570,-56.333332,1782,668,17:40:12,2012-07-31
450660,122570,-55.333332,1782,668,17:40:11,2012-07-31
450460,122575,-75.0,1782,668,16:55:21,2012-07-31
450615,122575,-53.0,1782,668,17:40:26,2012-07-31
450455,122580,-75.0,1782,668,16:55:20,2012-07-31
450680,122580,-54.25,1782,668,17:40:09,2012-07-31
450450,122585,-75.0,1782,668,16:55:20,2012-07-31
450690,122585,-55.25,1782,668,17:40:07,2012-07-31
450445,122590,-73.5,1782,668,16:55:19,2012-07-31
450620,122590,-56.0,1782,668,17:40:28,2012-07-31
450695,122590,-56.0,1782,668,17:40:07,2012-07-31
450440,122595,-73.0,1782,668,16:55:18,2012-07-31
450705,122595,-56.666668,1782,668,17:40:05,2012-07-31
450440,122600,-74.333336,1782,668,16:55:18,2012-07-31
450620,122600,-57.25,1782,668,17:40:29,2012-07-31
450720,122600,-56.333332,1782,668,17:40:04,2012-07-31
450430,122605,-75.75,1782,668,16:55:16,2012-07-31
450435,122605,-75.0,1782,668,16:55:17,2012-07-31
450620,122610,-58.0,1782,668,17:40:30,2012-07-31
450735,122610,-56.666668,1782,668,17:40:02,2012-07-31
450740,122610,-57.0,1782,668,17:40:02,2012-07-31
450425,122615,-76.0,1782,668,16:55:15,2012-07-31
450745,122615,-58.5,1782,668,17:40:01,2012-07-31
450420,122620,-75.25,1782,668,16:55:15,2012-07-31
450620,122620,-58.0,1782,668,17:40:31,2012-07-31
450760,122620,-58.333332,1782,668,17:40:00,2012-07-31
450410,122625,-75.0,1782,668,16:55:13,2012-07-31
450620,122625,-58.0,1782,668,17:40:32,2012-07-31
450775,122630,-56.666668,1782,668,17:39:58,2012-07-31
450790,122635,-56.666668,1782,668,17:39:57,2012-07-31
450400,122640,-75.0,1782,668,16:55:12,2012-07-31
450615,122640,-57.666668,1782,668,17:40:33,2012-07-31
450805,122645,-55.666668,1782,668,17:39:55,2012-07-31
450390,122650,-74.25,1782,668,16:55:11,2012-07-31
450815,122650,-54.333332,1782,668,17:39:54,2012-07-31
450385,122655,-74.0,1782,668,16:55:10,2012-07-31
450830,122655,-54.666668,1782,668,17:39:52,2012-07-31
449560,122660,-72.0,1782,668,13:00:03,2012-07-30
450380,122660,-73.25,1782,668,16:55:09,2012-07-31
450835,122660,-55.0,1782,668,17:39:52,2012-07-31
450840,122660,-57.25,1782,668,17:39:51,2012-07-31
450375,122665,-73.0,1782,668,16:55:08,2012-07-31
450380,122665,-73.0,1782,668,16:55:08,2012-07-31
450615,122665,-57.0,1782,668,17:40:35,2012-07-31
450855,122665,-64.0,1782,668,17:44:42,2012-07-31
450860,122665,-63.0,1782,668,17:44:41,2012-07-31
449550,122670,-72.0,1782,668,13:00:03,2012-07-30
450370,122670,-72.0,1782,668,16:55:07,2012-07-31
450375,122670,-72.400002,1782,668,16:55:08,2012-07-31
450850,122670,-66.0,1782,668,17:44:43,2012-07-31
450855,122670,-59.333332,1782,668,17:39:50,2012-07-31
450870,122670,-63.833332,1782,668,17:44:41,2012-07-31
449540,122675,-70.199997,1782,668,13:00:04,2012-07-30
450870,122675,-62.0,1782,668,17:39:48,2012-07-31
450880,122675,-67.5,1782,668,17:44:39,2012-07-31
450365,122680,-71.333336,1782,668,16:55:06,2012-07-31
450615,122680,-57.0,1782,668,17:40:36,2012-07-31
450840,122680,-66.333336,1782,668,17:44:45,2012-07-31
450875,122680,-65.0,1782,668,17:39:47,2012-07-31
450890,122680,-68.777779,1782,668,17:44:38,2012-07-31
449530,122685,-69.5,1782,668,13:00:06,2012-07-30
450360,122685,-71.0,1782,668,16:55:06,2012-07-31
450885,122685,-66.0,1782,668,17:39:46,2012-07-31
450895,122685,-66.0,1782,668,17:39:45,2012-07-31
449520,122690,-71.0,1782,668,13:00:07,2012-07-30
450350,122690,-71.666664,1782,668,16:55:05,2012-07-31
450615,122690,-57.0,1782,668,17:40:37,2012-07-31
450835,122690,-67.333336,1782,668,17:44:46,2012-07-31
450900,122690,-68.333336,1782,668,17:44:36,2012-07-31
450350,122695,-72.0,1782,668,16:55:04,2012-07-31
450615,122695,-56.57143,1782,668,17:40:38,2012-07-31
450905,122695,-66.666664,1782,668,17:39:44,2012-07-31
450910,122695,-68.666664,1782,668,17:44:35,2012-07-31
450345,122700,-71.25,1782,668,16:55:03,2012-07-31
450615,122700,-56.0,1782,668,17:40:38,2012-07-31
450830,122700,-67.666664,1782,668,17:44:48,2012-07-31
450915,122700,-67.75,1782,668,17:39:43,2012-07-31
450920,122700,-70.333336,1782,668,17:44:34,2012-07-31
450925,122700,-68.0,1782,668,17:39:42,2012-07-31
450340,122705,-71.0,1782,668,16:55:03,2012-07-31
450930,122705,-68.800003,1782,668,17:39:41,2012-07-31
450335,122710,-70.333336,1782,668,16:55:02,2012-07-31
450610,122710,-56.333332,1782,668,17:40:39,2012-07-31
450825,122710,-65.666664,1782,668,17:44:49,2012-07-31
450935,122710,-68.333336,1782,668,17:44:32,2012-07-31
450940,122710,-69.0,1782,668,17:39:40,2012-07-31
450950,122715,-69.400002,1782,668,17:44:31,2012-07-31
450820,122720,-63.666668,1782,668,17:44:50,2012-07-31
450960,122720,-68.333336,1782,668,17:44:29,2012-07-31
450820,122725,-65.0,1782,668,17:44:51,2012-07-31
450965,122725,-71.0,1782,668,17:39:37,2012-07-31
450975,122725,-69.666664,1782,668,17:44:28,2012-07-31
450315,122730,-70.666664,1782,668,16:55:01,2012-07-31
450610,122730,-57.0,1782,668,17:40:41,2012-07-31
450815,122730,-64.25,1782,668,17:44:52,2012-07-31
450970,122730,-71.0,1782,668,17:39:37,2012-07-31
450980,122730,-69.333336,1782,668,17:44:26,2012-07-31
450610,122735,-57.0,1782,668,17:40:41,2012-07-31
450985,122735,-71.0,1782,668,17:39:35,2012-07-31
450990,122735,-69.0,1782,668,17:44:25,2012-07-31
450310,122740,-72.599998,1782,668,16:54:59,2012-07-31
450610,122740,-57.0,1782,668,17:40:41,2012-07-31
450810,122740,-61.666668,1782,668,17:44:53,2012-07-31
450995,122740,-70.5,1782,668,17:39:34,2012-07-31
451005,122740,-69.800003,1782,668,17:44:24,2012-07-31
450610,122745,-57.333332,1782,668,17:40:42,2012-07-31
450810,122745,-61.0,1782,668,17:44:55,2012-07-31
451005,122745,-69.333336,1782,668,17:39:33,2012-07-31
451010,122745,-69.25,1782,668,17:44:24,2012-07-31
450300,122750,-73.0,1782,668,16:54:58,2012-07-31
450800,122750,-61.25,1782,668,17:44:58,2012-07-31
450805,122750,-61.0,1782,668,17:44:56,2012-07-31
451015,122750,-69.0,1782,668,17:39:31,2012-07-31
451020,122750,-68.25,1782,668,17:44:22,2012-07-31
450295,122755,-76.0,1782,668,16:54:56,2012-07-31
450785,122755,-59.75,1782,668,17:45:36,2012-07-31
450790,122755,-58.0,1782,668,17:45:00,2012-07-31
450795,122755,-59.23077,1782,668,17:45:39,2012-07-31
450800,122755,-61.5,1782,668,17:44:58,2012-07-31
451035,122755,-68.0,1782,668,17:44:21,2012-07-31
450750,122760,-61.0,1782,668,17:45:04,2012-07-31
450760,122760,-60.25,1782,668,17:45:03,2012-07-31
450770,122760,-60.5,1782,668,17:45:02,2012-07-31
450775,122760,-57.0,1782,668,17:45:36,2012-07-31
450800,122760,-61.0,1782,668,17:45:41,2012-07-31
451030,122760,-68.333336,1782,668,17:39:30,2012-07-31
450610,122765,-58.0,1782,668,17:40:43,2012-07-31
450720,122765,-59.666668,1782,668,17:45:07,2012-07-31
450725,122765,-60.0,1782,668,17:45:07,2012-07-31
450735,122765,-59.25,1782,668,17:45:06,2012-07-31
450745,122765,-60.5,1782,668,17:45:05,2012-07-31
450750,122765,-58.0,1782,668,17:45:33,2012-07-31
450760,122765,-57.666668,1782,668,17:45:34,2012-07-31
450805,122765,-62.0,1782,668,17:45:43,2012-07-31
451045,122765,-67.333336,1782,668,17:39:28,2012-07-31
450280,122770,-76.0,1782,668,16:54:55,2012-07-31
450685,122770,-59.0,1782,668,17:45:11,2012-07-31
450690,122770,-59.0,1782,668,17:45:10,2012-07-31
450695,122770,-59.0,1782,668,17:45:10,2012-07-31
450700,122770,-61.0,1782,668,17:45:26,2012-07-31
450705,122770,-59.400002,1782,668,17:45:09,2012-07-31
450710,122770,-59.0,1782,668,17:45:08,2012-07-31
450715,122770,-59.5,1782,668,17:45:08,2012-07-31
450720,122770,-58.0,1782,668,17:45:29,2012-07-31
450730,122770,-58.0,1782,668,17:45:30,2012-07-31
450740,122770,-58.0,1782,668,17:45:31,2012-07-31
450805,122770,-63.0,1782,668,17:45:44,2012-07-31
451050,122770,-67.666664,1782,668,17:39:27,2012-07-31
450670,122775,-57.666668,1782,668,17:45:17,2012-07-31
450675,122775,-57.599998,1782,668,17:45:14,2012-07-31
450680,122775,-58.5,1782,668,17:45:13,2012-07-31
450685,122775,-59.727272,1782,668,17:45:12,2012-07-31
450805,122775,-63.0,1782,668,17:45:45,2012-07-31
451065,122775,-68.75,1782,668,17:39:26,2012-07-31
450270,122780,-76.0,1782,668,16:54:55,2012-07-31
450675,122780,-58.0,1782,668,17:45:14,2012-07-31
450805,122780,-64.666664,1782,668,17:45:46,2012-07-31
451075,122780,-69.599998,1782,668,17:39:24,2012-07-31
450605,122785,-59.666668,1782,668,17:40:45,2012-07-31
450990,122785,-78.0,1782,668,17:43:09,2012-07-31
450805,122790,-67.333336,1782,668,17:45:47,2012-07-31
451085,122790,-72.0,1782,668,17:39:23,2012-07-31
450605,122795,-63.0,1782,668,17:40:45,2012-07-31
451095,122795,-74.0,1782,668,17:39:22,2012-07-31
450805,122800,-66.0,1782,668,17:45:48,2012-07-31
451105,122800,-74.800003,1782,668,17:39:21,2012-07-31
450605,122805,-63.75,1782,668,17:40:46,2012-07-31
450945,122805,-80.0,1782,668,17:46:12,2012-07-31
450810,122810,-66.333336,1782,668,17:45:50,2012-07-31
450905,122810,-79.666664,1782,668,17:46:07,2012-07-31
450910,122810,-81.0,1782,668,17:46:08,2012-07-31
450930,122810,-80.0,1782,668,17:46:10,2012-07-31
450940,122810,-80.0,1782,668,17:46:11,2012-07-31
450860,122815,-70.0,1782,668,17:46:00,2012-07-31
450865,122815,-70.0,1782,668,17:46:01,2012-07-31
450870,122815,-70.0,1782,668,17:46:02,2012-07-31
450875,122815,-70.25,1782,668,17:46:03,2012-07-31
450880,122815,-71.0,1782,668,17:46:03,2012-07-31
450885,122815,-72.0,1782,668,17:46:04,2012-07-31
450890,122815,-75.0,1782,668,17:46:05,2012-07-31
450895,122815,-76.0,1782,668,17:46:05,2012-07-31
450905,122815,-79.0,1782,668,17:46:41,2012-07-31
450910,122815,-79.0,1782,668,17:46:40,2012-07-31
450915,122815,-77.5,1782,668,17:46:39,2012-07-31
450920,122815,-77.0,1782,668,17:46:39,2012-07-31
450925,122815,-77.0,1782,668,17:46:38,2012-07-31
450930,122815,-77.375,1782,668,17:46:38,2012-07-31
450935,122815,-78.0,1782,668,17:46:37,2012-07-31
450940,122815,-78.0,1782,668,17:46:36,2012-07-31
450955,122815,-78.666664,1782,668,17:46:35,2012-07-31
450960,122815,-79.0,1782,668,17:46:34,2012-07-31
450605,122820,-66.333336,1782,668,17:40:48,2012-07-31
450810,122820,-67.333336,1782,668,17:45:51,2012-07-31
450825,122820,-68.0,1782,668,17:45:55,2012-07-31
450830,122820,-71.0,1782,668,17:45:56,2012-07-31
450835,122820,-70.666664,1782,668,17:45:57,2012-07-31
450845,122820,-70.0,1782,668,17:45:58,2012-07-31
450850,122820,-70.0,1782,668,17:46:49,2012-07-31
450855,122820,-70.714287,1782,668,17:46:00,2012-07-31
450865,122820,-75.333336,1782,668,17:46:46,2012-07-31
450870,122820,-78.5,1782,668,17:46:45,2012-07-31
450880,122820,-79.333336,1782,668,17:46:43,2012-07-31
450895,122820,-79.0,1782,668,17:46:42,2012-07-31
450810,122825,-68.333336,1782,668,17:46:58,2012-07-31
450815,122825,-69.0,1782,668,17:46:55,2012-07-31
450820,122825,-66.5,1782,668,17:45:54,2012-07-31
450825,122825,-68.666664,1782,668,17:46:53,2012-07-31
450830,122825,-66.666664,1782,668,17:46:52,2012-07-31
450835,122825,-67.333336,1782,668,17:46:50,2012-07-31
450810,122830,-65.800003,1782,668,17:46:59,2012-07-31
450810,122835,-63.333332,1782,668,17:47:00,2012-07-31
450605,122840,-67.5,1782,668,17:40:49,2012-07-31
450810,122845,-61.200001,1782,668,17:47:02,2012-07-31
450605,122850,-69.0,1782,668,17:40:50,2012-07-31
450810,122850,-60.333332,1782,668,17:47:03,2012-07-31
450600,122855,-69.333336,1782,668,17:40:50,2012-07-31
451000,122860,-75.0,1782,668,17:43:27,2012-07-31
450600,122865,-70.0,1782,668,17:40:51,2012-07-31
450810,122865,-61.333332,1782,668,17:47:05,2012-07-31
451000,122865,-78.120003,1782,668,17:43:28,2012-07-31
451005,122865,-77.0,1782,668,17:43:48,2012-07-31
450600,122870,-69.666664,1782,668,17:40:52,2012-07-31
451005,122870,-77.0,1782,668,17:43:49,2012-07-31
450810,122875,-63.0,1782,668,17:47:06,2012-07-31
451030,122875,-80.0,1782,668,17:43:55,2012-07-31
450810,122880,-65.85714,1782,668,17:47:07,2012-07-31
451015,122880,-78.666664,1782,668,17:43:54,2012-07-31
451020,122880,-80.0,1782,668,17:43:55,2012-07-31
450600,122885,-69.25,1782,668,17:40:53,2012-07-31
450810,122885,-68.0,1782,668,17:47:08,2012-07-31
450815,122885,-68.0,1782,668,17:47:08,2012-07-31
450600,122890,-70.0,1782,668,17:40:54,2012-07-31
450815,122890,-68.199997,1782,668,17:47:08,2012-07-31
450600,122895,-70.0,1782,668,17:40:55,2012-07-31
450815,122895,-69.0,1782,668,17:47:10,2012-07-31
450815,122900,-69.0,1782,668,17:47:10,2012-07-31
450815,122905,-69.0,1782,668,17:47:12,2012-07-31
450945,122905,-79.0,1782,668,17:42:16,2012-07-31
450230,122910,-82.0,1782,668,15:11:38,2012-07-27
450605,122910,-70.333336,1782,668,17:40:56,2012-07-31
450815,122910,-68.023438,1782,668,17:48:05,2012-07-31
450910,122910,-76.0,1782,668,17:42:14,2012-07-31
450925,122910,-77.666664,1782,668,17:42:15,2012-07-31
450230,122915,-81.75,1782,668,15:11:39,2012-07-27
450605,122915,-71.0,1782,668,17:40:57,2012-07-31
450815,122915,-68.0,1782,668,17:47:15,2012-07-31
450880,122915,-72.666664,1782,668,17:42:11,2012-07-31
450890,122915,-74.333336,1782,668,17:42:12,2012-07-31
450905,122915,-75.0,1782,668,17:42:13,2012-07-31
450235,122920,-81.0,1782,668,15:11:39,2012-07-27
450605,122920,-71.0,1782,668,17:40:57,2012-07-31
450815,122920,-66.25,1782,668,17:48:11,2012-07-31
450845,122920,-70.5,1782,668,17:42:08,2012-07-31
450855,122920,-70.5,1782,668,17:42:09,2012-07-31
450240,122925,-81.0,1782,668,15:11:40,2012-07-27
450605,122925,-71.0,1782,668,17:40:59,2012-07-31
450610,122925,-70.395065,1782,668,17:41:14,2012-07-31
450615,122925,-68.3125,1782,668,17:41:26,2012-07-31
450820,122925,-67.0,1782,668,17:48:12,2012-07-31
450835,122925,-70.599998,1782,668,17:42:07,2012-07-31
450615,122930,-67.239998,1782,668,17:41:34,2012-07-31
450800,122930,-72.0,1782,668,17:42:04,2012-07-31
450805,122930,-75.0,1782,668,17:42:04,2012-07-31
450810,122930,-71.333336,1782,668,17:42:05,2012-07-31
450820,122930,-67.0,1782,668,17:48:12,2012-07-31
450615,122935,-71.14286,1782,668,17:41:38,2012-07-31
450780,122935,-77.0,1782,668,17:42:02,2012-07-31
450790,122935,-75.0,1782,668,17:42:03,2012-07-31
450820,122935,-67.0,1782,668,17:48:13,2012-07-31
450260,122940,-82.0,1782,668,15:11:42,2012-07-27
450615,122940,-72.199997,1782,668,17:41:40,2012-07-31
450765,122940,-78.0,1782,668,17:42:01,2012-07-31
450820,122940,-67.333336,1782,668,17:48:14,2012-07-31
450270,122945,-82.25,1782,668,15:11:44,2012-07-27
450615,122945,-73.333336,1782,668,17:41:41,2012-07-31
450620,122950,-74.333336,1782,668,17:41:43,2012-07-31
450820,122950,-68.25,1782,668,17:48:15,2012-07-31
450280,122955,-83.0,1782,668,15:11:46,2012-07-27
450620,122955,-75.0,1782,668,17:41:43,2012-07-31
450620,122960,-74.599998,1782,668,17:41:44,2012-07-31
450820,122960,-69.0,1782,668,17:48:17,2012-07-31
450625,122965,-73.666664,1782,668,17:41:45,2012-07-31
450635,122965,-73.0,1782,668,17:41:47,2012-07-31
450640,122965,-73.0,1782,668,17:41:48,2012-07-31
450645,122965,-73.0,1782,668,17:41:48,2012-07-31
450295,122970,-82.5,1782,668,15:11:47,2012-07-27
450820,122970,-68.666664,1782,668,17:48:18,2012-07-31
450300,122975,-81.0,1782,668,15:11:48,2012-07-27
450820,122980,-67.666664,1782,668,17:48:19,2012-07-31
450820,122990,-67.0,1782,668,17:48:21,2012-07-31
450820,122995,-66.75,1782,668,17:48:22,2012-07-31
450790,123000,-75.199997,1782,668,17:48:29,2012-07-31
450800,123000,-74.0,1782,668,17:48:28,2012-07-31
450805,123000,-72.666664,1782,668,17:48:27,2012-07-31
450810,123000,-69.333336,1782,668,17:48:25,2012-07-31
450815,123000,-66.800003,1782,668,17:48:24,2012-07-31
450745,123005,-78.166664,1782,668,17:48:39,2012-07-31
450750,123005,-77.428574,1782,668,17:48:38,2012-07-31
450760,123005,-77.400002,1782,668,17:48:36,2012-07-31
450765,123005,-77.333336,1782,668,17:48:35,2012-07-31
450775,123005,-77.666664,1782,668,17:48:34,2012-07-31
450780,123005,-79.5,1782,668,17:48:32,2012-07-31
450785,123005,-78.199997,1782,668,17:48:31,2012-07-31
450725,123010,-79.0,1782,668,17:48:42,2012-07-31
450730,123010,-79.0,1782,668,17:48:41,2012-07-31
450735,123010,-79.0,1782,668,17:48:40,2012-07-31
450715,123015,-79.5,1782,668,17:48:44,2012-07-31
450720,123015,-79.0,1782,668,17:48:42,2012-07-31
450695,123020,-79.0,1782,668,17:48:48,2012-07-31
450700,123020,-77.5,1782,668,17:48:48,2012-07-31
450710,123020,-78.888885,1782,668,17:48:46,2012-07-31
450655,123025,-79.0,1782,668,17:48:55,2012-07-31
450665,123025,-81.0,1782,668,17:48:53,2012-07-31
450670,123025,-81.0,1782,668,17:48:53,2012-07-31
450675,123025,-81.0,1782,668,17:48:52,2012-07-31
450645,123030,-77.0,1782,668,17:48:57,2012-07-31
450650,123030,-78.5,1782,668,17:48:56,2012-07-31
450655,123030,-79.0,1782,668,17:48:55,2012-07-31
450645,123035,-77.25,1782,668,17:48:57,2012-07-31
450635,123040,-77.75,1782,668,17:48:59,2012-07-31
450640,123040,-78.0,1782,668,17:48:58,2012-07-31
450635,123050,-77.0,1782,668,17:49:00,2012-07-31
450715,123090,-84.0,1782,668,17:49:28,2012-07-31
450725,123090,-84.0,1782,668,17:49:28,2012-07-31
450830,123090,-71.0,1782,668,17:49:50,2012-07-31
450830,123095,-71.0,1782,668,17:49:50,2012-07-31
450830,123105,-70.75,1782,668,17:49:51,2012-07-31
450830,123110,-69.599998,1782,668,17:49:52,2012-07-31
450830,123115,-67.333336,1782,668,17:49:54,2012-07-31
450410,123130,-81.0,1782,668,15:12:23,2012-07-27
450410,123135,-81.0,1782,668,15:12:23,2012-07-27
450400,123140,-81.0,1782,668,15:12:24,2012-07-27
450835,123140,-66.5,1782,668,17:49:56,2012-07-31
450835,123145,-66.75,1782,668,17:49:57,2012-07-31
450835,123155,-66.333336,1782,668,17:49:58,2012-07-31
450380,123165,-81.0,1782,668,15:12:27,2012-07-27
450835,123165,-67.0,1782,668,17:50:00,2012-07-31
450835,123170,-67.25,1782,668,17:50:00,2012-07-31
450855,123170,-70.0,1782,668,17:56:04,2012-07-31
450860,123170,-73.599998,1782,668,17:56:06,2012-07-31
450865,123170,-76.0,1782,668,17:56:07,2012-07-31
450375,123175,-81.0,1782,668,15:12:28,2012-07-27
450830,123175,-70.0,1782,668,17:56:00,2012-07-31
450835,123175,-68.666664,1782,668,17:50:03,2012-07-31
450840,123175,-68.333336,1782,668,17:56:03,2012-07-31
450845,123175,-69.0,1782,668,17:56:03,2012-07-31
450805,123180,-74.0,1782,668,17:54:54,2012-07-31
450815,123180,-70.0,1782,668,17:54:54,2012-07-31
450820,123180,-65.333336,1782,668,17:54:52,2012-07-31
450735,123185,-81.0,1782,668,17:55:03,2012-07-31
450745,123185,-81.0,1782,668,17:55:02,2012-07-31
450750,123185,-79.666664,1782,668,17:55:02,2012-07-31
450760,123185,-79.5,1782,668,17:55:01,2012-07-31
450775,123185,-79.333336,1782,668,17:54:59,2012-07-31
450785,123185,-78.25,1782,668,17:54:57,2012-07-31
450790,123185,-78.0,1782,668,17:54:57,2012-07-31
450795,123185,-78.0,1782,668,17:54:56,2012-07-31
450800,123185,-78.0,1782,668,17:54:55,2012-07-31
450830,123185,-60.0,1782,668,17:54:51,2012-07-31
450835,123185,-68.0,1782,668,17:50:04,2012-07-31
449890,123190,-75.0,1782,668,16:54:11,2012-07-31
450650,123190,-82.599998,1782,668,17:55:16,2012-07-31
450655,123190,-82.333336,1782,668,17:55:30,2012-07-31
450835,123190,-59.142857,1782,668,17:54:49,2012-07-31
450835,123195,-53.666668,1782,668,17:54:48,2012-07-31
450835,123200,-53.0,1782,668,17:54:47,2012-07-31
450840,123200,-67.75,1782,668,17:50:05,2012-07-31
449875,123205,-75.0,1782,668,16:54:09,2012-07-31
450835,123205,-54.5,1782,668,17:54:46,2012-07-31
450840,123210,-67.666664,1782,668,17:50:07,2012-07-31
450835,123215,-55.0,1782,668,17:54:46,2012-07-31
450840,123215,-69.0,1782,668,17:50:07,2012-07-31
450840,123220,-68.800003,1782,668,17:50:08,2012-07-31
450840,123225,-67.75,1782,668,17:50:09,2012-07-31
450835,123230,-55.0,1782,668,17:54:44,2012-07-31
450835,123235,-55.0,1782,668,17:54:44,2012-07-31
450840,123240,-66.800003,1782,668,17:50:11,2012-07-31
449830,123245,-73.470589,1782,668,16:54:00,2012-07-31
450835,123245,-55.0,1782,668,17:54:42,2012-07-31
450840,123245,-66.0,1782,668,17:50:11,2012-07-31
450835,123250,-55.0,1782,668,17:54:41,2012-07-31
450840,123255,-66.0,1782,668,17:50:12,2012-07-31
450835,123260,-55.0,1782,668,17:54:41,2012-07-31
450835,123265,-55.0,1782,668,17:54:39,2012-07-31
450840,123265,-66.0,1782,668,17:50:13,2012-07-31
450840,123270,-65.0,1782,668,17:50:14,2012-07-31
450840,123275,-55.0,1782,668,17:54:39,2012-07-31
450840,123285,-62.333332,1782,668,17:50:15,2012-07-31
450840,123290,-61.0,1782,668,17:50:16,2012-07-31
450840,123295,-61.0,1782,668,17:50:17,2012-07-31
450855,123300,-71.333336,1782,668,17:53:43,2012-07-31
450860,123300,-74.0,1782,668,17:53:44,2012-07-31
450865,123300,-75.0,1782,668,17:53:44,2012-07-31
450870,123300,-78.0,1782,668,17:53:46,2012-07-31
450840,123305,-61.0,1782,668,17:50:18,2012-07-31
450850,123305,-70.0,1782,668,17:53:42,2012-07-31
450840,123310,-60.0,1782,668,17:53:39,2012-07-31
450845,123310,-63.888889,1782,668,17:53:40,2012-07-31
450840,123315,-56.909092,1782,668,17:53:37,2012-07-31
450845,123315,-72.0,1782,668,17:54:33,2012-07-31
450840,123320,-57.799999,1782,668,17:53:36,2012-07-31
450840,123325,-69.0,1782,668,17:53:32,2012-07-31
450840,123330,-64.199997,1782,668,17:50:22,2012-07-31
450840,123335,-69.0,1782,668,17:53:30,2012-07-31
450840,123340,-69.0,1782,668,17:53:29,2012-07-31
450845,123340,-61.0,1782,668,17:50:24,2012-07-31
450840,123345,-69.0,1782,668,17:53:29,2012-07-31
450845,123345,-61.0,1782,668,17:50:25,2012-07-31
450840,123350,-69.0,1782,668,17:53:28,2012-07-31
450845,123355,-69.0,1782,668,17:53:27,2012-07-31
450850,123360,-61.333332,1782,668,17:50:27,2012-07-31
450845,123365,-69.0,1782,668,17:53:26,2012-07-31
450850,123365,-62.333332,1782,668,17:50:28,2012-07-31
450845,123370,-72.5,1782,668,17:53:25,2012-07-31
449740,123375,-70.0,1782,668,16:47:33,2012-07-31
449745,123375,-75.0,1782,668,15:15:39,2012-07-27
450845,123375,-76.0,1782,668,17:53:24,2012-07-31
450850,123375,-63.333332,1782,668,17:50:29,2012-07-31
450850,123380,-64.0,1782,668,17:50:31,2012-07-31
450850,123385,-69.0,1782,668,17:50:31,2012-07-31
450860,123385,-82.0,1782,668,17:51:53,2012-07-31
450865,123385,-82.0,1782,668,17:51:54,2012-07-31
450835,123390,-81.0,1782,668,17:50:35,2012-07-31
450840,123390,-77.666664,1782,668,17:50:34,2012-07-31
450845,123390,-71.800003,1782,668,17:50:32,2012-07-31
449725,123410,-75.400002,1782,668,15:15:40,2012-07-27
449720,123420,-75.5,1782,668,15:15:42,2012-07-27
449700,123445,-75.0,1782,668,15:15:42,2012-07-27
449690,123460,-75.0,1782,668,15:15:43,2012-07-27
449680,123480,-75.333336,1782,668,15:15:45,2012-07-27
449660,123505,-75.5,1782,668,15:15:46,2012-07-27
449650,123525,-75.25,1782,668,15:15:47,2012-07-27
449640,123540,-76.0,1782,668,15:15:49,2012-07-27
