454905,111405,-81.0,1656,124,14:38:30,2012-07-26
454900,111415,-81.0,1656,124,14:38:30,2012-07-26
454895,111420,-81.0,1656,124,14:40:36,2012-07-26
454890,111430,-81.0,1656,124,14:40:36,2012-07-26
454890,111435,-87.0,1656,124,10:56:07,2012-07-26
454890,111440,-86.5,1656,124,10:56:07,2012-07-26
454885,111445,-81.0,1656,124,14:38:30,2012-07-26
454875,111460,-81.0,1656,124,14:40:34,2012-07-26
454870,111470,-81.0,1656,124,14:40:33,2012-07-26
454865,111480,-81.0,1656,124,14:38:30,2012-07-26
454825,111545,-81.0,1656,124,14:40:28,2012-07-26
454815,111560,-79.666664,1656,124,14:40:26,2012-07-26
454805,111570,-78.333336,1656,124,14:40:25,2012-07-26
454785,111590,-78.0,1656,124,14:40:24,2012-07-26
454775,111600,-79.0,1656,124,14:40:22,2012-07-26
454755,111605,-79.0,1656,124,14:40:20,2012-07-26
454765,111605,-79.0,1656,124,14:40:21,2012-07-26
454730,111640,-80.0,1656,124,14:40:15,2012-07-26
454720,111655,-80.0,1656,124,14:40:13,2012-07-26
454715,111665,-78.0,1656,124,14:40:12,2012-07-26
454705,111675,-78.0,1656,124,14:40:11,2012-07-26
454430,111950,-77.0,1656,124,14:39:45,2012-07-26
445650,121235,-76.0,1656,124,12:37:09,2012-07-30
445660,121235,-76.0,1656,124,12:37:09,2012-07-30
445630,121240,-76.0,1656,124,12:37:08,2012-07-30
445670,121240,-76.0,1656,124,12:37:10,2012-07-30
445680,121240,-76.0,1656,124,12:37:11,2012-07-30
450950,121540,-55.0,1656,124,17:02:54,2012-07-31
450950,121545,-55.0,1656,124,17:02:55,2012-07-31
450940,121560,-55.0,1656,124,17:02:55,2012-07-31
450940,121570,-55.0,1656,124,17:02:56,2012-07-31
450935,121580,-55.0,1656,124,17:02:57,2012-07-31
450935,121590,-55.0,1656,124,17:02:59,2012-07-31
450930,121600,-55.0,1656,124,17:02:59,2012-07-31
450930,121605,-55.666668,1656,124,17:03:01,2012-07-31
450925,121620,-57.666668,1656,124,17:03:02,2012-07-31
446005,121630,-75.0,1656,124,12:38:07,2012-07-30
446010,121630,-75.0,1656,124,12:38:07,2012-07-30
446015,121635,-75.0,1656,124,12:38:08,2012-07-30
446015,121640,-75.0,1656,124,12:38:08,2012-07-30
450920,121640,-59.666668,1656,124,17:03:03,2012-07-31
446020,121645,-75.0,1656,124,12:38:09,2012-07-30
450915,121650,-62.0,1656,124,17:03:05,2012-07-31
446045,121665,-77.0,1656,124,12:38:11,2012-07-30
446050,121670,-77.0,1656,124,12:38:12,2012-07-30
446060,121670,-77.0,1656,124,12:38:13,2012-07-30
450910,121670,-64.666664,1656,124,17:03:06,2012-07-31
446060,121675,-77.0,1656,124,12:38:13,2012-07-30
446070,121675,-77.0,1656,124,12:38:13,2012-07-30
446080,121675,-76.666664,1656,124,12:38:14,2012-07-30
446125,121675,-75.0,1656,124,12:38:18,2012-07-30
446130,121675,-74.75,1656,124,12:38:20,2012-07-30
446135,121675,-71.305969,1656,124,12:39:16,2012-07-30
446140,121675,-71.25,1656,124,12:38:40,2012-07-30
450910,121675,-65.111115,1656,124,17:03:08,2012-07-31
446100,121680,-75.666664,1656,124,12:38:16,2012-07-30
446105,121680,-75.0,1656,124,12:38:16,2012-07-30
446110,121680,-75.0,1656,124,12:38:17,2012-07-30
446115,121680,-75.0,1656,124,12:38:18,2012-07-30
450905,121690,-63.777779,1656,124,17:03:09,2012-07-31
450905,121700,-62.0,1656,124,17:03:09,2012-07-31
446300,121720,-72.0,1656,124,12:40:50,2012-07-30
446305,121720,-72.0,1656,124,12:40:50,2012-07-30
446310,121720,-71.800003,1656,124,12:40:51,2012-07-30
446325,121725,-71.666664,1656,124,12:40:52,2012-07-30
446335,121730,-73.800003,1656,124,12:40:54,2012-07-30
446340,121735,-75.333336,1656,124,12:40:55,2012-07-30
446350,121745,-76.0,1656,124,12:40:56,2012-07-30
446355,121750,-76.0,1656,124,12:40:57,2012-07-30
450965,121830,-52.0,1656,124,17:12:48,2012-07-31
450970,121830,-52.0,1656,124,17:12:48,2012-07-31
450980,121835,-52.5,1656,124,17:12:47,2012-07-31
451000,121840,-51.0,1656,124,17:12:45,2012-07-31
451010,121845,-46.666668,1656,124,17:12:44,2012-07-31
451025,121845,-44.25,1656,124,17:12:43,2012-07-31
451035,121850,-44.0,1656,124,17:12:42,2012-07-31
451045,121855,-44.0,1656,124,17:12:41,2012-07-31
451055,121855,-43.0,1656,124,17:12:40,2012-07-31
451065,121860,-43.799999,1656,124,17:12:38,2012-07-31
451070,121860,-45.0,1656,124,17:12:38,2012-07-31
451070,121865,-45.0,1656,124,17:12:38,2012-07-31
451075,121865,-45.0,1656,124,17:12:37,2012-07-31
451080,121865,-49.666668,1656,124,17:12:37,2012-07-31
451095,121875,-54.0,1656,124,17:12:35,2012-07-31
451105,121880,-54.333332,1656,124,17:12:34,2012-07-31
451110,121880,-54.0,1656,124,17:12:33,2012-07-31
451110,121885,-54.0,1656,124,17:12:33,2012-07-31
451120,121885,-52.5,1656,124,17:12:33,2012-07-31
451135,121895,-52.0,1656,124,17:12:31,2012-07-31
451145,121900,-52.0,1656,124,17:12:30,2012-07-31
451160,121910,-52.0,1656,124,17:12:28,2012-07-31
451165,121915,-52.0,1656,124,17:12:28,2012-07-31
451170,121920,-52.0,1656,124,17:12:27,2012-07-31
451145,121925,-57.666668,1656,124,17:23:54,2012-07-31
451140,121935,-57.200001,1656,124,17:23:52,2012-07-31
451135,121945,-55.5,1656,124,17:23:51,2012-07-31
451135,121950,-55.0,1656,124,17:23:51,2012-07-31
451130,121955,-53.0,1656,124,17:23:50,2012-07-31
451130,121970,-52.25,1656,124,17:23:48,2012-07-31
451130,121980,-51.25,1656,124,17:23:47,2012-07-31
451130,121985,-51.0,1656,124,17:23:46,2012-07-31
451130,121990,-53.0,1656,124,17:23:46,2012-07-31
451125,121995,-54.0,1656,124,17:23:44,2012-07-31
451120,122005,-54.0,1656,124,17:23:43,2012-07-31
451115,122010,-54.0,1656,124,17:23:42,2012-07-31
451115,122015,-54.0,1656,124,17:23:41,2012-07-31
451110,122020,-54.0,1656,124,17:23:40,2012-07-31
450605,122115,-55.0,1656,124,16:57:02,2012-07-31
450610,122115,-54.0,1656,124,16:57:00,2012-07-31
450615,122115,-53.0,1656,124,16:57:00,2012-07-31
450620,122115,-51.5,1656,124,16:56:59,2012-07-31
450630,122115,-51.0,1656,124,16:56:58,2012-07-31
450635,122115,-49.666668,1656,124,16:56:58,2012-07-31
450645,122120,-48.0,1656,124,16:56:56,2012-07-31
450660,122120,-45.5,1656,124,16:56:55,2012-07-31
450660,122125,-45.0,1656,124,16:56:54,2012-07-31
450665,122125,-45.0,1656,124,16:56:54,2012-07-31
450670,122130,-44.333332,1656,124,16:56:52,2012-07-31
450675,122135,-44.0,1656,124,16:56:51,2012-07-31
450675,122140,-44.0,1656,124,16:56:50,2012-07-31
450675,122145,-43.25,1656,124,16:56:48,2012-07-31
450675,122150,-40.75,1656,124,16:56:48,2012-07-31
450675,122155,-38.666668,1656,124,16:56:46,2012-07-31
450675,122160,-37.200001,1656,124,16:56:44,2012-07-31
450670,122165,-37.349998,1656,124,16:56:18,2012-07-31
450670,122170,-41.954544,1656,124,16:56:15,2012-07-31
450670,122175,-45.0,1656,124,16:56:09,2012-07-31
450665,122180,-45.0,1656,124,16:56:08,2012-07-31
450665,122185,-45.0,1656,124,16:56:07,2012-07-31
450665,122190,-45.0,1656,124,16:56:07,2012-07-31
450660,122200,-45.0,1656,124,16:56:05,2012-07-31
451010,122215,-60.5,1656,124,17:22:46,2012-07-31
451015,122220,-58.599998,1656,124,17:22:45,2012-07-31
451015,122225,-59.0,1656,124,17:22:44,2012-07-31
451015,122235,-57.0,1656,124,17:22:43,2012-07-31
451020,122240,-55.5,1656,124,17:22:42,2012-07-31
451030,122250,-54.0,1656,124,17:22:41,2012-07-31
451035,122260,-52.200001,1656,124,17:22:39,2012-07-31
451040,122270,-51.0,1656,124,17:22:38,2012-07-31
451045,122270,-48.75,1656,124,17:22:38,2012-07-31
451045,122275,-48.0,1656,124,17:22:37,2012-07-31
451050,122280,-48.0,1656,124,17:22:36,2012-07-31
451055,122290,-48.0,1656,124,17:22:35,2012-07-31
451055,122295,-48.0,1656,124,17:22:34,2012-07-31
451060,122300,-48.0,1656,124,17:22:34,2012-07-31
451065,122305,-48.0,1656,124,17:22:32,2012-07-31
451065,122310,-48.0,1656,124,17:22:32,2012-07-31
454905,111405,-81.0,1656,124,14:38:30,2012-07-26
454900,111415,-81.0,1656,124,14:38:30,2012-07-26
454895,111420,-81.0,1656,124,14:40:36,2012-07-26
454890,111430,-81.0,1656,124,14:40:36,2012-07-26
454890,111435,-87.0,1656,124,10:56:07,2012-07-26
454890,111440,-86.5,1656,124,10:56:07,2012-07-26
454885,111445,-81.0,1656,124,14:38:30,2012-07-26
454875,111460,-81.0,1656,124,14:40:34,2012-07-26
454870,111470,-81.0,1656,124,14:40:33,2012-07-26
454865,111480,-81.0,1656,124,14:38:30,2012-07-26
454825,111545,-81.0,1656,124,14:40:28,2012-07-26
454815,111560,-79.666664,1656,124,14:40:26,2012-07-26
454805,111570,-78.333336,1656,124,14:40:25,2012-07-26
454785,111590,-78.0,1656,124,14:40:24,2012-07-26
454775,111600,-79.0,1656,124,14:40:22,2012-07-26
454755,111605,-79.0,1656,124,14:40:20,2012-07-26
454765,111605,-79.0,1656,124,14:40:21,2012-07-26
454730,111640,-80.0,1656,124,14:40:15,2012-07-26
454720,111655,-80.0,1656,124,14:40:13,2012-07-26
454715,111665,-78.0,1656,124,14:40:12,2012-07-26
454705,111675,-78.0,1656,124,14:40:11,2012-07-26
454430,111950,-77.0,1656,124,14:39:45,2012-07-26
445650,121235,-76.0,1656,124,12:37:09,2012-07-30
445660,121235,-76.0,1656,124,12:37:09,2012-07-30
445630,121240,-76.0,1656,124,12:37:08,2012-07-30
445670,121240,-76.0,1656,124,12:37:10,2012-07-30
445680,121240,-76.0,1656,124,12:37:11,2012-07-30
450950,121540,-55.0,1656,124,17:02:54,2012-07-31
450950,121545,-55.0,1656,124,17:02:55,2012-07-31
450940,121560,-55.0,1656,124,17:02:55,2012-07-31
450940,121570,-55.0,1656,124,17:02:56,2012-07-31
450935,121580,-55.0,1656,124,17:02:57,2012-07-31
450935,121590,-55.0,1656,124,17:02:59,2012-07-31
450930,121600,-55.0,1656,124,17:02:59,2012-07-31
450930,121605,-55.666668,1656,124,17:03:01,2012-07-31
450925,121620,-57.666668,1656,124,17:03:02,2012-07-31
446005,121630,-75.0,1656,124,12:38:07,2012-07-30
446010,121630,-75.0,1656,124,12:38:07,2012-07-30
446015,121635,-75.0,1656,124,12:38:08,2012-07-30
446015,121640,-75.0,1656,124,12:38:08,2012-07-30
450920,121640,-59.666668,1656,124,17:03:03,2012-07-31
446020,121645,-75.0,1656,124,12:38:09,2012-07-30
450915,121650,-62.0,1656,124,17:03:05,2012-07-31
446045,121665,-77.0,1656,124,12:38:11,2012-07-30
446050,121670,-77.0,1656,124,12:38:12,2012-07-30
446060,121670,-77.0,1656,124,12:38:13,2012-07-30
450910,121670,-64.666664,1656,124,17:03:06,2012-07-31
446060,121675,-77.0,1656,124,12:38:13,2012-07-30
446070,121675,-77.0,1656,124,12:38:13,2012-07-30
446080,121675,-76.666664,1656,124,12:38:14,2012-07-30
446125,121675,-75.0,1656,124,12:38:18,2012-07-30
446130,121675,-74.75,1656,124,12:38:20,2012-07-30
446135,121675,-71.305969,1656,124,12:39:16,2012-07-30
446140,121675,-71.25,1656,124,12:38:40,2012-07-30
450910,121675,-65.111115,1656,124,17:03:08,2012-07-31
446100,121680,-75.666664,1656,124,12:38:16,2012-07-30
446105,121680,-75.0,1656,124,12:38:16,2012-07-30
446110,121680,-75.0,1656,124,12:38:17,2012-07-30
446115,121680,-75.0,1656,124,12:38:18,2012-07-30
450905,121690,-63.777779,1656,124,17:03:09,2012-07-31
450905,121700,-62.0,1656,124,17:03:09,2012-07-31
446300,121720,-72.0,1656,124,12:40:50,2012-07-30
446305,121720,-72.0,1656,124,12:40:50,2012-07-30
446310,121720,-71.800003,1656,124,12:40:51,2012-07-30
446325,121725,-71.666664,1656,124,12:40:52,2012-07-30
446335,121730,-73.800003,1656,124,12:40:54,2012-07-30
446340,121735,-75.333336,1656,124,12:40:55,2012-07-30
446350,121745,-76.0,1656,124,12:40:56,2012-07-30
446355,121750,-76.0,1656,124,12:40:57,2012-07-30
450965,121830,-52.0,1656,124,17:12:48,2012-07-31
450970,121830,-52.0,1656,124,17:12:48,2012-07-31
450980,121835,-52.5,1656,124,17:12:47,2012-07-31
451000,121840,-51.0,1656,124,17:12:45,2012-07-31
451010,121845,-46.666668,1656,124,17:12:44,2012-07-31
451025,121845,-44.25,1656,124,17:12:43,2012-07-31
451035,121850,-44.0,1656,124,17:12:42,2012-07-31
451045,121855,-44.0,1656,124,17:12:41,2012-07-31
451055,121855,-43.0,1656,124,17:12:40,2012-07-31
451065,121860,-43.799999,1656,124,17:12:38,2012-07-31
451070,121860,-45.0,1656,124,17:12:38,2012-07-31
451070,121865,-45.0,1656,124,17:12:38,2012-07-31
451075,121865,-45.0,1656,124,17:12:37,2012-07-31
451080,121865,-49.666668,1656,124,17:12:37,2012-07-31
451095,121875,-54.0,1656,124,17:12:35,2012-07-31
451105,121880,-54.333332,1656,124,17:12:34,2012-07-31
451110,121880,-54.0,1656,124,17:12:33,2012-07-31
451110,121885,-54.0,1656,124,17:12:33,2012-07-31
451120,121885,-52.5,1656,124,17:12:33,2012-07-31
451135,121895,-52.0,1656,124,17:12:31,2012-07-31
451145,121900,-52.0,1656,124,17:12:30,2012-07-31
451160,121910,-52.0,1656,124,17:12:28,2012-07-31
451165,121915,-52.0,1656,124,17:12:28,2012-07-31
451170,121920,-52.0,1656,124,17:12:27,2012-07-31
451145,121925,-57.666668,1656,124,17:23:54,2012-07-31
451140,121935,-57.200001,1656,124,17:23:52,2012-07-31
451135,121945,-55.5,1656,124,17:23:51,2012-07-31
451135,121950,-55.0,1656,124,17:23:51,2012-07-31
451130,121955,-53.0,1656,124,17:23:50,2012-07-31
451130,121970,-52.25,1656,124,17:23:48,2012-07-31
451130,121980,-51.25,1656,124,17:23:47,2012-07-31
451130,121985,-51.0,1656,124,17:23:46,2012-07-31
451130,121990,-53.0,1656,124,17:23:46,2012-07-31
451125,121995,-54.0,1656,124,17:23:44,2012-07-31
451120,122005,-54.0,1656,124,17:23:43,2012-07-31
451115,122010,-54.0,1656,124,17:23:42,2012-07-31
451115,122015,-54.0,1656,124,17:23:41,2012-07-31
451110,122020,-54.0,1656,124,17:23:40,2012-07-31
450605,122115,-55.0,1656,124,16:57:02,2012-07-31
450610,122115,-54.0,1656,124,16:57:00,2012-07-31
450615,122115,-53.0,1656,124,16:57:00,2012-07-31
450620,122115,-51.5,1656,124,16:56:59,2012-07-31
450630,122115,-51.0,1656,124,16:56:58,2012-07-31
450635,122115,-49.666668,1656,124,16:56:58,2012-07-31
450645,122120,-48.0,1656,124,16:56:56,2012-07-31
450660,122120,-45.5,1656,124,16:56:55,2012-07-31
450660,122125,-45.0,1656,124,16:56:54,2012-07-31
450665,122125,-45.0,1656,124,16:56:54,2012-07-31
450670,122130,-44.333332,1656,124,16:56:52,2012-07-31
450675,122135,-44.0,1656,124,16:56:51,2012-07-31
450675,122140,-44.0,1656,124,16:56:50,2012-07-31
450675,122145,-43.25,1656,124,16:56:48,2012-07-31
450675,122150,-40.75,1656,124,16:56:48,2012-07-31
450675,122155,-38.666668,1656,124,16:56:46,2012-07-31
450675,122160,-37.200001,1656,124,16:56:44,2012-07-31
450670,122165,-37.349998,1656,124,16:56:18,2012-07-31
450670,122170,-41.954544,1656,124,16:56:15,2012-07-31
450670,122175,-45.0,1656,124,16:56:09,2012-07-31
450665,122180,-45.0,1656,124,16:56:08,2012-07-31
450665,122185,-45.0,1656,124,16:56:07,2012-07-31
450665,122190,-45.0,1656,124,16:56:07,2012-07-31
450660,122200,-45.0,1656,124,16:56:05,2012-07-31
451010,122215,-60.5,1656,124,17:22:46,2012-07-31
451015,122220,-58.599998,1656,124,17:22:45,2012-07-31
451015,122225,-59.0,1656,124,17:22:44,2012-07-31
451015,122235,-57.0,1656,124,17:22:43,2012-07-31
451020,122240,-55.5,1656,124,17:22:42,2012-07-31
451030,122250,-54.0,1656,124,17:22:41,2012-07-31
451035,122260,-52.200001,1656,124,17:22:39,2012-07-31
451040,122270,-51.0,1656,124,17:22:38,2012-07-31
451045,122270,-48.75,1656,124,17:22:38,2012-07-31
451045,122275,-48.0,1656,124,17:22:37,2012-07-31
451050,122280,-48.0,1656,124,17:22:36,2012-07-31
451055,122290,-48.0,1656,124,17:22:35,2012-07-31
451055,122295,-48.0,1656,124,17:22:34,2012-07-31
451060,122300,-48.0,1656,124,17:22:34,2012-07-31
451065,122305,-48.0,1656,124,17:22:32,2012-07-31
451065,122310,-48.0,1656,124,17:22:32,2012-07-31
