449455,122180,-76.0,5962,116,12:51:42,2012-07-30
449460,122180,-74.666664,5962,116,12:51:41,2012-07-30
449445,122185,-75.400002,5962,116,12:51:44,2012-07-30
449450,122185,-76.0,5962,116,12:51:43,2012-07-30
449440,122190,-74.0,5962,116,12:51:45,2012-07-30
449470,122190,-67.0,5962,116,12:51:38,2012-07-30
449470,122195,-67.0,5962,116,12:51:37,2012-07-30
449435,122200,-72.75,5962,116,12:51:46,2012-07-30
449470,122200,-67.0,5962,116,12:51:37,2012-07-30
449475,122205,-67.0,5962,116,12:51:35,2012-07-30
449480,122205,-75.0,5962,116,12:56:07,2012-07-30
449350,122210,-67.0,5962,116,12:51:55,2012-07-30
449375,122210,-68.0,5962,116,12:51:52,2012-07-30
449345,122215,-67.0,5962,116,12:51:55,2012-07-30
449350,122215,-67.0,5962,116,12:51:55,2012-07-30
449355,122215,-67.0,5962,116,12:51:54,2012-07-30
449360,122215,-67.666664,5962,116,12:51:53,2012-07-30
449385,122215,-68.0,5962,116,12:51:51,2012-07-30
449390,122215,-68.0,5962,116,12:51:51,2012-07-30
449410,122215,-69.5,5962,116,12:51:49,2012-07-30
449420,122215,-71.666664,5962,116,12:51:48,2012-07-30
449475,122215,-67.0,5962,116,12:51:34,2012-07-30
449480,122215,-75.0,5962,116,12:56:08,2012-07-30
449400,122220,-68.0,5962,116,12:51:50,2012-07-30
449480,122225,-67.0,5962,116,12:51:34,2012-07-30
449485,122225,-75.0,5962,116,12:56:10,2012-07-30
449490,122235,-68.0,5962,116,12:56:11,2012-07-30
449500,122240,-61.0,5962,116,12:56:12,2012-07-30
449510,122245,-60.5,5962,116,12:56:13,2012-07-30
449740,122250,-65.714287,5962,116,12:56:34,2012-07-30
449745,122250,-64.0,5962,116,12:56:34,2012-07-30
449750,122250,-64.0,5962,116,12:56:34,2012-07-30
449755,122250,-64.0,5962,116,12:56:35,2012-07-30
449760,122250,-64.0,5962,116,12:56:35,2012-07-30
449540,122255,-62.0,5962,116,12:56:15,2012-07-30
449720,122255,-64.5,5962,116,12:56:32,2012-07-30
449725,122255,-66.0,5962,116,12:56:33,2012-07-30
449735,122255,-66.0,5962,116,12:56:33,2012-07-30
449550,122260,-63.0,5962,116,12:56:17,2012-07-30
449565,122260,-62.599998,5962,116,12:56:18,2012-07-30
449590,122260,-61.0,5962,116,12:56:20,2012-07-30
449595,122260,-61.0,5962,116,12:56:20,2012-07-30
449700,122260,-63.0,5962,116,12:56:31,2012-07-30
449605,122265,-60.75,5962,116,12:56:21,2012-07-30
449690,122265,-63.0,5962,116,12:56:30,2012-07-30
449695,122265,-63.0,5962,116,12:56:31,2012-07-30
449700,122265,-63.0,5962,116,12:56:31,2012-07-30
449620,122270,-60.0,5962,116,12:56:22,2012-07-30
449635,122270,-60.0,5962,116,12:56:24,2012-07-30
449640,122270,-60.0,5962,116,12:56:25,2012-07-30
449645,122270,-60.0,5962,116,12:56:25,2012-07-30
449650,122270,-60.0,5962,116,12:56:26,2012-07-30
449675,122270,-61.0,5962,116,12:56:29,2012-07-30
449680,122270,-61.0,5962,116,12:56:29,2012-07-30
449685,122270,-61.666668,5962,116,12:56:29,2012-07-30
449690,122270,-63.0,5962,116,12:56:30,2012-07-30
449655,122275,-59.666668,5962,116,12:56:27,2012-07-30
449660,122275,-59.0,5962,116,12:56:27,2012-07-30
449665,122275,-59.0,5962,116,12:56:27,2012-07-30
449670,122275,-59.666668,5962,116,12:56:28,2012-07-30
450280,122965,-75.0,5962,116,15:14:29,2012-07-27
450285,122970,-74.0,5962,116,15:14:29,2012-07-27
450290,122975,-73.0,5962,116,15:14:28,2012-07-27
450295,122980,-73.599998,5962,116,15:14:27,2012-07-27
450305,122990,-72.0,5962,116,15:14:26,2012-07-27
450570,122990,-72.0,5962,116,12:53:39,2012-07-31
450555,122995,-69.333336,5962,116,12:53:37,2012-07-31
450560,122995,-70.0,5962,116,12:53:37,2012-07-31
450565,122995,-70.800003,5962,116,12:53:38,2012-07-31
450320,123000,-71.0,5962,116,15:14:24,2012-07-27
450545,123000,-68.333336,5962,116,12:53:36,2012-07-31
450520,123005,-66.333336,5962,116,12:53:33,2012-07-31
450530,123005,-67.333336,5962,116,12:53:34,2012-07-31
450510,123010,-67.0,5962,116,12:53:31,2012-07-31
450335,123015,-71.0,5962,116,15:14:23,2012-07-27
450345,123015,-67.0,5962,116,12:53:10,2012-07-31
450495,123015,-67.25,5962,116,12:53:30,2012-07-31
450500,123015,-68.0,5962,116,12:53:30,2012-07-31
450505,123015,-68.0,5962,116,12:53:31,2012-07-31
450485,123020,-67.0,5962,116,12:53:29,2012-07-31
450490,123020,-67.0,5962,116,12:53:29,2012-07-31
450345,123025,-71.666664,5962,116,15:14:22,2012-07-27
450480,123025,-67.0,5962,116,12:53:28,2012-07-31
450485,123025,-67.0,5962,116,12:53:28,2012-07-31
450350,123030,-72.0,5962,116,15:14:21,2012-07-27
450355,123030,-67.0,5962,116,12:53:11,2012-07-31
450475,123030,-67.666664,5962,116,12:53:27,2012-07-31
450360,123035,-69.75,5962,116,15:14:20,2012-07-27
450365,123035,-67.0,5962,116,12:53:12,2012-07-31
450370,123040,-69.0,5962,116,15:14:19,2012-07-27
450370,123040,-67.0,5962,116,12:53:12,2012-07-31
450465,123040,-66.5,5962,116,12:53:26,2012-07-31
450380,123045,-70.0,5962,116,15:11:57,2012-07-27
450385,123050,-70.0,5962,116,15:11:59,2012-07-27
450385,123050,-67.0,5962,116,12:53:14,2012-07-31
450455,123050,-64.0,5962,116,12:53:24,2012-07-31
451060,123050,-68.285713,5962,116,17:56:45,2012-07-31
450385,123055,-67.199997,5962,116,15:14:17,2012-07-27
450450,123055,-63.0,5962,116,12:53:23,2012-07-31
450455,123055,-63.0,5962,116,12:53:24,2012-07-31
450390,123060,-66.0,5962,116,15:14:16,2012-07-27
450395,123060,-70.0,5962,116,15:12:00,2012-07-27
450400,123060,-64.0,5962,116,12:53:16,2012-07-31
450450,123060,-61.0,5962,116,12:53:23,2012-07-31
451060,123060,-70.0,5962,116,17:56:44,2012-07-31
450405,123065,-70.0,5962,116,15:12:00,2012-07-27
450440,123065,-56.666668,5962,116,12:53:21,2012-07-31
450445,123065,-60.0,5962,116,12:53:21,2012-07-31
451060,123065,-69.166664,5962,116,17:56:43,2012-07-31
450405,123070,-63.599998,5962,116,15:14:15,2012-07-27
450410,123070,-70.0,5962,116,15:12:01,2012-07-27
450415,123070,-54.5,5962,116,12:53:17,2012-07-31
450425,123070,-53.400002,5962,116,12:53:19,2012-07-31
450430,123070,-53.285713,5962,116,12:53:19,2012-07-31
450440,123070,-55.0,5962,116,12:53:21,2012-07-31
451065,123070,-67.666664,5962,116,17:56:42,2012-07-31
450410,123075,-60.0,5962,116,15:14:14,2012-07-27
450415,123075,-70.0,5962,116,15:12:02,2012-07-27
450415,123080,-56.5,5962,116,15:14:13,2012-07-27
450420,123080,-66.0,5962,116,15:12:03,2012-07-27
450425,123080,-59.81081,5962,116,15:12:04,2012-07-27
450800,123080,-72.5,5962,116,17:49:40,2012-07-31
450810,123080,-71.666664,5962,116,17:49:42,2012-07-31
451065,123080,-67.0,5962,116,17:56:42,2012-07-31
450420,123085,-54.0,5962,116,15:14:12,2012-07-27
450425,123085,-60.166668,5962,116,15:12:14,2012-07-27
450430,123085,-59.5,5962,116,15:12:16,2012-07-27
450745,123085,-67.0,5962,116,17:49:32,2012-07-31
450760,123085,-67.666664,5962,116,17:49:33,2012-07-31
450765,123085,-70.0,5962,116,17:49:35,2012-07-31
450775,123085,-70.666664,5962,116,17:49:36,2012-07-31
450785,123085,-72.14286,5962,116,17:49:37,2012-07-31
450790,123085,-72.800003,5962,116,17:49:39,2012-07-31
450795,123085,-72.0,5962,116,17:49:40,2012-07-31
451065,123085,-67.85714,5962,116,17:56:41,2012-07-31
450420,123090,-54.0,5962,116,15:14:10,2012-07-27
450430,123090,-59.5,5962,116,15:12:17,2012-07-27
450700,123090,-67.0,5962,116,17:49:24,2012-07-31
450710,123090,-67.800003,5962,116,17:49:26,2012-07-31
450715,123090,-68.800003,5962,116,17:49:28,2012-07-31
450725,123090,-68.25,5962,116,17:49:28,2012-07-31
450735,123090,-68.0,5962,116,17:49:30,2012-07-31
451070,123090,-70.5,5962,116,17:56:40,2012-07-31
450420,123095,-54.0,5962,116,15:14:07,2012-07-27
450430,123095,-57.833332,5962,116,15:12:19,2012-07-27
450690,123095,-67.0,5962,116,17:49:23,2012-07-31
451070,123095,-71.0,5962,116,17:56:39,2012-07-31
450430,123100,-57.0,5962,116,15:12:19,2012-07-27
450690,123100,-67.0,5962,116,17:49:22,2012-07-31
450425,123105,-57.0,5962,116,15:12:20,2012-07-27
450675,123105,-67.0,5962,116,17:49:20,2012-07-31
450680,123105,-67.0,5962,116,17:49:21,2012-07-31
451070,123105,-68.0,5962,116,17:56:38,2012-07-31
450425,123110,-57.0,5962,116,15:12:20,2012-07-27
451070,123110,-68.714287,5962,116,17:56:37,2012-07-31
450410,123115,-66.0,5962,116,15:13:56,2012-07-27
451070,123115,-72.199997,5962,116,17:56:35,2012-07-31
451075,123115,-72.0,5962,116,17:58:41,2012-07-31
451080,123115,-72.0,5962,116,17:58:40,2012-07-31
450405,123120,-66.0,5962,116,15:13:55,2012-07-27
450410,123120,-66.0,5962,116,15:13:55,2012-07-27
450420,123120,-57.666668,5962,116,15:12:21,2012-07-27
451045,123120,-71.0,5962,116,17:56:30,2012-07-31
451055,123120,-73.0,5962,116,17:56:31,2012-07-31
451060,123120,-73.0,5962,116,17:56:32,2012-07-31
451065,123120,-73.0,5962,116,17:56:34,2012-07-31
451070,123120,-73.0,5962,116,17:56:35,2012-07-31
451075,123120,-72.0,5962,116,17:58:44,2012-07-31
450405,123125,-66.0,5962,116,15:13:55,2012-07-27
451025,123125,-71.75,5962,116,17:56:27,2012-07-31
451035,123125,-70.666664,5962,116,17:56:28,2012-07-31
451075,123125,-72.0,5962,116,17:58:45,2012-07-31
450405,123130,-66.0,5962,116,15:13:54,2012-07-27
450410,123130,-59.333332,5962,116,15:12:23,2012-07-27
450995,123130,-73.0,5962,116,17:56:23,2012-07-31
451000,123130,-72.0,5962,116,17:56:24,2012-07-31
451015,123130,-70.666664,5962,116,17:56:26,2012-07-31
451020,123130,-72.0,5962,116,17:56:26,2012-07-31
451075,123130,-71.5,5962,116,17:58:46,2012-07-31
450395,123135,-65.333336,5962,116,15:13:53,2012-07-27
450400,123135,-66.0,5962,116,15:13:54,2012-07-27
450410,123135,-60.0,5962,116,15:12:23,2012-07-27
450975,123135,-63.0,5962,116,17:56:20,2012-07-31
450980,123135,-63.0,5962,116,17:56:21,2012-07-31
450990,123135,-64.666664,5962,116,17:56:22,2012-07-31
451075,123135,-70.0,5962,116,17:58:47,2012-07-31
450400,123140,-60.666668,5962,116,15:12:24,2012-07-27
450960,123140,-63.0,5962,116,17:56:19,2012-07-31
450970,123140,-63.0,5962,116,17:56:20,2012-07-31
451075,123140,-71.666664,5962,116,17:58:47,2012-07-31
450945,123145,-63.0,5962,116,17:56:17,2012-07-31
450390,123150,-65.0,5962,116,15:13:52,2012-07-27
451080,123150,-75.333336,5962,116,17:58:49,2012-07-31
450390,123155,-63.666668,5962,116,15:12:26,2012-07-27
450380,123160,-64.25,5962,116,15:13:50,2012-07-27
450375,123165,-64.0,5962,116,15:13:50,2012-07-27
450380,123165,-66.666664,5962,116,15:12:27,2012-07-27
451080,123165,-76.5,5962,116,17:58:50,2012-07-31
450370,123170,-63.333332,5962,116,15:13:49,2012-07-27
450375,123170,-66.0,5962,116,15:12:29,2012-07-27
451080,123170,-77.0,5962,116,17:58:52,2012-07-31
450370,123175,-65.666664,5962,116,15:12:30,2012-07-27
450375,123175,-66.0,5962,116,15:12:28,2012-07-27
450765,123175,-63.25,5962,116,17:55:47,2012-07-31
450775,123175,-63.5,5962,116,17:55:49,2012-07-31
450780,123175,-62.0,5962,116,17:55:49,2012-07-31
450790,123175,-61.666668,5962,116,17:55:50,2012-07-31
450795,123175,-62.0,5962,116,17:55:52,2012-07-31
450800,123175,-64.0,5962,116,17:55:52,2012-07-31
450805,123175,-63.42857,5962,116,17:55:53,2012-07-31
451080,123175,-77.333336,5962,116,17:58:52,2012-07-31
450365,123180,-65.666664,5962,116,15:13:48,2012-07-27
450660,123180,-67.0,5962,116,17:55:34,2012-07-31
450665,123180,-67.333336,5962,116,17:55:35,2012-07-31
450670,123180,-67.5,5962,116,17:55:36,2012-07-31
450675,123180,-66.0,5962,116,17:55:37,2012-07-31
450680,123180,-66.0,5962,116,17:55:37,2012-07-31
450685,123180,-66.0,5962,116,17:55:38,2012-07-31
450690,123180,-66.0,5962,116,17:55:38,2012-07-31
450695,123180,-65.333336,5962,116,17:55:39,2012-07-31
450700,123180,-64.0,5962,116,17:55:39,2012-07-31
450705,123180,-63.666668,5962,116,17:55:40,2012-07-31
450715,123180,-63.0,5962,116,17:55:41,2012-07-31
450720,123180,-63.0,5962,116,17:55:42,2012-07-31
450725,123180,-63.0,5962,116,17:55:42,2012-07-31
450735,123180,-63.666668,5962,116,17:55:43,2012-07-31
450740,123180,-64.333336,5962,116,17:55:45,2012-07-31
450750,123180,-63.0,5962,116,17:55:46,2012-07-31
450755,123180,-63.0,5962,116,17:55:45,2012-07-31
450760,123180,-63.0,5962,116,17:55:47,2012-07-31
450355,123185,-67.0,5962,116,15:13:46,2012-07-27
450360,123185,-65.0,5962,116,15:12:31,2012-07-27
450655,123185,-69.222221,5962,116,17:55:32,2012-07-31
450660,123185,-67.0,5962,116,17:55:33,2012-07-31
450665,123185,-70.0,5962,116,17:55:11,2012-07-31
450670,123185,-70.0,5962,116,17:55:11,2012-07-31
450350,123190,-67.0,5962,116,15:13:45,2012-07-27
450355,123190,-67.0,5962,116,15:13:46,2012-07-27
450650,123190,-69.666664,5962,116,17:55:16,2012-07-31
450655,123190,-69.823532,5962,116,17:55:30,2012-07-31
451085,123190,-78.666664,5962,116,17:58:53,2012-07-31
450350,123195,-64.666664,5962,116,15:12:33,2012-07-27
450355,123195,-65.0,5962,116,15:12:32,2012-07-27
451085,123195,-80.0,5962,116,17:58:54,2012-07-31
450340,123200,-63.666668,5962,116,15:13:43,2012-07-27
451085,123200,-78.75,5962,116,17:58:54,2012-07-31
450325,123205,-54.0,5962,116,15:13:40,2012-07-27
450330,123205,-57.0,5962,116,15:13:41,2012-07-27
450335,123205,-61.0,5962,116,15:13:42,2012-07-27
450345,123205,-63.0,5962,116,15:12:33,2012-07-27
451085,123205,-78.0,5962,116,17:58:55,2012-07-31
450320,123210,-53.25,5962,116,15:13:38,2012-07-27
450340,123210,-61.75,5962,116,15:12:34,2012-07-27
450315,123215,-53.0,5962,116,15:13:36,2012-07-27
450320,123215,-53.0,5962,116,15:13:38,2012-07-27
450335,123215,-60.333332,5962,116,15:12:36,2012-07-27
450310,123220,-53.0,5962,116,15:13:33,2012-07-27
450315,123220,-53.0,5962,116,15:13:35,2012-07-27
450335,123220,-59.0,5962,116,15:12:36,2012-07-27
450325,123230,-58.444443,5962,116,15:12:37,2012-07-27
450320,123240,-57.0,5962,116,15:12:38,2012-07-27
450315,123250,-55.666668,5962,116,15:12:40,2012-07-27
450290,123255,-54.0,5962,116,15:13:00,2012-07-27
450285,123260,-53.25,5962,116,15:12:57,2012-07-27
450280,123265,-53.75,5962,116,15:12:57,2012-07-27
450305,123265,-54.5,5962,116,15:12:41,2012-07-27
450835,123265,-57.0,5962,116,17:54:39,2012-07-31
450300,123270,-54.0,5962,116,15:12:43,2012-07-27
450275,123275,-54.0,5962,116,15:12:55,2012-07-27
450840,123275,-57.0,5962,116,17:54:39,2012-07-31
450290,123280,-54.333332,5962,116,15:12:44,2012-07-27
450270,123285,-54.0,5962,116,15:12:54,2012-07-27
450285,123290,-54.666668,5962,116,15:12:45,2012-07-27
450260,123295,-52.666668,5962,116,15:12:53,2012-07-27
450260,123300,-53.599998,5962,116,15:12:51,2012-07-27
450275,123300,-53.400002,5962,116,15:12:47,2012-07-27
450910,123300,-60.0,5962,116,17:53:52,2012-07-31
450920,123300,-60.0,5962,116,17:53:53,2012-07-31
450930,123300,-60.0,5962,116,17:53:54,2012-07-31
450940,123300,-60.0,5962,116,17:53:54,2012-07-31
450945,123300,-60.0,5962,116,17:53:55,2012-07-31
450950,123300,-60.444443,5962,116,17:53:55,2012-07-31
450955,123300,-62.0,5962,116,17:53:56,2012-07-31
450960,123300,-62.0,5962,116,17:53:57,2012-07-31
450265,123305,-53.25,5962,116,15:12:50,2012-07-27
450270,123305,-53.0,5962,116,15:12:48,2012-07-27
450895,123305,-60.0,5962,116,17:53:50,2012-07-31
450910,123305,-60.599998,5962,116,17:54:23,2012-07-31
450915,123305,-62.0,5962,116,17:54:21,2012-07-31
450920,123305,-62.0,5962,116,17:54:20,2012-07-31
450930,123305,-62.0,5962,116,17:54:20,2012-07-31
450935,123305,-62.0,5962,116,17:54:18,2012-07-31
450940,123305,-62.0,5962,116,17:54:18,2012-07-31
450950,123305,-62.0,5962,116,17:54:17,2012-07-31
450865,123310,-60.666668,5962,116,17:54:28,2012-07-31
450870,123310,-61.333332,5962,116,17:54:27,2012-07-31
450890,123310,-59.599998,5962,116,17:54:25,2012-07-31
450895,123310,-56.200001,5962,116,17:54:24,2012-07-31
450845,123315,-61.0,5962,116,17:54:33,2012-07-31
450850,123315,-61.5,5962,116,17:54:30,2012-07-31
451340,123315,-59.0,5962,116,17:59:55,2012-07-31
451345,123320,-59.0,5962,116,17:59:57,2012-07-31
451345,123325,-52.731342,5962,116,18:00:18,2012-07-31
451345,123330,-50.555557,5962,116,18:00:19,2012-07-31
451345,123335,-53.0,5962,116,18:00:23,2012-07-31
451345,123340,-55.200001,5962,116,18:00:24,2012-07-31
451345,123345,-53.138889,5962,116,18:00:31,2012-07-31
451250,123350,-58.0,5962,116,18:01:51,2012-07-31
451255,123350,-58.0,5962,116,18:01:50,2012-07-31
451345,123350,-52.5,5962,116,18:01:31,2012-07-31
451175,123355,-57.0,5962,116,18:02:02,2012-07-31
451260,123355,-57.285713,5962,116,18:01:49,2012-07-31
451345,123355,-54.599998,5962,116,18:01:33,2012-07-31
451140,123360,-57.0,5962,116,18:02:05,2012-07-31
451155,123360,-57.0,5962,116,18:02:03,2012-07-31
451265,123360,-56.400002,5962,116,18:01:48,2012-07-31
451270,123360,-54.0,5962,116,18:01:47,2012-07-31
451340,123360,-60.0,5962,116,18:01:36,2012-07-31
451345,123360,-58.5,5962,116,18:01:34,2012-07-31
450845,123365,-61.0,5962,116,17:53:26,2012-07-31
451135,123365,-57.0,5962,116,18:02:06,2012-07-31
451340,123365,-60.0,5962,116,18:01:36,2012-07-31
450845,123370,-60.0,5962,116,17:53:25,2012-07-31
451110,123370,-59.5,5962,116,18:02:09,2012-07-31
451280,123370,-53.0,5962,116,18:01:46,2012-07-31
451335,123370,-60.0,5962,116,18:01:38,2012-07-31
451340,123370,-60.0,5962,116,18:01:37,2012-07-31
450845,123375,-59.0,5962,116,17:53:24,2012-07-31
451100,123375,-62.0,5962,116,18:02:12,2012-07-31
451290,123375,-53.0,5962,116,18:01:45,2012-07-31
451305,123375,-53.0,5962,116,18:01:43,2012-07-31
451320,123375,-56.0,5962,116,18:01:41,2012-07-31
451325,123375,-55.400002,5962,116,18:01:41,2012-07-31
451330,123375,-58.666668,5962,116,18:01:40,2012-07-31
451335,123375,-60.0,5962,116,18:01:39,2012-07-31
451100,123380,-63.400002,5962,116,18:02:13,2012-07-31
451315,123380,-53.0,5962,116,18:01:43,2012-07-31
450810,123385,-57.0,5962,116,17:51:46,2012-07-31
450815,123385,-57.0,5962,116,17:51:47,2012-07-31
450825,123385,-57.333332,5962,116,17:51:49,2012-07-31
450830,123385,-58.666668,5962,116,17:51:50,2012-07-31
450845,123385,-60.0,5962,116,17:51:52,2012-07-31
450855,123385,-59.0,5962,116,17:53:22,2012-07-31
450860,123385,-59.0,5962,116,17:51:53,2012-07-31
450865,123385,-58.5,5962,116,17:51:54,2012-07-31
450870,123385,-57.200001,5962,116,17:53:19,2012-07-31
450875,123385,-57.375,5962,116,17:51:56,2012-07-31
450880,123385,-56.0,5962,116,17:53:18,2012-07-31
450885,123385,-56.0,5962,116,17:53:17,2012-07-31
450890,123385,-56.625,5962,116,17:53:16,2012-07-31
450805,123390,-55.666668,5962,116,17:51:45,2012-07-31
450895,123390,-57.333332,5962,116,17:53:15,2012-07-31
450900,123390,-58.0,5962,116,17:52:00,2012-07-31
451100,123390,-64.5,5962,116,18:02:14,2012-07-31
450805,123395,-55.0,5962,116,17:51:44,2012-07-31
450895,123395,-58.0,5962,116,17:53:13,2012-07-31
450900,123395,-60.5,5962,116,17:52:01,2012-07-31
451105,123395,-65.909088,5962,116,18:02:15,2012-07-31
450805,123400,-55.0,5962,116,17:51:43,2012-07-31
450900,123400,-61.25,5962,116,17:52:03,2012-07-31
450805,123405,-55.0,5962,116,17:51:42,2012-07-31
450895,123405,-60.666668,5962,116,17:53:12,2012-07-31
450900,123405,-61.666668,5962,116,17:52:04,2012-07-31
451050,123405,-59.333332,5962,116,17:52:47,2012-07-31
450805,123410,-55.200001,5962,116,17:51:41,2012-07-31
450900,123410,-61.0,5962,116,17:52:06,2012-07-31
451030,123410,-57.0,5962,116,17:52:49,2012-07-31
451040,123410,-57.333332,5962,116,17:52:49,2012-07-31
451045,123410,-57.666668,5962,116,17:52:48,2012-07-31
451060,123410,-61.333332,5962,116,17:52:45,2012-07-31
451065,123410,-61.200001,5962,116,17:52:44,2012-07-31
450805,123415,-54.599998,5962,116,17:51:40,2012-07-31
450895,123415,-61.333332,5962,116,17:53:11,2012-07-31
450900,123415,-62.200001,5962,116,17:53:09,2012-07-31
450925,123415,-58.0,5962,116,17:53:04,2012-07-31
450940,123415,-59.333332,5962,116,17:53:02,2012-07-31
450950,123415,-60.0,5962,116,17:53:01,2012-07-31
450965,123415,-60.0,5962,116,17:52:58,2012-07-31
450980,123415,-60.0,5962,116,17:52:57,2012-07-31
450990,123415,-58.799999,5962,116,17:52:55,2012-07-31
451005,123415,-58.666668,5962,116,17:52:54,2012-07-31
451010,123415,-58.25,5962,116,17:52:52,2012-07-31
451015,123415,-58.0,5962,116,17:52:52,2012-07-31
451025,123415,-58.0,5962,116,17:52:50,2012-07-31
451065,123415,-60.0,5962,116,17:52:43,2012-07-31
451070,123415,-58.400002,5962,116,17:52:42,2012-07-31
450805,123420,-56.0,5962,116,17:50:44,2012-07-31
450895,123420,-60.0,5962,116,17:52:07,2012-07-31
450900,123420,-63.0,5962,116,17:53:08,2012-07-31
450905,123420,-61.444443,5962,116,17:53:06,2012-07-31
450915,123420,-58.75,5962,116,17:53:05,2012-07-31
451070,123420,-58.0,5962,116,17:52:42,2012-07-31
450740,123425,-61.0,5962,116,17:51:29,2012-07-31
450745,123425,-61.0,5962,116,17:51:30,2012-07-31
450755,123425,-61.5,5962,116,17:51:30,2012-07-31
450760,123425,-63.0,5962,116,17:51:32,2012-07-31
450775,123425,-62.5,5962,116,17:51:33,2012-07-31
450785,123425,-61.75,5962,116,17:51:35,2012-07-31
450795,123425,-60.666668,5962,116,17:51:36,2012-07-31
450800,123425,-58.285713,5962,116,17:51:37,2012-07-31
450805,123425,-56.375,5962,116,17:51:39,2012-07-31
450810,123425,-56.0,5962,116,17:50:45,2012-07-31
450895,123425,-59.375,5962,116,17:52:08,2012-07-31
451070,123425,-56.400002,5962,116,17:52:40,2012-07-31
450685,123430,-57.0,5962,116,17:51:21,2012-07-31
450690,123430,-57.0,5962,116,17:51:23,2012-07-31
450700,123430,-57.400002,5962,116,17:51:23,2012-07-31
450705,123430,-58.75,5962,116,17:51:25,2012-07-31
450720,123430,-60.75,5962,116,17:51:26,2012-07-31
450725,123430,-60.25,5962,116,17:51:27,2012-07-31
450810,123430,-56.0,5962,116,17:50:46,2012-07-31
451070,123430,-56.0,5962,116,17:52:40,2012-07-31
450680,123435,-59.25,5962,116,17:51:21,2012-07-31
450810,123435,-56.0,5962,116,17:50:47,2012-07-31
450895,123435,-60.0,5962,116,17:52:10,2012-07-31
451070,123435,-57.75,5962,116,17:52:39,2012-07-31
450810,123440,-57.200001,5962,116,17:50:47,2012-07-31
450895,123440,-59.666668,5962,116,17:52:11,2012-07-31
451070,123440,-55.75,5962,116,17:52:37,2012-07-31
450675,123445,-56.666668,5962,116,17:51:19,2012-07-31
451060,123445,-55.0,5962,116,17:52:35,2012-07-31
451065,123445,-55.0,5962,116,17:52:37,2012-07-31
450675,123450,-54.333332,5962,116,17:51:18,2012-07-31
450815,123450,-61.333332,5962,116,17:50:49,2012-07-31
450895,123450,-58.666668,5962,116,17:52:13,2012-07-31
451005,123450,-46.0,5962,116,17:52:28,2012-07-31
451020,123450,-46.0,5962,116,17:52:30,2012-07-31
451030,123450,-46.333332,5962,116,17:52:31,2012-07-31
451035,123450,-49.0,5962,116,17:52:32,2012-07-31
451050,123450,-53.666668,5962,116,17:52:34,2012-07-31
450675,123455,-54.666668,5962,116,17:51:16,2012-07-31
450810,123455,-59.333332,5962,116,17:50:51,2012-07-31
450925,123455,-51.0,5962,116,17:52:18,2012-07-31
450930,123455,-50.5,5962,116,17:52:18,2012-07-31
450935,123455,-48.799999,5962,116,17:52:20,2012-07-31
450940,123455,-48.0,5962,116,17:52:20,2012-07-31
450950,123455,-48.0,5962,116,17:52:21,2012-07-31
450960,123455,-48.0,5962,116,17:52:22,2012-07-31
450970,123455,-48.0,5962,116,17:52:23,2012-07-31
450980,123455,-47.222221,5962,116,17:52:25,2012-07-31
450990,123455,-46.0,5962,116,17:52:26,2012-07-31
450675,123460,-55.0,5962,116,17:51:15,2012-07-31
450810,123460,-55.666668,5962,116,17:50:52,2012-07-31
450900,123460,-57.666668,5962,116,17:52:14,2012-07-31
450910,123460,-56.0,5962,116,17:52:16,2012-07-31
450915,123460,-53.400002,5962,116,17:52:17,2012-07-31
450675,123465,-53.0,5962,116,17:51:15,2012-07-31
450680,123465,-52.0,5962,116,17:51:13,2012-07-31
450770,123465,-45.666668,5962,116,17:51:01,2012-07-31
450780,123465,-45.0,5962,116,17:50:59,2012-07-31
450785,123465,-44.333332,5962,116,17:50:58,2012-07-31
450795,123465,-45.0,5962,116,17:50:57,2012-07-31
450800,123465,-45.75,5962,116,17:50:57,2012-07-31
450805,123465,-50.0,5962,116,17:50:54,2012-07-31
450810,123465,-51.0,5962,116,17:50:53,2012-07-31
450685,123470,-53.333332,5962,116,17:51:12,2012-07-31
450700,123470,-54.75,5962,116,17:51:11,2012-07-31
450705,123470,-54.25,5962,116,17:51:09,2012-07-31
450715,123470,-54.0,5962,116,17:51:08,2012-07-31
450720,123470,-54.75,5962,116,17:51:08,2012-07-31
450725,123470,-53.0,5962,116,17:51:06,2012-07-31
450740,123470,-50.400002,5962,116,17:51:04,2012-07-31
450755,123470,-48.5,5962,116,17:51:02,2012-07-31
450585,123480,-52.0,5962,116,12:54:43,2012-07-31
450585,123500,-52.0,5962,116,12:54:44,2012-07-31
450580,123510,-52.0,5962,116,12:54:45,2012-07-31
450580,123525,-52.0,5962,116,12:54:46,2012-07-31
449640,123530,-59.0,5962,116,16:47:22,2012-07-31
449640,123535,-59.0,5962,116,16:47:22,2012-07-31
449635,123540,-59.0,5962,116,16:47:22,2012-07-31
450580,123540,-52.0,5962,116,12:54:47,2012-07-31
449630,123545,-59.0,5962,116,16:47:21,2012-07-31
449625,123550,-58.333332,5962,116,16:47:21,2012-07-31
450580,123550,-54.857143,5962,116,12:54:48,2012-07-31
450580,123565,-57.0,5962,116,12:54:49,2012-07-31
449615,123570,-58.0,5962,116,16:47:19,2012-07-31
450575,123575,-57.0,5962,116,12:54:50,2012-07-31
450575,123585,-57.0,5962,116,12:54:50,2012-07-31
449600,123595,-58.0,5962,116,16:47:18,2012-07-31
450575,123595,-56.111111,5962,116,12:54:53,2012-07-31
449595,123600,-58.0,5962,116,16:47:17,2012-07-31
449590,123605,-58.0,5962,116,16:47:17,2012-07-31
449580,123620,-57.25,5962,116,16:47:16,2012-07-31
450575,123630,-55.0,5962,116,12:54:54,2012-07-31
450575,123640,-55.666668,5962,116,12:54:55,2012-07-31
449560,123655,-57.0,5962,116,16:47:15,2012-07-31
450570,123655,-57.0,5962,116,12:54:56,2012-07-31
449550,123670,-56.333332,5962,116,16:47:13,2012-07-31
450570,123670,-58.5,5962,116,12:54:57,2012-07-31
451320,123680,-55.0,5962,116,18:02:43,2012-07-31
451325,123680,-55.0,5962,116,18:02:43,2012-07-31
449540,123690,-56.400002,5962,116,16:47:12,2012-07-31
450570,123690,-60.5,5962,116,12:54:58,2012-07-31
451330,123690,-55.0,5962,116,18:02:44,2012-07-31
451335,123695,-55.0,5962,116,18:02:45,2012-07-31
451340,123705,-55.0,5962,116,18:02:45,2012-07-31
450570,123710,-62.666668,5962,116,12:55:00,2012-07-31
451345,123710,-55.0,5962,116,18:02:46,2012-07-31
449525,123715,-57.0,5962,116,16:47:11,2012-07-31
451350,123715,-55.0,5962,116,18:02:47,2012-07-31
450570,123720,-63.75,5962,116,12:55:01,2012-07-31
450565,123725,-63.333332,5962,116,12:55:02,2012-07-31
451360,123730,-56.333332,5962,116,18:02:48,2012-07-31
449515,123735,-57.857143,5962,116,16:47:11,2012-07-31
451365,123735,-59.0,5962,116,18:02:49,2012-07-31
449505,123750,-58.0,5962,116,16:47:09,2012-07-31
450565,123750,-64.0,5962,116,12:55:03,2012-07-31
451370,123750,-59.666668,5962,116,18:02:50,2012-07-31
451370,123755,-61.0,5962,116,18:02:50,2012-07-31
450565,123760,-64.0,5962,116,12:55:03,2012-07-31
451375,123760,-60.5,5962,116,18:02:51,2012-07-31
450565,123765,-64.25,5962,116,12:55:04,2012-07-31
449495,123770,-57.545456,5962,116,16:47:08,2012-07-31
450565,123770,-65.0,5962,116,12:55:04,2012-07-31
451380,123770,-59.0,5962,116,18:02:52,2012-07-31
450565,123775,-65.0,5962,116,12:55:04,2012-07-31
450560,123780,-65.0,5962,116,12:55:05,2012-07-31
451385,123780,-59.0,5962,116,18:02:53,2012-07-31
449485,123785,-57.0,5962,116,16:47:07,2012-07-31
450560,123785,-65.0,5962,116,12:55:05,2012-07-31
451390,123795,-61.333332,5962,116,18:02:54,2012-07-31
449480,123805,-60.200001,5962,116,16:47:06,2012-07-31
451395,123810,-66.0,5962,116,18:02:55,2012-07-31
451395,123815,-69.5,5962,116,18:02:57,2012-07-31
451400,123820,-71.0,5962,116,18:02:57,2012-07-31
449470,123825,-61.0,5962,116,16:47:05,2012-07-31
451395,123825,-71.0,5962,116,18:02:58,2012-07-31
451395,123835,-78.0,5962,116,18:03:00,2012-07-31
449460,123840,-61.0,5962,116,16:47:04,2012-07-31
451390,123840,-80.0,5962,116,18:03:00,2012-07-31
451385,123845,-80.0,5962,116,18:03:01,2012-07-31
449455,123850,-61.0,5962,116,16:47:03,2012-07-31
451375,123850,-81.0,5962,116,18:03:02,2012-07-31
451365,123855,-82.0,5962,116,18:03:03,2012-07-31
449450,123865,-61.0,5962,116,16:47:02,2012-07-31
449440,123890,-61.0,5962,116,16:47:01,2012-07-31
449435,123895,-61.0,5962,116,16:47:01,2012-07-31
449455,122180,-76.0,5962,116,12:51:42,2012-07-30
449460,122180,-74.666664,5962,116,12:51:41,2012-07-30
449445,122185,-75.400002,5962,116,12:51:44,2012-07-30
449450,122185,-76.0,5962,116,12:51:43,2012-07-30
449440,122190,-74.0,5962,116,12:51:45,2012-07-30
449470,122190,-67.0,5962,116,12:51:38,2012-07-30
449470,122195,-67.0,5962,116,12:51:37,2012-07-30
449435,122200,-72.75,5962,116,12:51:46,2012-07-30
449470,122200,-67.0,5962,116,12:51:37,2012-07-30
449475,122205,-67.0,5962,116,12:51:35,2012-07-30
449480,122205,-75.0,5962,116,12:56:07,2012-07-30
449350,122210,-67.0,5962,116,12:51:55,2012-07-30
449375,122210,-68.0,5962,116,12:51:52,2012-07-30
449345,122215,-67.0,5962,116,12:51:55,2012-07-30
449350,122215,-67.0,5962,116,12:51:55,2012-07-30
449355,122215,-67.0,5962,116,12:51:54,2012-07-30
449360,122215,-67.666664,5962,116,12:51:53,2012-07-30
449385,122215,-68.0,5962,116,12:51:51,2012-07-30
449390,122215,-68.0,5962,116,12:51:51,2012-07-30
449410,122215,-69.5,5962,116,12:51:49,2012-07-30
449420,122215,-71.666664,5962,116,12:51:48,2012-07-30
449475,122215,-67.0,5962,116,12:51:34,2012-07-30
449480,122215,-75.0,5962,116,12:56:08,2012-07-30
449400,122220,-68.0,5962,116,12:51:50,2012-07-30
449480,122225,-67.0,5962,116,12:51:34,2012-07-30
449485,122225,-75.0,5962,116,12:56:10,2012-07-30
449490,122235,-68.0,5962,116,12:56:11,2012-07-30
449500,122240,-61.0,5962,116,12:56:12,2012-07-30
449510,122245,-60.5,5962,116,12:56:13,2012-07-30
449740,122250,-65.714287,5962,116,12:56:34,2012-07-30
449745,122250,-64.0,5962,116,12:56:34,2012-07-30
449750,122250,-64.0,5962,116,12:56:34,2012-07-30
449755,122250,-64.0,5962,116,12:56:35,2012-07-30
449760,122250,-64.0,5962,116,12:56:35,2012-07-30
449540,122255,-62.0,5962,116,12:56:15,2012-07-30
449720,122255,-64.5,5962,116,12:56:32,2012-07-30
449725,122255,-66.0,5962,116,12:56:33,2012-07-30
449735,122255,-66.0,5962,116,12:56:33,2012-07-30
449550,122260,-63.0,5962,116,12:56:17,2012-07-30
449565,122260,-62.599998,5962,116,12:56:18,2012-07-30
449590,122260,-61.0,5962,116,12:56:20,2012-07-30
449595,122260,-61.0,5962,116,12:56:20,2012-07-30
449700,122260,-63.0,5962,116,12:56:31,2012-07-30
449605,122265,-60.75,5962,116,12:56:21,2012-07-30
449690,122265,-63.0,5962,116,12:56:30,2012-07-30
449695,122265,-63.0,5962,116,12:56:31,2012-07-30
449700,122265,-63.0,5962,116,12:56:31,2012-07-30
449620,122270,-60.0,5962,116,12:56:22,2012-07-30
449635,122270,-60.0,5962,116,12:56:24,2012-07-30
449640,122270,-60.0,5962,116,12:56:25,2012-07-30
449645,122270,-60.0,5962,116,12:56:25,2012-07-30
449650,122270,-60.0,5962,116,12:56:26,2012-07-30
449675,122270,-61.0,5962,116,12:56:29,2012-07-30
449680,122270,-61.0,5962,116,12:56:29,2012-07-30
449685,122270,-61.666668,5962,116,12:56:29,2012-07-30
449690,122270,-63.0,5962,116,12:56:30,2012-07-30
449655,122275,-59.666668,5962,116,12:56:27,2012-07-30
449660,122275,-59.0,5962,116,12:56:27,2012-07-30
449665,122275,-59.0,5962,116,12:56:27,2012-07-30
449670,122275,-59.666668,5962,116,12:56:28,2012-07-30
450280,122965,-75.0,5962,116,15:14:29,2012-07-27
450285,122970,-74.0,5962,116,15:14:29,2012-07-27
450290,122975,-73.0,5962,116,15:14:28,2012-07-27
450295,122980,-73.599998,5962,116,15:14:27,2012-07-27
450305,122990,-72.0,5962,116,15:14:26,2012-07-27
450570,122990,-72.0,5962,116,12:53:39,2012-07-31
450555,122995,-69.333336,5962,116,12:53:37,2012-07-31
450560,122995,-70.0,5962,116,12:53:37,2012-07-31
450565,122995,-70.800003,5962,116,12:53:38,2012-07-31
450320,123000,-71.0,5962,116,15:14:24,2012-07-27
450545,123000,-68.333336,5962,116,12:53:36,2012-07-31
450520,123005,-66.333336,5962,116,12:53:33,2012-07-31
450530,123005,-67.333336,5962,116,12:53:34,2012-07-31
450510,123010,-67.0,5962,116,12:53:31,2012-07-31
450335,123015,-71.0,5962,116,15:14:23,2012-07-27
450345,123015,-67.0,5962,116,12:53:10,2012-07-31
450495,123015,-67.25,5962,116,12:53:30,2012-07-31
450500,123015,-68.0,5962,116,12:53:30,2012-07-31
450505,123015,-68.0,5962,116,12:53:31,2012-07-31
450485,123020,-67.0,5962,116,12:53:29,2012-07-31
450490,123020,-67.0,5962,116,12:53:29,2012-07-31
450345,123025,-71.666664,5962,116,15:14:22,2012-07-27
450480,123025,-67.0,5962,116,12:53:28,2012-07-31
450485,123025,-67.0,5962,116,12:53:28,2012-07-31
450350,123030,-72.0,5962,116,15:14:21,2012-07-27
450355,123030,-67.0,5962,116,12:53:11,2012-07-31
450475,123030,-67.666664,5962,116,12:53:27,2012-07-31
450360,123035,-69.75,5962,116,15:14:20,2012-07-27
450365,123035,-67.0,5962,116,12:53:12,2012-07-31
450370,123040,-69.0,5962,116,15:14:19,2012-07-27
450370,123040,-67.0,5962,116,12:53:12,2012-07-31
450465,123040,-66.5,5962,116,12:53:26,2012-07-31
450380,123045,-70.0,5962,116,15:11:57,2012-07-27
450385,123050,-70.0,5962,116,15:11:59,2012-07-27
450385,123050,-67.0,5962,116,12:53:14,2012-07-31
450455,123050,-64.0,5962,116,12:53:24,2012-07-31
451060,123050,-68.285713,5962,116,17:56:45,2012-07-31
450385,123055,-67.199997,5962,116,15:14:17,2012-07-27
450450,123055,-63.0,5962,116,12:53:23,2012-07-31
450455,123055,-63.0,5962,116,12:53:24,2012-07-31
450390,123060,-66.0,5962,116,15:14:16,2012-07-27
450395,123060,-70.0,5962,116,15:12:00,2012-07-27
450400,123060,-64.0,5962,116,12:53:16,2012-07-31
450450,123060,-61.0,5962,116,12:53:23,2012-07-31
451060,123060,-70.0,5962,116,17:56:44,2012-07-31
450405,123065,-70.0,5962,116,15:12:00,2012-07-27
450440,123065,-56.666668,5962,116,12:53:21,2012-07-31
450445,123065,-60.0,5962,116,12:53:21,2012-07-31
451060,123065,-69.166664,5962,116,17:56:43,2012-07-31
450405,123070,-63.599998,5962,116,15:14:15,2012-07-27
450410,123070,-70.0,5962,116,15:12:01,2012-07-27
450415,123070,-54.5,5962,116,12:53:17,2012-07-31
450425,123070,-53.400002,5962,116,12:53:19,2012-07-31
450430,123070,-53.285713,5962,116,12:53:19,2012-07-31
450440,123070,-55.0,5962,116,12:53:21,2012-07-31
451065,123070,-67.666664,5962,116,17:56:42,2012-07-31
450410,123075,-60.0,5962,116,15:14:14,2012-07-27
450415,123075,-70.0,5962,116,15:12:02,2012-07-27
450415,123080,-56.5,5962,116,15:14:13,2012-07-27
450420,123080,-66.0,5962,116,15:12:03,2012-07-27
450425,123080,-59.81081,5962,116,15:12:04,2012-07-27
450800,123080,-72.5,5962,116,17:49:40,2012-07-31
450810,123080,-71.666664,5962,116,17:49:42,2012-07-31
451065,123080,-67.0,5962,116,17:56:42,2012-07-31
450420,123085,-54.0,5962,116,15:14:12,2012-07-27
450425,123085,-60.166668,5962,116,15:12:14,2012-07-27
450430,123085,-59.5,5962,116,15:12:16,2012-07-27
450745,123085,-67.0,5962,116,17:49:32,2012-07-31
450760,123085,-67.666664,5962,116,17:49:33,2012-07-31
450765,123085,-70.0,5962,116,17:49:35,2012-07-31
450775,123085,-70.666664,5962,116,17:49:36,2012-07-31
450785,123085,-72.14286,5962,116,17:49:37,2012-07-31
450790,123085,-72.800003,5962,116,17:49:39,2012-07-31
450795,123085,-72.0,5962,116,17:49:40,2012-07-31
451065,123085,-67.85714,5962,116,17:56:41,2012-07-31
450420,123090,-54.0,5962,116,15:14:10,2012-07-27
450430,123090,-59.5,5962,116,15:12:17,2012-07-27
450700,123090,-67.0,5962,116,17:49:24,2012-07-31
450710,123090,-67.800003,5962,116,17:49:26,2012-07-31
450715,123090,-68.800003,5962,116,17:49:28,2012-07-31
450725,123090,-68.25,5962,116,17:49:28,2012-07-31
450735,123090,-68.0,5962,116,17:49:30,2012-07-31
451070,123090,-70.5,5962,116,17:56:40,2012-07-31
450420,123095,-54.0,5962,116,15:14:07,2012-07-27
450430,123095,-57.833332,5962,116,15:12:19,2012-07-27
450690,123095,-67.0,5962,116,17:49:23,2012-07-31
451070,123095,-71.0,5962,116,17:56:39,2012-07-31
450430,123100,-57.0,5962,116,15:12:19,2012-07-27
450690,123100,-67.0,5962,116,17:49:22,2012-07-31
450425,123105,-57.0,5962,116,15:12:20,2012-07-27
450675,123105,-67.0,5962,116,17:49:20,2012-07-31
450680,123105,-67.0,5962,116,17:49:21,2012-07-31
451070,123105,-68.0,5962,116,17:56:38,2012-07-31
450425,123110,-57.0,5962,116,15:12:20,2012-07-27
451070,123110,-68.714287,5962,116,17:56:37,2012-07-31
450410,123115,-66.0,5962,116,15:13:56,2012-07-27
451070,123115,-72.199997,5962,116,17:56:35,2012-07-31
451075,123115,-72.0,5962,116,17:58:41,2012-07-31
451080,123115,-72.0,5962,116,17:58:40,2012-07-31
450405,123120,-66.0,5962,116,15:13:55,2012-07-27
450410,123120,-66.0,5962,116,15:13:55,2012-07-27
450420,123120,-57.666668,5962,116,15:12:21,2012-07-27
451045,123120,-71.0,5962,116,17:56:30,2012-07-31
451055,123120,-73.0,5962,116,17:56:31,2012-07-31
451060,123120,-73.0,5962,116,17:56:32,2012-07-31
451065,123120,-73.0,5962,116,17:56:34,2012-07-31
451070,123120,-73.0,5962,116,17:56:35,2012-07-31
451075,123120,-72.0,5962,116,17:58:44,2012-07-31
450405,123125,-66.0,5962,116,15:13:55,2012-07-27
451025,123125,-71.75,5962,116,17:56:27,2012-07-31
451035,123125,-70.666664,5962,116,17:56:28,2012-07-31
451075,123125,-72.0,5962,116,17:58:45,2012-07-31
450405,123130,-66.0,5962,116,15:13:54,2012-07-27
450410,123130,-59.333332,5962,116,15:12:23,2012-07-27
450995,123130,-73.0,5962,116,17:56:23,2012-07-31
451000,123130,-72.0,5962,116,17:56:24,2012-07-31
451015,123130,-70.666664,5962,116,17:56:26,2012-07-31
451020,123130,-72.0,5962,116,17:56:26,2012-07-31
451075,123130,-71.5,5962,116,17:58:46,2012-07-31
450395,123135,-65.333336,5962,116,15:13:53,2012-07-27
450400,123135,-66.0,5962,116,15:13:54,2012-07-27
450410,123135,-60.0,5962,116,15:12:23,2012-07-27
450975,123135,-63.0,5962,116,17:56:20,2012-07-31
450980,123135,-63.0,5962,116,17:56:21,2012-07-31
450990,123135,-64.666664,5962,116,17:56:22,2012-07-31
451075,123135,-70.0,5962,116,17:58:47,2012-07-31
450400,123140,-60.666668,5962,116,15:12:24,2012-07-27
450960,123140,-63.0,5962,116,17:56:19,2012-07-31
450970,123140,-63.0,5962,116,17:56:20,2012-07-31
451075,123140,-71.666664,5962,116,17:58:47,2012-07-31
450945,123145,-63.0,5962,116,17:56:17,2012-07-31
450390,123150,-65.0,5962,116,15:13:52,2012-07-27
451080,123150,-75.333336,5962,116,17:58:49,2012-07-31
450390,123155,-63.666668,5962,116,15:12:26,2012-07-27
450380,123160,-64.25,5962,116,15:13:50,2012-07-27
450375,123165,-64.0,5962,116,15:13:50,2012-07-27
450380,123165,-66.666664,5962,116,15:12:27,2012-07-27
451080,123165,-76.5,5962,116,17:58:50,2012-07-31
450370,123170,-63.333332,5962,116,15:13:49,2012-07-27
450375,123170,-66.0,5962,116,15:12:29,2012-07-27
451080,123170,-77.0,5962,116,17:58:52,2012-07-31
450370,123175,-65.666664,5962,116,15:12:30,2012-07-27
450375,123175,-66.0,5962,116,15:12:28,2012-07-27
450765,123175,-63.25,5962,116,17:55:47,2012-07-31
450775,123175,-63.5,5962,116,17:55:49,2012-07-31
450780,123175,-62.0,5962,116,17:55:49,2012-07-31
450790,123175,-61.666668,5962,116,17:55:50,2012-07-31
450795,123175,-62.0,5962,116,17:55:52,2012-07-31
450800,123175,-64.0,5962,116,17:55:52,2012-07-31
450805,123175,-63.42857,5962,116,17:55:53,2012-07-31
451080,123175,-77.333336,5962,116,17:58:52,2012-07-31
450365,123180,-65.666664,5962,116,15:13:48,2012-07-27
450660,123180,-67.0,5962,116,17:55:34,2012-07-31
450665,123180,-67.333336,5962,116,17:55:35,2012-07-31
450670,123180,-67.5,5962,116,17:55:36,2012-07-31
450675,123180,-66.0,5962,116,17:55:37,2012-07-31
450680,123180,-66.0,5962,116,17:55:37,2012-07-31
450685,123180,-66.0,5962,116,17:55:38,2012-07-31
450690,123180,-66.0,5962,116,17:55:38,2012-07-31
450695,123180,-65.333336,5962,116,17:55:39,2012-07-31
450700,123180,-64.0,5962,116,17:55:39,2012-07-31
450705,123180,-63.666668,5962,116,17:55:40,2012-07-31
450715,123180,-63.0,5962,116,17:55:41,2012-07-31
450720,123180,-63.0,5962,116,17:55:42,2012-07-31
450725,123180,-63.0,5962,116,17:55:42,2012-07-31
450735,123180,-63.666668,5962,116,17:55:43,2012-07-31
450740,123180,-64.333336,5962,116,17:55:45,2012-07-31
450750,123180,-63.0,5962,116,17:55:46,2012-07-31
450755,123180,-63.0,5962,116,17:55:45,2012-07-31
450760,123180,-63.0,5962,116,17:55:47,2012-07-31
450355,123185,-67.0,5962,116,15:13:46,2012-07-27
450360,123185,-65.0,5962,116,15:12:31,2012-07-27
450655,123185,-69.222221,5962,116,17:55:32,2012-07-31
450660,123185,-67.0,5962,116,17:55:33,2012-07-31
450665,123185,-70.0,5962,116,17:55:11,2012-07-31
450670,123185,-70.0,5962,116,17:55:11,2012-07-31
450350,123190,-67.0,5962,116,15:13:45,2012-07-27
450355,123190,-67.0,5962,116,15:13:46,2012-07-27
450650,123190,-69.666664,5962,116,17:55:16,2012-07-31
450655,123190,-69.823532,5962,116,17:55:30,2012-07-31
451085,123190,-78.666664,5962,116,17:58:53,2012-07-31
450350,123195,-64.666664,5962,116,15:12:33,2012-07-27
450355,123195,-65.0,5962,116,15:12:32,2012-07-27
451085,123195,-80.0,5962,116,17:58:54,2012-07-31
450340,123200,-63.666668,5962,116,15:13:43,2012-07-27
451085,123200,-78.75,5962,116,17:58:54,2012-07-31
450325,123205,-54.0,5962,116,15:13:40,2012-07-27
450330,123205,-57.0,5962,116,15:13:41,2012-07-27
450335,123205,-61.0,5962,116,15:13:42,2012-07-27
450345,123205,-63.0,5962,116,15:12:33,2012-07-27
451085,123205,-78.0,5962,116,17:58:55,2012-07-31
450320,123210,-53.25,5962,116,15:13:38,2012-07-27
450340,123210,-61.75,5962,116,15:12:34,2012-07-27
450315,123215,-53.0,5962,116,15:13:36,2012-07-27
450320,123215,-53.0,5962,116,15:13:38,2012-07-27
450335,123215,-60.333332,5962,116,15:12:36,2012-07-27
450310,123220,-53.0,5962,116,15:13:33,2012-07-27
450315,123220,-53.0,5962,116,15:13:35,2012-07-27
450335,123220,-59.0,5962,116,15:12:36,2012-07-27
450325,123230,-58.444443,5962,116,15:12:37,2012-07-27
450320,123240,-57.0,5962,116,15:12:38,2012-07-27
450315,123250,-55.666668,5962,116,15:12:40,2012-07-27
450290,123255,-54.0,5962,116,15:13:00,2012-07-27
450285,123260,-53.25,5962,116,15:12:57,2012-07-27
450280,123265,-53.75,5962,116,15:12:57,2012-07-27
450305,123265,-54.5,5962,116,15:12:41,2012-07-27
450835,123265,-57.0,5962,116,17:54:39,2012-07-31
450300,123270,-54.0,5962,116,15:12:43,2012-07-27
450275,123275,-54.0,5962,116,15:12:55,2012-07-27
450840,123275,-57.0,5962,116,17:54:39,2012-07-31
450290,123280,-54.333332,5962,116,15:12:44,2012-07-27
450270,123285,-54.0,5962,116,15:12:54,2012-07-27
450285,123290,-54.666668,5962,116,15:12:45,2012-07-27
450260,123295,-52.666668,5962,116,15:12:53,2012-07-27
450260,123300,-53.599998,5962,116,15:12:51,2012-07-27
450275,123300,-53.400002,5962,116,15:12:47,2012-07-27
450910,123300,-60.0,5962,116,17:53:52,2012-07-31
450920,123300,-60.0,5962,116,17:53:53,2012-07-31
450930,123300,-60.0,5962,116,17:53:54,2012-07-31
450940,123300,-60.0,5962,116,17:53:54,2012-07-31
450945,123300,-60.0,5962,116,17:53:55,2012-07-31
450950,123300,-60.444443,5962,116,17:53:55,2012-07-31
450955,123300,-62.0,5962,116,17:53:56,2012-07-31
450960,123300,-62.0,5962,116,17:53:57,2012-07-31
450265,123305,-53.25,5962,116,15:12:50,2012-07-27
450270,123305,-53.0,5962,116,15:12:48,2012-07-27
450895,123305,-60.0,5962,116,17:53:50,2012-07-31
450910,123305,-60.599998,5962,116,17:54:23,2012-07-31
450915,123305,-62.0,5962,116,17:54:21,2012-07-31
450920,123305,-62.0,5962,116,17:54:20,2012-07-31
450930,123305,-62.0,5962,116,17:54:20,2012-07-31
450935,123305,-62.0,5962,116,17:54:18,2012-07-31
450940,123305,-62.0,5962,116,17:54:18,2012-07-31
450950,123305,-62.0,5962,116,17:54:17,2012-07-31
450865,123310,-60.666668,5962,116,17:54:28,2012-07-31
450870,123310,-61.333332,5962,116,17:54:27,2012-07-31
450890,123310,-59.599998,5962,116,17:54:25,2012-07-31
450895,123310,-56.200001,5962,116,17:54:24,2012-07-31
450845,123315,-61.0,5962,116,17:54:33,2012-07-31
450850,123315,-61.5,5962,116,17:54:30,2012-07-31
451340,123315,-59.0,5962,116,17:59:55,2012-07-31
451345,123320,-59.0,5962,116,17:59:57,2012-07-31
451345,123325,-52.731342,5962,116,18:00:18,2012-07-31
451345,123330,-50.555557,5962,116,18:00:19,2012-07-31
451345,123335,-53.0,5962,116,18:00:23,2012-07-31
451345,123340,-55.200001,5962,116,18:00:24,2012-07-31
451345,123345,-53.138889,5962,116,18:00:31,2012-07-31
451250,123350,-58.0,5962,116,18:01:51,2012-07-31
451255,123350,-58.0,5962,116,18:01:50,2012-07-31
451345,123350,-52.5,5962,116,18:01:31,2012-07-31
451175,123355,-57.0,5962,116,18:02:02,2012-07-31
451260,123355,-57.285713,5962,116,18:01:49,2012-07-31
451345,123355,-54.599998,5962,116,18:01:33,2012-07-31
451140,123360,-57.0,5962,116,18:02:05,2012-07-31
451155,123360,-57.0,5962,116,18:02:03,2012-07-31
451265,123360,-56.400002,5962,116,18:01:48,2012-07-31
451270,123360,-54.0,5962,116,18:01:47,2012-07-31
451340,123360,-60.0,5962,116,18:01:36,2012-07-31
451345,123360,-58.5,5962,116,18:01:34,2012-07-31
450845,123365,-61.0,5962,116,17:53:26,2012-07-31
451135,123365,-57.0,5962,116,18:02:06,2012-07-31
451340,123365,-60.0,5962,116,18:01:36,2012-07-31
450845,123370,-60.0,5962,116,17:53:25,2012-07-31
451110,123370,-59.5,5962,116,18:02:09,2012-07-31
451280,123370,-53.0,5962,116,18:01:46,2012-07-31
451335,123370,-60.0,5962,116,18:01:38,2012-07-31
451340,123370,-60.0,5962,116,18:01:37,2012-07-31
450845,123375,-59.0,5962,116,17:53:24,2012-07-31
451100,123375,-62.0,5962,116,18:02:12,2012-07-31
451290,123375,-53.0,5962,116,18:01:45,2012-07-31
451305,123375,-53.0,5962,116,18:01:43,2012-07-31
451320,123375,-56.0,5962,116,18:01:41,2012-07-31
451325,123375,-55.400002,5962,116,18:01:41,2012-07-31
451330,123375,-58.666668,5962,116,18:01:40,2012-07-31
451335,123375,-60.0,5962,116,18:01:39,2012-07-31
451100,123380,-63.400002,5962,116,18:02:13,2012-07-31
451315,123380,-53.0,5962,116,18:01:43,2012-07-31
450810,123385,-57.0,5962,116,17:51:46,2012-07-31
450815,123385,-57.0,5962,116,17:51:47,2012-07-31
450825,123385,-57.333332,5962,116,17:51:49,2012-07-31
450830,123385,-58.666668,5962,116,17:51:50,2012-07-31
450845,123385,-60.0,5962,116,17:51:52,2012-07-31
450855,123385,-59.0,5962,116,17:53:22,2012-07-31
450860,123385,-59.0,5962,116,17:51:53,2012-07-31
450865,123385,-58.5,5962,116,17:51:54,2012-07-31
450870,123385,-57.200001,5962,116,17:53:19,2012-07-31
450875,123385,-57.375,5962,116,17:51:56,2012-07-31
450880,123385,-56.0,5962,116,17:53:18,2012-07-31
450885,123385,-56.0,5962,116,17:53:17,2012-07-31
450890,123385,-56.625,5962,116,17:53:16,2012-07-31
450805,123390,-55.666668,5962,116,17:51:45,2012-07-31
450895,123390,-57.333332,5962,116,17:53:15,2012-07-31
450900,123390,-58.0,5962,116,17:52:00,2012-07-31
451100,123390,-64.5,5962,116,18:02:14,2012-07-31
450805,123395,-55.0,5962,116,17:51:44,2012-07-31
450895,123395,-58.0,5962,116,17:53:13,2012-07-31
450900,123395,-60.5,5962,116,17:52:01,2012-07-31
451105,123395,-65.909088,5962,116,18:02:15,2012-07-31
450805,123400,-55.0,5962,116,17:51:43,2012-07-31
450900,123400,-61.25,5962,116,17:52:03,2012-07-31
450805,123405,-55.0,5962,116,17:51:42,2012-07-31
450895,123405,-60.666668,5962,116,17:53:12,2012-07-31
450900,123405,-61.666668,5962,116,17:52:04,2012-07-31
451050,123405,-59.333332,5962,116,17:52:47,2012-07-31
450805,123410,-55.200001,5962,116,17:51:41,2012-07-31
450900,123410,-61.0,5962,116,17:52:06,2012-07-31
451030,123410,-57.0,5962,116,17:52:49,2012-07-31
451040,123410,-57.333332,5962,116,17:52:49,2012-07-31
451045,123410,-57.666668,5962,116,17:52:48,2012-07-31
451060,123410,-61.333332,5962,116,17:52:45,2012-07-31
451065,123410,-61.200001,5962,116,17:52:44,2012-07-31
450805,123415,-54.599998,5962,116,17:51:40,2012-07-31
450895,123415,-61.333332,5962,116,17:53:11,2012-07-31
450900,123415,-62.200001,5962,116,17:53:09,2012-07-31
450925,123415,-58.0,5962,116,17:53:04,2012-07-31
450940,123415,-59.333332,5962,116,17:53:02,2012-07-31
450950,123415,-60.0,5962,116,17:53:01,2012-07-31
450965,123415,-60.0,5962,116,17:52:58,2012-07-31
450980,123415,-60.0,5962,116,17:52:57,2012-07-31
450990,123415,-58.799999,5962,116,17:52:55,2012-07-31
451005,123415,-58.666668,5962,116,17:52:54,2012-07-31
451010,123415,-58.25,5962,116,17:52:52,2012-07-31
451015,123415,-58.0,5962,116,17:52:52,2012-07-31
451025,123415,-58.0,5962,116,17:52:50,2012-07-31
451065,123415,-60.0,5962,116,17:52:43,2012-07-31
451070,123415,-58.400002,5962,116,17:52:42,2012-07-31
450805,123420,-56.0,5962,116,17:50:44,2012-07-31
450895,123420,-60.0,5962,116,17:52:07,2012-07-31
450900,123420,-63.0,5962,116,17:53:08,2012-07-31
450905,123420,-61.444443,5962,116,17:53:06,2012-07-31
450915,123420,-58.75,5962,116,17:53:05,2012-07-31
451070,123420,-58.0,5962,116,17:52:42,2012-07-31
450740,123425,-61.0,5962,116,17:51:29,2012-07-31
450745,123425,-61.0,5962,116,17:51:30,2012-07-31
450755,123425,-61.5,5962,116,17:51:30,2012-07-31
450760,123425,-63.0,5962,116,17:51:32,2012-07-31
450775,123425,-62.5,5962,116,17:51:33,2012-07-31
450785,123425,-61.75,5962,116,17:51:35,2012-07-31
450795,123425,-60.666668,5962,116,17:51:36,2012-07-31
450800,123425,-58.285713,5962,116,17:51:37,2012-07-31
450805,123425,-56.375,5962,116,17:51:39,2012-07-31
450810,123425,-56.0,5962,116,17:50:45,2012-07-31
450895,123425,-59.375,5962,116,17:52:08,2012-07-31
451070,123425,-56.400002,5962,116,17:52:40,2012-07-31
450685,123430,-57.0,5962,116,17:51:21,2012-07-31
450690,123430,-57.0,5962,116,17:51:23,2012-07-31
450700,123430,-57.400002,5962,116,17:51:23,2012-07-31
450705,123430,-58.75,5962,116,17:51:25,2012-07-31
450720,123430,-60.75,5962,116,17:51:26,2012-07-31
450725,123430,-60.25,5962,116,17:51:27,2012-07-31
450810,123430,-56.0,5962,116,17:50:46,2012-07-31
451070,123430,-56.0,5962,116,17:52:40,2012-07-31
450680,123435,-59.25,5962,116,17:51:21,2012-07-31
450810,123435,-56.0,5962,116,17:50:47,2012-07-31
450895,123435,-60.0,5962,116,17:52:10,2012-07-31
451070,123435,-57.75,5962,116,17:52:39,2012-07-31
450810,123440,-57.200001,5962,116,17:50:47,2012-07-31
450895,123440,-59.666668,5962,116,17:52:11,2012-07-31
451070,123440,-55.75,5962,116,17:52:37,2012-07-31
450675,123445,-56.666668,5962,116,17:51:19,2012-07-31
451060,123445,-55.0,5962,116,17:52:35,2012-07-31
451065,123445,-55.0,5962,116,17:52:37,2012-07-31
450675,123450,-54.333332,5962,116,17:51:18,2012-07-31
450815,123450,-61.333332,5962,116,17:50:49,2012-07-31
450895,123450,-58.666668,5962,116,17:52:13,2012-07-31
451005,123450,-46.0,5962,116,17:52:28,2012-07-31
451020,123450,-46.0,5962,116,17:52:30,2012-07-31
451030,123450,-46.333332,5962,116,17:52:31,2012-07-31
451035,123450,-49.0,5962,116,17:52:32,2012-07-31
451050,123450,-53.666668,5962,116,17:52:34,2012-07-31
450675,123455,-54.666668,5962,116,17:51:16,2012-07-31
450810,123455,-59.333332,5962,116,17:50:51,2012-07-31
450925,123455,-51.0,5962,116,17:52:18,2012-07-31
450930,123455,-50.5,5962,116,17:52:18,2012-07-31
450935,123455,-48.799999,5962,116,17:52:20,2012-07-31
450940,123455,-48.0,5962,116,17:52:20,2012-07-31
450950,123455,-48.0,5962,116,17:52:21,2012-07-31
450960,123455,-48.0,5962,116,17:52:22,2012-07-31
450970,123455,-48.0,5962,116,17:52:23,2012-07-31
450980,123455,-47.222221,5962,116,17:52:25,2012-07-31
450990,123455,-46.0,5962,116,17:52:26,2012-07-31
450675,123460,-55.0,5962,116,17:51:15,2012-07-31
450810,123460,-55.666668,5962,116,17:50:52,2012-07-31
450900,123460,-57.666668,5962,116,17:52:14,2012-07-31
450910,123460,-56.0,5962,116,17:52:16,2012-07-31
450915,123460,-53.400002,5962,116,17:52:17,2012-07-31
450675,123465,-53.0,5962,116,17:51:15,2012-07-31
450680,123465,-52.0,5962,116,17:51:13,2012-07-31
450770,123465,-45.666668,5962,116,17:51:01,2012-07-31
450780,123465,-45.0,5962,116,17:50:59,2012-07-31
450785,123465,-44.333332,5962,116,17:50:58,2012-07-31
450795,123465,-45.0,5962,116,17:50:57,2012-07-31
450800,123465,-45.75,5962,116,17:50:57,2012-07-31
450805,123465,-50.0,5962,116,17:50:54,2012-07-31
450810,123465,-51.0,5962,116,17:50:53,2012-07-31
450685,123470,-53.333332,5962,116,17:51:12,2012-07-31
450700,123470,-54.75,5962,116,17:51:11,2012-07-31
450705,123470,-54.25,5962,116,17:51:09,2012-07-31
450715,123470,-54.0,5962,116,17:51:08,2012-07-31
450720,123470,-54.75,5962,116,17:51:08,2012-07-31
450725,123470,-53.0,5962,116,17:51:06,2012-07-31
450740,123470,-50.400002,5962,116,17:51:04,2012-07-31
450755,123470,-48.5,5962,116,17:51:02,2012-07-31
450585,123480,-52.0,5962,116,12:54:43,2012-07-31
450585,123500,-52.0,5962,116,12:54:44,2012-07-31
450580,123510,-52.0,5962,116,12:54:45,2012-07-31
450580,123525,-52.0,5962,116,12:54:46,2012-07-31
449640,123530,-59.0,5962,116,16:47:22,2012-07-31
449640,123535,-59.0,5962,116,16:47:22,2012-07-31
449635,123540,-59.0,5962,116,16:47:22,2012-07-31
450580,123540,-52.0,5962,116,12:54:47,2012-07-31
449630,123545,-59.0,5962,116,16:47:21,2012-07-31
449625,123550,-58.333332,5962,116,16:47:21,2012-07-31
450580,123550,-54.857143,5962,116,12:54:48,2012-07-31
450580,123565,-57.0,5962,116,12:54:49,2012-07-31
449615,123570,-58.0,5962,116,16:47:19,2012-07-31
450575,123575,-57.0,5962,116,12:54:50,2012-07-31
450575,123585,-57.0,5962,116,12:54:50,2012-07-31
449600,123595,-58.0,5962,116,16:47:18,2012-07-31
450575,123595,-56.111111,5962,116,12:54:53,2012-07-31
449595,123600,-58.0,5962,116,16:47:17,2012-07-31
449590,123605,-58.0,5962,116,16:47:17,2012-07-31
449580,123620,-57.25,5962,116,16:47:16,2012-07-31
450575,123630,-55.0,5962,116,12:54:54,2012-07-31
450575,123640,-55.666668,5962,116,12:54:55,2012-07-31
449560,123655,-57.0,5962,116,16:47:15,2012-07-31
450570,123655,-57.0,5962,116,12:54:56,2012-07-31
449550,123670,-56.333332,5962,116,16:47:13,2012-07-31
450570,123670,-58.5,5962,116,12:54:57,2012-07-31
451320,123680,-55.0,5962,116,18:02:43,2012-07-31
451325,123680,-55.0,5962,116,18:02:43,2012-07-31
449540,123690,-56.400002,5962,116,16:47:12,2012-07-31
450570,123690,-60.5,5962,116,12:54:58,2012-07-31
451330,123690,-55.0,5962,116,18:02:44,2012-07-31
451335,123695,-55.0,5962,116,18:02:45,2012-07-31
451340,123705,-55.0,5962,116,18:02:45,2012-07-31
450570,123710,-62.666668,5962,116,12:55:00,2012-07-31
451345,123710,-55.0,5962,116,18:02:46,2012-07-31
449525,123715,-57.0,5962,116,16:47:11,2012-07-31
451350,123715,-55.0,5962,116,18:02:47,2012-07-31
450570,123720,-63.75,5962,116,12:55:01,2012-07-31
450565,123725,-63.333332,5962,116,12:55:02,2012-07-31
451360,123730,-56.333332,5962,116,18:02:48,2012-07-31
449515,123735,-57.857143,5962,116,16:47:11,2012-07-31
451365,123735,-59.0,5962,116,18:02:49,2012-07-31
449505,123750,-58.0,5962,116,16:47:09,2012-07-31
450565,123750,-64.0,5962,116,12:55:03,2012-07-31
451370,123750,-59.666668,5962,116,18:02:50,2012-07-31
451370,123755,-61.0,5962,116,18:02:50,2012-07-31
450565,123760,-64.0,5962,116,12:55:03,2012-07-31
451375,123760,-60.5,5962,116,18:02:51,2012-07-31
450565,123765,-64.25,5962,116,12:55:04,2012-07-31
449495,123770,-57.545456,5962,116,16:47:08,2012-07-31
450565,123770,-65.0,5962,116,12:55:04,2012-07-31
451380,123770,-59.0,5962,116,18:02:52,2012-07-31
450565,123775,-65.0,5962,116,12:55:04,2012-07-31
450560,123780,-65.0,5962,116,12:55:05,2012-07-31
451385,123780,-59.0,5962,116,18:02:53,2012-07-31
449485,123785,-57.0,5962,116,16:47:07,2012-07-31
450560,123785,-65.0,5962,116,12:55:05,2012-07-31
451390,123795,-61.333332,5962,116,18:02:54,2012-07-31
449480,123805,-60.200001,5962,116,16:47:06,2012-07-31
451395,123810,-66.0,5962,116,18:02:55,2012-07-31
451395,123815,-69.5,5962,116,18:02:57,2012-07-31
451400,123820,-71.0,5962,116,18:02:57,2012-07-31
449470,123825,-61.0,5962,116,16:47:05,2012-07-31
451395,123825,-71.0,5962,116,18:02:58,2012-07-31
451395,123835,-78.0,5962,116,18:03:00,2012-07-31
449460,123840,-61.0,5962,116,16:47:04,2012-07-31
451390,123840,-80.0,5962,116,18:03:00,2012-07-31
451385,123845,-80.0,5962,116,18:03:01,2012-07-31
449455,123850,-61.0,5962,116,16:47:03,2012-07-31
451375,123850,-81.0,5962,116,18:03:02,2012-07-31
451365,123855,-82.0,5962,116,18:03:03,2012-07-31
449450,123865,-61.0,5962,116,16:47:02,2012-07-31
449440,123890,-61.0,5962,116,16:47:01,2012-07-31
449435,123895,-61.0,5962,116,16:47:01,2012-07-31
