446820,117275,-78.0,280,107,12:31:05,2012-07-31
446825,117280,-79.0,280,107,12:31:06,2012-07-31
446830,117285,-81.0,280,107,12:31:07,2012-07-31
446835,117290,-80.0,280,107,12:31:08,2012-07-31
446840,117295,-81.0,280,107,12:31:10,2012-07-31
446850,117300,-83.400002,280,107,12:31:12,2012-07-31
450480,121065,-60.25,280,107,15:07:58,2012-07-27
450485,121065,-60.0,280,107,15:07:57,2012-07-27
450490,121065,-57.42857,280,107,15:07:56,2012-07-27
450495,121065,-54.0,280,107,15:07:29,2012-07-27
449725,121485,-61.0,280,107,12:48:30,2012-07-30
449735,121495,-61.0,280,107,12:48:31,2012-07-30
449740,121500,-61.0,280,107,12:48:32,2012-07-30
449740,121510,-61.0,280,107,12:48:33,2012-07-30
449750,121515,-61.0,280,107,12:48:35,2012-07-30
449750,121520,-54.5,280,107,12:48:37,2012-07-30
449755,121525,-49.0,280,107,12:48:38,2012-07-30
449760,121530,-49.333332,280,107,12:48:39,2012-07-30
449770,121540,-50.0,280,107,12:48:40,2012-07-30
449775,121545,-50.666668,280,107,12:48:40,2012-07-30
449785,121550,-52.666668,280,107,12:48:42,2012-07-30
449795,121560,-53.333332,280,107,12:48:43,2012-07-30
449805,121570,-53.0,280,107,12:48:45,2012-07-30
449810,121575,-56.0,280,107,12:48:45,2012-07-30
449815,121580,-56.5,280,107,12:48:46,2012-07-30
449820,121585,-58.0,280,107,12:48:47,2012-07-30
449825,121590,-58.666668,280,107,12:48:47,2012-07-30
449830,121595,-60.0,280,107,12:48:48,2012-07-30
449835,121600,-60.5,280,107,12:48:49,2012-07-30
449840,121605,-62.0,280,107,12:48:49,2012-07-30
449845,121605,-62.0,280,107,12:48:50,2012-07-30
449845,121610,-62.42857,280,107,12:48:50,2012-07-30
449855,121615,-63.0,280,107,12:48:51,2012-07-30
449855,121620,-62.75,280,107,12:48:52,2012-07-30
449860,121620,-62.0,280,107,12:48:52,2012-07-30
449865,121625,-61.75,280,107,12:48:53,2012-07-30
449870,121630,-61.0,280,107,12:48:54,2012-07-30
449875,121630,-60.799999,280,107,12:48:54,2012-07-30
449880,121635,-59.75,280,107,12:48:56,2012-07-30
449885,121635,-59.400002,280,107,12:48:57,2012-07-30
449890,121635,-60.090908,280,107,12:48:59,2012-07-30
449895,121635,-62.0,280,107,12:49:03,2012-07-30
449895,121640,-62.0,280,107,12:49:03,2012-07-30
449900,121640,-61.666668,280,107,12:49:04,2012-07-30
449905,121650,-60.75,280,107,12:49:06,2012-07-30
449910,121650,-60.0,280,107,12:49:06,2012-07-30
449910,121655,-60.0,280,107,12:49:07,2012-07-30
449915,121660,-59.0,280,107,12:49:09,2012-07-30
449920,121665,-60.0,280,107,12:49:08,2012-07-30
449920,121670,-57.666668,280,107,12:49:10,2012-07-30
449935,121690,-57.0,280,107,12:49:11,2012-07-30
449945,121700,-57.0,280,107,12:49:13,2012-07-30
449950,121705,-56.666668,280,107,12:49:14,2012-07-30
450900,121710,-57.0,280,107,17:03:11,2012-07-31
449955,121715,-56.0,280,107,12:49:15,2012-07-30
449960,121725,-57.5,280,107,12:49:16,2012-07-30
450895,121725,-57.0,280,107,17:03:12,2012-07-31
449965,121735,-58.5,280,107,12:49:17,2012-07-30
450895,121735,-57.0,280,107,17:03:13,2012-07-31
449970,121740,-58.0,280,107,12:49:19,2012-07-30
450895,121740,-57.0,280,107,17:03:14,2012-07-31
450890,121750,-57.0,280,107,17:03:15,2012-07-31
449975,121755,-58.0,280,107,12:49:19,2012-07-30
450890,121760,-57.0,280,107,17:03:16,2012-07-31
449980,121765,-58.0,280,107,12:49:20,2012-07-30
450890,121770,-53.5,280,107,17:03:16,2012-07-31
449985,121775,-58.0,280,107,12:49:21,2012-07-30
450885,121780,-44.0,280,107,17:03:18,2012-07-31
449990,121785,-57.0,280,107,12:49:23,2012-07-30
450885,121790,-45.25,280,107,17:03:19,2012-07-31
449990,121800,-53.0,280,107,12:49:23,2012-07-30
450885,121800,-46.666668,280,107,17:03:21,2012-07-31
449995,121805,-52.666668,280,107,12:49:24,2012-07-30
449995,121810,-52.0,280,107,12:49:25,2012-07-30
450885,121810,-48.799999,280,107,17:03:21,2012-07-31
450895,121815,-52.666668,280,107,17:03:23,2012-07-31
450000,121820,-52.666668,280,107,12:49:26,2012-07-30
450895,121820,-54.0,280,107,17:03:24,2012-07-31
450900,121820,-54.5,280,107,17:03:25,2012-07-31
450915,121820,-56.5,280,107,17:03:26,2012-07-31
450920,121820,-58.0,280,107,17:03:27,2012-07-31
450930,121825,-58.0,280,107,17:03:28,2012-07-31
450940,121825,-57.0,280,107,17:03:29,2012-07-31
450000,121830,-53.5,280,107,12:49:27,2012-07-30
450980,121830,-53.0,280,107,17:03:33,2012-07-31
450985,121835,-53.333332,280,107,17:03:33,2012-07-31
450000,121840,-52.0,280,107,12:49:28,2012-07-30
451005,121840,-54.0,280,107,17:03:36,2012-07-31
450000,121845,-51.666668,280,107,12:49:28,2012-07-30
451030,121845,-54.0,280,107,17:03:37,2012-07-31
450000,121855,-50.666668,280,107,12:49:30,2012-07-30
450005,121860,-52.933334,280,107,12:58:10,2012-07-30
450010,121860,-50.0,280,107,12:58:13,2012-07-30
450005,121865,-56.0,280,107,12:58:06,2012-07-30
450000,121870,-56.0,280,107,12:58:06,2012-07-30
450015,121870,-49.666668,280,107,12:58:14,2012-07-30
449995,121875,-49.666668,280,107,12:49:31,2012-07-30
450000,121875,-56.0,280,107,12:58:05,2012-07-30
450015,121875,-49.0,280,107,12:58:15,2012-07-30
449845,121880,-57.0,280,107,12:50:18,2012-07-30
450000,121880,-54.666668,280,107,12:58:05,2012-07-30
449845,121885,-57.0,280,107,12:50:20,2012-07-30
449855,121885,-60.333332,280,107,12:50:17,2012-07-30
449995,121885,-48.0,280,107,12:49:33,2012-07-30
450000,121885,-54.0,280,107,12:58:04,2012-07-30
450015,121885,-49.285713,280,107,12:58:16,2012-07-30
449850,121890,-56.75,280,107,12:50:21,2012-07-30
450000,121890,-50.666668,280,107,12:58:03,2012-07-30
449850,121895,-56.0,280,107,12:50:22,2012-07-30
449860,121895,-59.333332,280,107,12:50:16,2012-07-30
450015,121895,-51.0,280,107,12:58:18,2012-07-30
449855,121900,-55.599998,280,107,12:50:23,2012-07-30
449860,121900,-55.0,280,107,12:50:24,2012-07-30
449870,121900,-54.0,280,107,12:57:16,2012-07-30
449995,121900,-46.333332,280,107,12:49:34,2012-07-30
450005,121900,-48.333332,280,107,12:58:02,2012-07-30
449870,121905,-56.125,280,107,12:57:17,2012-07-30
449995,121905,-47.0,280,107,12:49:35,2012-07-30
450020,121905,-51.0,280,107,12:58:19,2012-07-30
449860,121910,-55.0,280,107,12:50:25,2012-07-30
449875,121910,-54.0,280,107,12:57:17,2012-07-30
449865,121915,-56.0,280,107,12:50:26,2012-07-30
449880,121915,-54.0,280,107,12:57:18,2012-07-30
449995,121915,-46.75,280,107,12:49:35,2012-07-30
450005,121915,-48.0,280,107,12:58:00,2012-07-30
449865,121920,-56.0,280,107,12:50:26,2012-07-30
449880,121925,-52.375,280,107,12:50:11,2012-07-30
449885,121925,-54.0,280,107,12:57:19,2012-07-30
449995,121925,-46.0,280,107,12:49:36,2012-07-30
450005,121925,-47.5,280,107,12:57:59,2012-07-30
450020,121925,-50.666668,280,107,12:58:20,2012-07-30
449890,121930,-54.0,280,107,12:57:19,2012-07-30
450005,121930,-47.0,280,107,12:57:59,2012-07-30
449865,121935,-56.25,280,107,12:50:28,2012-07-30
449885,121935,-49.0,280,107,12:50:11,2012-07-30
449890,121935,-54.0,280,107,12:57:19,2012-07-30
449990,121935,-46.5,280,107,12:49:37,2012-07-30
450005,121935,-47.0,280,107,12:57:58,2012-07-30
450020,121935,-49.666668,280,107,12:58:22,2012-07-30
449865,121940,-57.0,280,107,12:50:30,2012-07-30
449895,121940,-54.0,280,107,12:57:20,2012-07-30
450005,121940,-47.0,280,107,12:57:58,2012-07-30
449890,121945,-49.0,280,107,12:50:10,2012-07-30
449895,121945,-54.0,280,107,12:57:20,2012-07-30
450005,121945,-47.599998,280,107,12:57:58,2012-07-30
449895,121950,-54.0,280,107,12:57:21,2012-07-30
449980,121950,-48.333332,280,107,12:49:38,2012-07-30
450010,121950,-48.0,280,107,12:57:57,2012-07-30
450020,121950,-49.0,280,107,12:58:23,2012-07-30
449865,121955,-57.0,280,107,12:50:31,2012-07-30
449890,121955,-49.0,280,107,12:50:09,2012-07-30
450020,121960,-48.666668,280,107,12:58:24,2012-07-30
449865,121965,-56.333332,280,107,12:50:33,2012-07-30
450010,121965,-48.0,280,107,12:57:56,2012-07-30
449865,121970,-55.0,280,107,12:50:33,2012-07-30
449905,121970,-54.5,280,107,12:57:22,2012-07-30
449975,121970,-49.666668,280,107,12:49:40,2012-07-30
449865,121975,-54.666668,280,107,12:50:34,2012-07-30
449895,121975,-49.0,280,107,12:50:07,2012-07-30
449910,121975,-55.0,280,107,12:57:23,2012-07-30
449970,121975,-51.0,280,107,12:49:40,2012-07-30
450010,121975,-48.0,280,107,12:57:55,2012-07-30
450020,121975,-48.0,280,107,12:58:25,2012-07-30
449860,121980,-54.0,280,107,12:50:35,2012-07-30
449900,121980,-49.0,280,107,12:50:07,2012-07-30
449910,121980,-55.0,280,107,12:57:23,2012-07-30
449965,121985,-51.200001,280,107,12:49:41,2012-07-30
450010,121985,-50.25,280,107,12:57:55,2012-07-30
450020,121985,-48.0,280,107,12:58:26,2012-07-30
449860,121990,-54.0,280,107,12:50:35,2012-07-30
449915,121990,-54.333332,280,107,12:57:24,2012-07-30
449965,121990,-52.0,280,107,12:49:41,2012-07-30
450015,121990,-48.0,280,107,12:58:27,2012-07-30
449855,121995,-54.0,280,107,12:50:36,2012-07-30
449960,121995,-52.0,280,107,12:49:42,2012-07-30
449855,122000,-54.25,280,107,12:50:37,2012-07-30
449960,122000,-52.0,280,107,12:49:42,2012-07-30
450005,122000,-51.666668,280,107,12:57:53,2012-07-30
450015,122000,-48.200001,280,107,12:58:27,2012-07-30
449920,122005,-53.0,280,107,12:57:25,2012-07-30
449850,122010,-55.0,280,107,12:50:38,2012-07-30
449920,122010,-53.599998,280,107,12:57:25,2012-07-30
449955,122010,-52.666668,280,107,12:49:42,2012-07-30
450000,122010,-51.333332,280,107,12:57:52,2012-07-30
449845,122015,-55.25,280,107,12:50:38,2012-07-30
450015,122020,-49.0,280,107,12:58:29,2012-07-30
449915,122025,-54.0,280,107,12:57:26,2012-07-30
449835,122030,-57.0,280,107,12:50:40,2012-07-30
449915,122030,-54.0,280,107,12:57:27,2012-07-30
449995,122030,-51.0,280,107,12:57:50,2012-07-30
450015,122030,-50.0,280,107,12:58:30,2012-07-30
449915,122045,-52.857143,280,107,12:57:28,2012-07-30
449985,122045,-51.666668,280,107,12:57:49,2012-07-30
450015,122045,-51.166668,280,107,12:58:33,2012-07-30
449815,122055,-62.333332,280,107,12:50:42,2012-07-30
449915,122055,-51.599998,280,107,12:57:29,2012-07-30
449975,122065,-52.0,280,107,12:57:48,2012-07-30
449800,122070,-63.0,280,107,12:50:44,2012-07-30
450015,122070,-50.400002,280,107,12:58:34,2012-07-30
449970,122075,-52.0,280,107,12:57:46,2012-07-30
449915,122080,-51.0,280,107,12:57:30,2012-07-30
449960,122085,-51.333332,280,107,12:57:45,2012-07-30
450015,122090,-51.333332,280,107,12:58:36,2012-07-30
449955,122095,-51.0,280,107,12:57:44,2012-07-30
449790,122100,-63.333332,280,107,12:50:47,2012-07-30
450010,122100,-51.5,280,107,12:58:37,2012-07-30
449910,122105,-49.0,280,107,12:57:32,2012-07-30
449945,122105,-51.0,280,107,12:57:43,2012-07-30
449785,122110,-61.0,280,107,12:50:48,2012-07-30
449910,122110,-49.0,280,107,12:57:33,2012-07-30
449940,122110,-49.75,280,107,12:57:40,2012-07-30
450010,122110,-50.0,280,107,12:58:38,2012-07-30
449785,122120,-59.0,280,107,12:50:50,2012-07-30
449910,122120,-48.666668,280,107,12:57:34,2012-07-30
449915,122120,-47.666668,280,107,12:57:35,2012-07-30
450010,122120,-50.75,280,107,12:58:38,2012-07-30
449785,122125,-59.0,280,107,12:50:49,2012-07-30
449930,122125,-47.666668,280,107,12:57:38,2012-07-30
449920,122130,-47.0,280,107,12:57:36,2012-07-30
450010,122130,-53.0,280,107,12:58:39,2012-07-30
449785,122135,-59.333332,280,107,12:50:51,2012-07-30
449785,122140,-60.0,280,107,12:50:52,2012-07-30
450005,122145,-53.0,280,107,12:58:41,2012-07-30
449785,122150,-60.0,280,107,12:50:53,2012-07-30
450005,122150,-53.666668,280,107,12:58:43,2012-07-30
449785,122155,-60.0,280,107,12:50:54,2012-07-30
450010,122160,-55.0,280,107,12:58:43,2012-07-30
450010,122165,-55.0,280,107,12:58:45,2012-07-30
449785,122170,-60.333332,280,107,12:50:55,2012-07-30
450015,122170,-56.0,280,107,12:58:47,2012-07-30
450015,122175,-58.0,280,107,12:58:47,2012-07-30
450020,122175,-58.400002,280,107,12:58:48,2012-07-30
450025,122180,-58.333332,280,107,12:58:50,2012-07-30
449780,122185,-61.0,280,107,12:50:57,2012-07-30
450030,122185,-56.666668,280,107,12:58:51,2012-07-30
449780,122190,-61.333332,280,107,12:50:58,2012-07-30
450030,122200,-55.666668,280,107,12:58:53,2012-07-30
449770,122205,-62.333332,280,107,12:50:59,2012-07-30
450030,122205,-54.666668,280,107,12:58:54,2012-07-30
449765,122210,-63.0,280,107,12:51:00,2012-07-30
450655,122210,-51.0,280,107,16:56:04,2012-07-31
450025,122215,-54.5,280,107,12:58:55,2012-07-30
450650,122215,-51.0,280,107,16:56:03,2012-07-31
450025,122220,-56.0,280,107,12:58:56,2012-07-30
450650,122220,-49.666668,280,107,16:56:02,2012-07-31
449740,122225,-63.42857,280,107,12:51:04,2012-07-30
449750,122225,-64.0,280,107,12:51:03,2012-07-30
449760,122225,-63.200001,280,107,12:51:01,2012-07-30
450025,122225,-59.75,280,107,12:58:57,2012-07-30
450025,122230,-61.0,280,107,12:58:58,2012-07-30
450645,122230,-49.0,280,107,16:56:02,2012-07-31
450020,122235,-60.666668,280,107,12:59:00,2012-07-30
450645,122235,-49.0,280,107,16:56:01,2012-07-31
450020,122245,-61.5,280,107,12:59:01,2012-07-30
450640,122245,-48.25,280,107,16:56:00,2012-07-31
450020,122250,-62.272728,280,107,12:59:02,2012-07-30
450635,122250,-48.0,280,107,16:55:59,2012-07-31
450635,122255,-48.0,280,107,16:55:59,2012-07-31
450630,122260,-47.333332,280,107,16:55:58,2012-07-31
450625,122270,-46.400002,280,107,16:55:57,2012-07-31
450630,122270,-47.0,280,107,16:55:58,2012-07-31
450625,122275,-46.0,280,107,16:55:56,2012-07-31
450620,122280,-46.0,280,107,16:55:56,2012-07-31
450620,122285,-48.0,280,107,16:55:56,2012-07-31
450615,122300,-49.666668,280,107,16:55:54,2012-07-31
450615,122310,-50.599998,280,107,16:55:53,2012-07-31
450610,122325,-51.0,280,107,16:55:51,2012-07-31
450605,122340,-53.0,280,107,16:55:50,2012-07-31
450605,122355,-54.666668,280,107,16:55:49,2012-07-31
450600,122380,-55.666668,280,107,16:55:47,2012-07-31
450595,122390,-56.0,280,107,16:55:46,2012-07-31
450595,122395,-56.0,280,107,16:55:45,2012-07-31
450590,122405,-56.0,280,107,16:55:43,2012-07-31
450590,122415,-56.0,280,107,16:55:43,2012-07-31
450585,122420,-56.0,280,107,16:55:42,2012-07-31
446820,117275,-78.0,280,107,12:31:05,2012-07-31
446825,117280,-79.0,280,107,12:31:06,2012-07-31
446830,117285,-81.0,280,107,12:31:07,2012-07-31
446835,117290,-80.0,280,107,12:31:08,2012-07-31
446840,117295,-81.0,280,107,12:31:10,2012-07-31
446850,117300,-83.400002,280,107,12:31:12,2012-07-31
450480,121065,-60.25,280,107,15:07:58,2012-07-27
450485,121065,-60.0,280,107,15:07:57,2012-07-27
450490,121065,-57.42857,280,107,15:07:56,2012-07-27
450495,121065,-54.0,280,107,15:07:29,2012-07-27
449725,121485,-61.0,280,107,12:48:30,2012-07-30
449735,121495,-61.0,280,107,12:48:31,2012-07-30
449740,121500,-61.0,280,107,12:48:32,2012-07-30
449740,121510,-61.0,280,107,12:48:33,2012-07-30
449750,121515,-61.0,280,107,12:48:35,2012-07-30
449750,121520,-54.5,280,107,12:48:37,2012-07-30
449755,121525,-49.0,280,107,12:48:38,2012-07-30
449760,121530,-49.333332,280,107,12:48:39,2012-07-30
449770,121540,-50.0,280,107,12:48:40,2012-07-30
449775,121545,-50.666668,280,107,12:48:40,2012-07-30
449785,121550,-52.666668,280,107,12:48:42,2012-07-30
449795,121560,-53.333332,280,107,12:48:43,2012-07-30
449805,121570,-53.0,280,107,12:48:45,2012-07-30
449810,121575,-56.0,280,107,12:48:45,2012-07-30
449815,121580,-56.5,280,107,12:48:46,2012-07-30
449820,121585,-58.0,280,107,12:48:47,2012-07-30
449825,121590,-58.666668,280,107,12:48:47,2012-07-30
449830,121595,-60.0,280,107,12:48:48,2012-07-30
449835,121600,-60.5,280,107,12:48:49,2012-07-30
449840,121605,-62.0,280,107,12:48:49,2012-07-30
449845,121605,-62.0,280,107,12:48:50,2012-07-30
449845,121610,-62.42857,280,107,12:48:50,2012-07-30
449855,121615,-63.0,280,107,12:48:51,2012-07-30
449855,121620,-62.75,280,107,12:48:52,2012-07-30
449860,121620,-62.0,280,107,12:48:52,2012-07-30
449865,121625,-61.75,280,107,12:48:53,2012-07-30
449870,121630,-61.0,280,107,12:48:54,2012-07-30
449875,121630,-60.799999,280,107,12:48:54,2012-07-30
449880,121635,-59.75,280,107,12:48:56,2012-07-30
449885,121635,-59.400002,280,107,12:48:57,2012-07-30
449890,121635,-60.090908,280,107,12:48:59,2012-07-30
449895,121635,-62.0,280,107,12:49:03,2012-07-30
449895,121640,-62.0,280,107,12:49:03,2012-07-30
449900,121640,-61.666668,280,107,12:49:04,2012-07-30
449905,121650,-60.75,280,107,12:49:06,2012-07-30
449910,121650,-60.0,280,107,12:49:06,2012-07-30
449910,121655,-60.0,280,107,12:49:07,2012-07-30
449915,121660,-59.0,280,107,12:49:09,2012-07-30
449920,121665,-60.0,280,107,12:49:08,2012-07-30
449920,121670,-57.666668,280,107,12:49:10,2012-07-30
449935,121690,-57.0,280,107,12:49:11,2012-07-30
449945,121700,-57.0,280,107,12:49:13,2012-07-30
449950,121705,-56.666668,280,107,12:49:14,2012-07-30
450900,121710,-57.0,280,107,17:03:11,2012-07-31
449955,121715,-56.0,280,107,12:49:15,2012-07-30
449960,121725,-57.5,280,107,12:49:16,2012-07-30
450895,121725,-57.0,280,107,17:03:12,2012-07-31
449965,121735,-58.5,280,107,12:49:17,2012-07-30
450895,121735,-57.0,280,107,17:03:13,2012-07-31
449970,121740,-58.0,280,107,12:49:19,2012-07-30
450895,121740,-57.0,280,107,17:03:14,2012-07-31
450890,121750,-57.0,280,107,17:03:15,2012-07-31
449975,121755,-58.0,280,107,12:49:19,2012-07-30
450890,121760,-57.0,280,107,17:03:16,2012-07-31
449980,121765,-58.0,280,107,12:49:20,2012-07-30
450890,121770,-53.5,280,107,17:03:16,2012-07-31
449985,121775,-58.0,280,107,12:49:21,2012-07-30
450885,121780,-44.0,280,107,17:03:18,2012-07-31
449990,121785,-57.0,280,107,12:49:23,2012-07-30
450885,121790,-45.25,280,107,17:03:19,2012-07-31
449990,121800,-53.0,280,107,12:49:23,2012-07-30
450885,121800,-46.666668,280,107,17:03:21,2012-07-31
449995,121805,-52.666668,280,107,12:49:24,2012-07-30
449995,121810,-52.0,280,107,12:49:25,2012-07-30
450885,121810,-48.799999,280,107,17:03:21,2012-07-31
450895,121815,-52.666668,280,107,17:03:23,2012-07-31
450000,121820,-52.666668,280,107,12:49:26,2012-07-30
450895,121820,-54.0,280,107,17:03:24,2012-07-31
450900,121820,-54.5,280,107,17:03:25,2012-07-31
450915,121820,-56.5,280,107,17:03:26,2012-07-31
450920,121820,-58.0,280,107,17:03:27,2012-07-31
450930,121825,-58.0,280,107,17:03:28,2012-07-31
450940,121825,-57.0,280,107,17:03:29,2012-07-31
450000,121830,-53.5,280,107,12:49:27,2012-07-30
450980,121830,-53.0,280,107,17:03:33,2012-07-31
450985,121835,-53.333332,280,107,17:03:33,2012-07-31
450000,121840,-52.0,280,107,12:49:28,2012-07-30
451005,121840,-54.0,280,107,17:03:36,2012-07-31
450000,121845,-51.666668,280,107,12:49:28,2012-07-30
451030,121845,-54.0,280,107,17:03:37,2012-07-31
450000,121855,-50.666668,280,107,12:49:30,2012-07-30
450005,121860,-52.933334,280,107,12:58:10,2012-07-30
450010,121860,-50.0,280,107,12:58:13,2012-07-30
450005,121865,-56.0,280,107,12:58:06,2012-07-30
450000,121870,-56.0,280,107,12:58:06,2012-07-30
450015,121870,-49.666668,280,107,12:58:14,2012-07-30
449995,121875,-49.666668,280,107,12:49:31,2012-07-30
450000,121875,-56.0,280,107,12:58:05,2012-07-30
450015,121875,-49.0,280,107,12:58:15,2012-07-30
449845,121880,-57.0,280,107,12:50:18,2012-07-30
450000,121880,-54.666668,280,107,12:58:05,2012-07-30
449845,121885,-57.0,280,107,12:50:20,2012-07-30
449855,121885,-60.333332,280,107,12:50:17,2012-07-30
449995,121885,-48.0,280,107,12:49:33,2012-07-30
450000,121885,-54.0,280,107,12:58:04,2012-07-30
450015,121885,-49.285713,280,107,12:58:16,2012-07-30
449850,121890,-56.75,280,107,12:50:21,2012-07-30
450000,121890,-50.666668,280,107,12:58:03,2012-07-30
449850,121895,-56.0,280,107,12:50:22,2012-07-30
449860,121895,-59.333332,280,107,12:50:16,2012-07-30
450015,121895,-51.0,280,107,12:58:18,2012-07-30
449855,121900,-55.599998,280,107,12:50:23,2012-07-30
449860,121900,-55.0,280,107,12:50:24,2012-07-30
449870,121900,-54.0,280,107,12:57:16,2012-07-30
449995,121900,-46.333332,280,107,12:49:34,2012-07-30
450005,121900,-48.333332,280,107,12:58:02,2012-07-30
449870,121905,-56.125,280,107,12:57:17,2012-07-30
449995,121905,-47.0,280,107,12:49:35,2012-07-30
450020,121905,-51.0,280,107,12:58:19,2012-07-30
449860,121910,-55.0,280,107,12:50:25,2012-07-30
449875,121910,-54.0,280,107,12:57:17,2012-07-30
449865,121915,-56.0,280,107,12:50:26,2012-07-30
449880,121915,-54.0,280,107,12:57:18,2012-07-30
449995,121915,-46.75,280,107,12:49:35,2012-07-30
450005,121915,-48.0,280,107,12:58:00,2012-07-30
449865,121920,-56.0,280,107,12:50:26,2012-07-30
449880,121925,-52.375,280,107,12:50:11,2012-07-30
449885,121925,-54.0,280,107,12:57:19,2012-07-30
449995,121925,-46.0,280,107,12:49:36,2012-07-30
450005,121925,-47.5,280,107,12:57:59,2012-07-30
450020,121925,-50.666668,280,107,12:58:20,2012-07-30
449890,121930,-54.0,280,107,12:57:19,2012-07-30
450005,121930,-47.0,280,107,12:57:59,2012-07-30
449865,121935,-56.25,280,107,12:50:28,2012-07-30
449885,121935,-49.0,280,107,12:50:11,2012-07-30
449890,121935,-54.0,280,107,12:57:19,2012-07-30
449990,121935,-46.5,280,107,12:49:37,2012-07-30
450005,121935,-47.0,280,107,12:57:58,2012-07-30
450020,121935,-49.666668,280,107,12:58:22,2012-07-30
449865,121940,-57.0,280,107,12:50:30,2012-07-30
449895,121940,-54.0,280,107,12:57:20,2012-07-30
450005,121940,-47.0,280,107,12:57:58,2012-07-30
449890,121945,-49.0,280,107,12:50:10,2012-07-30
449895,121945,-54.0,280,107,12:57:20,2012-07-30
450005,121945,-47.599998,280,107,12:57:58,2012-07-30
449895,121950,-54.0,280,107,12:57:21,2012-07-30
449980,121950,-48.333332,280,107,12:49:38,2012-07-30
450010,121950,-48.0,280,107,12:57:57,2012-07-30
450020,121950,-49.0,280,107,12:58:23,2012-07-30
449865,121955,-57.0,280,107,12:50:31,2012-07-30
449890,121955,-49.0,280,107,12:50:09,2012-07-30
450020,121960,-48.666668,280,107,12:58:24,2012-07-30
449865,121965,-56.333332,280,107,12:50:33,2012-07-30
450010,121965,-48.0,280,107,12:57:56,2012-07-30
449865,121970,-55.0,280,107,12:50:33,2012-07-30
449905,121970,-54.5,280,107,12:57:22,2012-07-30
449975,121970,-49.666668,280,107,12:49:40,2012-07-30
449865,121975,-54.666668,280,107,12:50:34,2012-07-30
449895,121975,-49.0,280,107,12:50:07,2012-07-30
449910,121975,-55.0,280,107,12:57:23,2012-07-30
449970,121975,-51.0,280,107,12:49:40,2012-07-30
450010,121975,-48.0,280,107,12:57:55,2012-07-30
450020,121975,-48.0,280,107,12:58:25,2012-07-30
449860,121980,-54.0,280,107,12:50:35,2012-07-30
449900,121980,-49.0,280,107,12:50:07,2012-07-30
449910,121980,-55.0,280,107,12:57:23,2012-07-30
449965,121985,-51.200001,280,107,12:49:41,2012-07-30
450010,121985,-50.25,280,107,12:57:55,2012-07-30
450020,121985,-48.0,280,107,12:58:26,2012-07-30
449860,121990,-54.0,280,107,12:50:35,2012-07-30
449915,121990,-54.333332,280,107,12:57:24,2012-07-30
449965,121990,-52.0,280,107,12:49:41,2012-07-30
450015,121990,-48.0,280,107,12:58:27,2012-07-30
449855,121995,-54.0,280,107,12:50:36,2012-07-30
449960,121995,-52.0,280,107,12:49:42,2012-07-30
449855,122000,-54.25,280,107,12:50:37,2012-07-30
449960,122000,-52.0,280,107,12:49:42,2012-07-30
450005,122000,-51.666668,280,107,12:57:53,2012-07-30
450015,122000,-48.200001,280,107,12:58:27,2012-07-30
449920,122005,-53.0,280,107,12:57:25,2012-07-30
449850,122010,-55.0,280,107,12:50:38,2012-07-30
449920,122010,-53.599998,280,107,12:57:25,2012-07-30
449955,122010,-52.666668,280,107,12:49:42,2012-07-30
450000,122010,-51.333332,280,107,12:57:52,2012-07-30
449845,122015,-55.25,280,107,12:50:38,2012-07-30
450015,122020,-49.0,280,107,12:58:29,2012-07-30
449915,122025,-54.0,280,107,12:57:26,2012-07-30
449835,122030,-57.0,280,107,12:50:40,2012-07-30
449915,122030,-54.0,280,107,12:57:27,2012-07-30
449995,122030,-51.0,280,107,12:57:50,2012-07-30
450015,122030,-50.0,280,107,12:58:30,2012-07-30
449915,122045,-52.857143,280,107,12:57:28,2012-07-30
449985,122045,-51.666668,280,107,12:57:49,2012-07-30
450015,122045,-51.166668,280,107,12:58:33,2012-07-30
449815,122055,-62.333332,280,107,12:50:42,2012-07-30
449915,122055,-51.599998,280,107,12:57:29,2012-07-30
449975,122065,-52.0,280,107,12:57:48,2012-07-30
449800,122070,-63.0,280,107,12:50:44,2012-07-30
450015,122070,-50.400002,280,107,12:58:34,2012-07-30
449970,122075,-52.0,280,107,12:57:46,2012-07-30
449915,122080,-51.0,280,107,12:57:30,2012-07-30
449960,122085,-51.333332,280,107,12:57:45,2012-07-30
450015,122090,-51.333332,280,107,12:58:36,2012-07-30
449955,122095,-51.0,280,107,12:57:44,2012-07-30
449790,122100,-63.333332,280,107,12:50:47,2012-07-30
450010,122100,-51.5,280,107,12:58:37,2012-07-30
449910,122105,-49.0,280,107,12:57:32,2012-07-30
449945,122105,-51.0,280,107,12:57:43,2012-07-30
449785,122110,-61.0,280,107,12:50:48,2012-07-30
449910,122110,-49.0,280,107,12:57:33,2012-07-30
449940,122110,-49.75,280,107,12:57:40,2012-07-30
450010,122110,-50.0,280,107,12:58:38,2012-07-30
449785,122120,-59.0,280,107,12:50:50,2012-07-30
449910,122120,-48.666668,280,107,12:57:34,2012-07-30
449915,122120,-47.666668,280,107,12:57:35,2012-07-30
450010,122120,-50.75,280,107,12:58:38,2012-07-30
449785,122125,-59.0,280,107,12:50:49,2012-07-30
449930,122125,-47.666668,280,107,12:57:38,2012-07-30
449920,122130,-47.0,280,107,12:57:36,2012-07-30
450010,122130,-53.0,280,107,12:58:39,2012-07-30
449785,122135,-59.333332,280,107,12:50:51,2012-07-30
449785,122140,-60.0,280,107,12:50:52,2012-07-30
450005,122145,-53.0,280,107,12:58:41,2012-07-30
449785,122150,-60.0,280,107,12:50:53,2012-07-30
450005,122150,-53.666668,280,107,12:58:43,2012-07-30
449785,122155,-60.0,280,107,12:50:54,2012-07-30
450010,122160,-55.0,280,107,12:58:43,2012-07-30
450010,122165,-55.0,280,107,12:58:45,2012-07-30
449785,122170,-60.333332,280,107,12:50:55,2012-07-30
450015,122170,-56.0,280,107,12:58:47,2012-07-30
450015,122175,-58.0,280,107,12:58:47,2012-07-30
450020,122175,-58.400002,280,107,12:58:48,2012-07-30
450025,122180,-58.333332,280,107,12:58:50,2012-07-30
449780,122185,-61.0,280,107,12:50:57,2012-07-30
450030,122185,-56.666668,280,107,12:58:51,2012-07-30
449780,122190,-61.333332,280,107,12:50:58,2012-07-30
450030,122200,-55.666668,280,107,12:58:53,2012-07-30
449770,122205,-62.333332,280,107,12:50:59,2012-07-30
450030,122205,-54.666668,280,107,12:58:54,2012-07-30
449765,122210,-63.0,280,107,12:51:00,2012-07-30
450655,122210,-51.0,280,107,16:56:04,2012-07-31
450025,122215,-54.5,280,107,12:58:55,2012-07-30
450650,122215,-51.0,280,107,16:56:03,2012-07-31
450025,122220,-56.0,280,107,12:58:56,2012-07-30
450650,122220,-49.666668,280,107,16:56:02,2012-07-31
449740,122225,-63.42857,280,107,12:51:04,2012-07-30
449750,122225,-64.0,280,107,12:51:03,2012-07-30
449760,122225,-63.200001,280,107,12:51:01,2012-07-30
450025,122225,-59.75,280,107,12:58:57,2012-07-30
450025,122230,-61.0,280,107,12:58:58,2012-07-30
450645,122230,-49.0,280,107,16:56:02,2012-07-31
450020,122235,-60.666668,280,107,12:59:00,2012-07-30
450645,122235,-49.0,280,107,16:56:01,2012-07-31
450020,122245,-61.5,280,107,12:59:01,2012-07-30
450640,122245,-48.25,280,107,16:56:00,2012-07-31
450020,122250,-62.272728,280,107,12:59:02,2012-07-30
450635,122250,-48.0,280,107,16:55:59,2012-07-31
450635,122255,-48.0,280,107,16:55:59,2012-07-31
450630,122260,-47.333332,280,107,16:55:58,2012-07-31
450625,122270,-46.400002,280,107,16:55:57,2012-07-31
450630,122270,-47.0,280,107,16:55:58,2012-07-31
450625,122275,-46.0,280,107,16:55:56,2012-07-31
450620,122280,-46.0,280,107,16:55:56,2012-07-31
450620,122285,-48.0,280,107,16:55:56,2012-07-31
450615,122300,-49.666668,280,107,16:55:54,2012-07-31
450615,122310,-50.599998,280,107,16:55:53,2012-07-31
450610,122325,-51.0,280,107,16:55:51,2012-07-31
450605,122340,-53.0,280,107,16:55:50,2012-07-31
450605,122355,-54.666668,280,107,16:55:49,2012-07-31
450600,122380,-55.666668,280,107,16:55:47,2012-07-31
450595,122390,-56.0,280,107,16:55:46,2012-07-31
450595,122395,-56.0,280,107,16:55:45,2012-07-31
450590,122405,-56.0,280,107,16:55:43,2012-07-31
450590,122415,-56.0,280,107,16:55:43,2012-07-31
450585,122420,-56.0,280,107,16:55:42,2012-07-31
