441280,127720,-92.0,1291,124,16:44:56,2012-07-27
441275,127725,-92.0,1291,124,16:44:57,2012-07-27
441075,127730,-89.0,1291,124,16:45:16,2012-07-27
441255,127730,-92.0,1291,124,16:44:59,2012-07-27
441265,127730,-92.0,1291,124,16:44:58,2012-07-27
441245,127735,-92.0,1291,124,16:45:00,2012-07-27
441095,127740,-89.666664,1291,124,16:45:16,2012-07-27
441105,127740,-89.25,1291,124,16:45:14,2012-07-27
441115,127745,-87.0,1291,124,16:45:13,2012-07-27
441125,127745,-87.0,1291,124,16:45:12,2012-07-27
441230,127745,-89.0,1291,124,16:45:02,2012-07-27
441135,127750,-87.0,1291,124,16:45:11,2012-07-27
441150,127750,-86.199997,1291,124,16:45:10,2012-07-27
441205,127750,-86.0,1291,124,16:45:05,2012-07-27
441215,127750,-86.0,1291,124,16:45:05,2012-07-27
441220,127750,-86.0,1291,124,16:45:03,2012-07-27
441160,127755,-83.0,1291,124,16:45:09,2012-07-27
441170,127755,-83.0,1291,124,16:45:08,2012-07-27
441175,127755,-83.75,1291,124,16:45:07,2012-07-27
441190,127755,-84.0,1291,124,16:45:06,2012-07-27
441460,127825,-99.545456,1291,124,16:34:39,2012-07-27
442700,127830,-72.0,1291,124,17:12:58,2012-07-27
442710,127830,-72.0,1291,124,17:12:58,2012-07-27
442685,127835,-72.0,1291,124,17:13:01,2012-07-27
441465,127840,-99.5,1291,124,16:34:38,2012-07-27
442665,127840,-72.0,1291,124,17:13:02,2012-07-27
442675,127840,-72.0,1291,124,17:13:01,2012-07-27
442570,127845,-81.0,1291,124,17:13:11,2012-07-27
442575,127845,-80.0,1291,124,17:13:10,2012-07-27
442580,127845,-79.0,1291,124,17:13:10,2012-07-27
442590,127845,-77.666664,1291,124,17:13:09,2012-07-27
442595,127845,-77.0,1291,124,17:13:08,2012-07-27
442605,127845,-75.599998,1291,124,17:13:07,2012-07-27
442620,127845,-73.800003,1291,124,17:13:06,2012-07-27
442630,127845,-73.0,1291,124,17:13:05,2012-07-27
442640,127845,-72.199997,1291,124,17:13:04,2012-07-27
442650,127845,-72.0,1291,124,17:13:03,2012-07-27
441475,127850,-99.5,1291,124,16:34:36,2012-07-27
442550,127850,-83.5,1291,124,17:13:13,2012-07-27
442555,127850,-83.0,1291,124,17:13:13,2012-07-27
442560,127850,-83.0,1291,124,17:13:12,2012-07-27
442565,127850,-81.666664,1291,124,17:13:12,2012-07-27
442570,127850,-81.0,1291,124,17:13:11,2012-07-27
441475,127855,-99.0,1291,124,16:34:36,2012-07-27
441480,127855,-99.0,1291,124,16:34:36,2012-07-27
441480,127860,-99.0,1291,124,16:34:35,2012-07-27
453780,127860,-79.0,1291,124,13:58:23,2012-07-31
453790,127860,-79.0,1291,124,13:58:22,2012-07-31
453795,127860,-79.0,1291,124,13:58:21,2012-07-31
441485,127865,-99.0,1291,124,16:34:35,2012-07-27
453720,127865,-86.0,1291,124,13:58:27,2012-07-31
453730,127865,-80.400002,1291,124,13:58:27,2012-07-31
453735,127865,-79.0,1291,124,13:58:26,2012-07-31
453740,127865,-79.0,1291,124,13:58:26,2012-07-31
453745,127865,-79.0,1291,124,13:58:25,2012-07-31
453750,127865,-79.0,1291,124,13:58:25,2012-07-31
453755,127865,-79.0,1291,124,13:58:25,2012-07-31
453760,127865,-79.0,1291,124,13:58:24,2012-07-31
453770,127865,-79.0,1291,124,13:58:23,2012-07-31
453775,127865,-79.0,1291,124,13:58:23,2012-07-31
441485,127870,-99.0,1291,124,16:34:35,2012-07-27
441490,127870,-99.0,1291,124,16:34:35,2012-07-27
453710,127870,-86.25,1291,124,13:58:28,2012-07-31
453715,127870,-86.0,1291,124,13:58:28,2012-07-31
453720,127870,-86.0,1291,124,13:58:27,2012-07-31
441495,127875,-98.25,1291,124,16:34:34,2012-07-27
453695,127875,-87.0,1291,124,13:58:30,2012-07-31
453680,127880,-86.75,1291,124,13:58:31,2012-07-31
453690,127880,-87.0,1291,124,13:58:30,2012-07-31
441500,127885,-98.0,1291,124,16:34:33,2012-07-27
453665,127885,-86.0,1291,124,13:58:32,2012-07-31
441505,127890,-96.666664,1291,124,16:34:33,2012-07-27
453650,127890,-86.0,1291,124,13:58:33,2012-07-31
453660,127890,-86.0,1291,124,13:58:32,2012-07-31
441510,127895,-96.0,1291,124,16:34:32,2012-07-27
453620,127895,-86.25,1291,124,13:58:36,2012-07-31
453640,127895,-86.0,1291,124,13:58:35,2012-07-31
441510,127900,-96.0,1291,124,16:34:32,2012-07-27
441515,127900,-96.0,1291,124,16:34:31,2012-07-27
441550,127900,-95.0,1291,124,16:48:41,2012-07-27
453590,127900,-87.666664,1291,124,13:58:38,2012-07-31
441515,127905,-96.0,1291,124,16:34:31,2012-07-27
441555,127905,-95.0,1291,124,16:48:42,2012-07-27
453555,127910,-91.333336,1291,124,13:58:41,2012-07-31
453570,127910,-89.666664,1291,124,13:58:40,2012-07-31
453540,127915,-92.0,1291,124,13:58:41,2012-07-31
441520,127920,-96.0,1291,124,16:34:30,2012-07-27
441565,127920,-95.0,1291,124,16:48:43,2012-07-27
453530,127920,-92.0,1291,124,13:58:42,2012-07-31
441525,127925,-96.0,1291,124,16:34:29,2012-07-27
441565,127925,-95.0,1291,124,16:48:44,2012-07-27
441525,127935,-96.0,1291,124,16:34:28,2012-07-27
441570,127935,-95.0,1291,124,16:48:45,2012-07-27
441530,127950,-96.0,1291,124,16:34:27,2012-07-27
441530,127955,-96.0,1291,124,16:34:26,2012-07-27
441575,127955,-95.0,1291,124,16:48:47,2012-07-27
442425,127955,-67.0,1291,124,17:13:32,2012-07-27
441530,127960,-96.75,1291,124,16:34:26,2012-07-27
441575,127965,-93.285713,1291,124,16:48:48,2012-07-27
442420,127965,-67.0,1291,124,17:13:33,2012-07-27
441530,127970,-97.0,1291,124,16:34:25,2012-07-27
441530,127975,-96.333336,1291,124,16:34:24,2012-07-27
441570,127980,-91.0,1291,124,16:48:49,2012-07-27
442410,127980,-67.0,1291,124,17:13:35,2012-07-27
441530,127985,-96.0,1291,124,16:34:23,2012-07-27
441525,127990,-96.0,1291,124,16:34:23,2012-07-27
441565,127990,-91.333336,1291,124,16:48:50,2012-07-27
442405,127990,-67.0,1291,124,17:13:36,2012-07-27
441520,127995,-96.0,1291,124,16:34:22,2012-07-27
442395,127995,-69.222221,1291,124,17:13:37,2012-07-27
441520,128000,-95.333336,1291,124,16:34:21,2012-07-27
441560,128000,-92.0,1291,124,16:48:51,2012-07-27
442385,128005,-72.0,1291,124,17:13:38,2012-07-27
441515,128010,-95.0,1291,124,16:34:21,2012-07-27
442375,128010,-71.599998,1291,124,17:13:40,2012-07-27
441510,128015,-94.25,1291,124,16:34:20,2012-07-27
441545,128020,-92.666664,1291,124,16:48:53,2012-07-27
442345,128025,-69.400002,1291,124,17:13:41,2012-07-27
442350,128025,-70.0,1291,124,17:13:40,2012-07-27
441500,128035,-94.0,1291,124,16:34:18,2012-07-27
441535,128035,-94.0,1291,124,16:48:54,2012-07-27
442330,128035,-69.5,1291,124,17:13:43,2012-07-27
441495,128040,-94.0,1291,124,16:34:18,2012-07-27
442315,128040,-71.166664,1291,124,17:13:44,2012-07-27
442305,128045,-72.333336,1291,124,17:13:46,2012-07-27
441495,128050,-94.0,1291,124,16:34:17,2012-07-27
441530,128050,-94.333336,1291,124,16:48:56,2012-07-27
442290,128050,-73.0,1291,124,17:13:46,2012-07-27
442275,128055,-73.75,1291,124,17:13:47,2012-07-27
442265,128060,-76.0,1291,124,17:13:48,2012-07-27
441490,128065,-94.0,1291,124,16:34:16,2012-07-27
441530,128065,-95.333336,1291,124,16:48:57,2012-07-27
442250,128065,-76.0,1291,124,17:13:49,2012-07-27
441490,128070,-94.0,1291,124,16:34:15,2012-07-27
441530,128070,-96.0,1291,124,16:48:58,2012-07-27
442225,128070,-72.5,1291,124,17:13:51,2012-07-27
442240,128070,-74.5,1291,124,17:13:50,2012-07-27
441495,128075,-92.5,1291,124,16:34:14,2012-07-27
442195,128080,-68.0,1291,124,17:13:53,2012-07-27
442205,128080,-70.25,1291,124,17:13:53,2012-07-27
441535,128085,-94.285713,1291,124,16:48:58,2012-07-27
442165,128085,-65.666664,1291,124,17:13:56,2012-07-27
442180,128085,-67.199997,1291,124,17:13:54,2012-07-27
442135,128090,-64.0,1291,124,17:13:58,2012-07-27
442150,128090,-64.75,1291,124,17:13:57,2012-07-27
441500,128095,-92.75,1291,124,16:34:13,2012-07-27
442110,128095,-64.0,1291,124,17:14:00,2012-07-27
442120,128095,-64.0,1291,124,17:13:58,2012-07-27
441540,128100,-92.25,1291,124,16:49:00,2012-07-27
442080,128100,-64.0,1291,124,17:14:01,2012-07-27
441500,128105,-93.0,1291,124,16:34:12,2012-07-27
441540,128105,-89.5,1291,124,16:49:01,2012-07-27
442055,128105,-65.0,1291,124,17:14:03,2012-07-27
442035,128110,-69.0,1291,124,17:14:04,2012-07-27
442045,128110,-68.0,1291,124,17:14:03,2012-07-27
441500,128115,-93.0,1291,124,16:34:11,2012-07-27
441720,128115,-89.0,1291,124,16:33:44,2012-07-27
441725,128115,-89.0,1291,124,16:33:43,2012-07-27
442010,128115,-72.0,1291,124,17:14:05,2012-07-27
442025,128115,-71.0,1291,124,17:14:05,2012-07-27
441980,128120,-76.0,1291,124,17:14:08,2012-07-27
441985,128120,-76.0,1291,124,17:14:07,2012-07-27
441990,128120,-76.0,1291,124,17:14:07,2012-07-27
441995,128120,-75.5,1291,124,17:14:07,2012-07-27
441505,128125,-92.25,1291,124,16:34:10,2012-07-27
441705,128125,-89.0,1291,124,16:33:45,2012-07-27
441965,128125,-78.0,1291,124,17:14:09,2012-07-27
441970,128125,-78.0,1291,124,17:14:08,2012-07-27
441975,128125,-76.5,1291,124,17:14:08,2012-07-27
441505,128130,-92.0,1291,124,16:34:10,2012-07-27
441545,128130,-87.0,1291,124,16:49:03,2012-07-27
441700,128130,-89.0,1291,124,16:33:45,2012-07-27
441940,128130,-78.0,1291,124,17:14:10,2012-07-27
441945,128130,-78.0,1291,124,17:14:10,2012-07-27
441955,128130,-78.0,1291,124,17:14:09,2012-07-27
441505,128135,-92.0,1291,124,16:34:09,2012-07-27
441695,128135,-89.0,1291,124,16:33:45,2012-07-27
441925,128135,-76.0,1291,124,17:14:12,2012-07-27
441935,128135,-77.333336,1291,124,17:14:11,2012-07-27
441940,128135,-78.0,1291,124,17:14:11,2012-07-27
441510,128140,-92.0,1291,124,16:34:09,2012-07-27
441690,128140,-89.0,1291,124,16:33:46,2012-07-27
441910,128140,-76.0,1291,124,17:14:13,2012-07-27
441915,128140,-76.0,1291,124,17:14:12,2012-07-27
441510,128150,-92.0,1291,124,16:34:08,2012-07-27
441675,128150,-89.0,1291,124,16:33:47,2012-07-27
441890,128150,-76.333336,1291,124,17:14:14,2012-07-27
441510,128155,-92.0,1291,124,16:34:08,2012-07-27
441555,128155,-86.599998,1291,124,16:49:04,2012-07-27
441665,128155,-88.75,1291,124,16:33:49,2012-07-27
441875,128155,-77.0,1291,124,17:14:15,2012-07-27
443695,128155,-91.0,1291,124,16:15:48,2012-07-27
443700,128155,-91.0,1291,124,16:15:46,2012-07-27
441515,128160,-92.0,1291,124,16:34:07,2012-07-27
441865,128160,-77.0,1291,124,17:14:16,2012-07-27
443685,128160,-89.599998,1291,124,16:15:49,2012-07-27
443720,128160,-91.0,1291,124,16:15:45,2012-07-27
443770,128160,-83.0,1291,124,18:10:09,2012-07-27
441515,128165,-92.0,1291,124,16:34:07,2012-07-27
441555,128165,-86.0,1291,124,16:49:05,2012-07-27
441860,128165,-76.0,1291,124,17:14:17,2012-07-27
443730,128165,-91.0,1291,124,16:15:44,2012-07-27
441850,128170,-73.0,1291,124,17:14:18,2012-07-27
443740,128170,-91.0,1291,124,16:15:44,2012-07-27
441560,128175,-86.0,1291,124,16:49:06,2012-07-27
441640,128175,-88.0,1291,124,16:33:50,2012-07-27
441840,128175,-73.25,1291,124,17:14:18,2012-07-27
443665,128175,-85.0,1291,124,16:15:51,2012-07-27
443745,128175,-91.0,1291,124,16:15:42,2012-07-27
443790,128175,-83.0,1291,124,18:10:10,2012-07-27
441625,128180,-88.0,1291,124,16:33:52,2012-07-27
441830,128180,-74.0,1291,124,17:14:19,2012-07-27
441520,128185,-91.222221,1291,124,16:34:05,2012-07-27
441560,128185,-86.0,1291,124,16:49:07,2012-07-27
441825,128185,-73.5,1291,124,17:14:20,2012-07-27
443660,128185,-86.0,1291,124,16:15:52,2012-07-27
443795,128185,-83.0,1291,124,18:10:12,2012-07-27
441615,128190,-88.0,1291,124,16:33:52,2012-07-27
443585,128190,-82.25,1291,124,16:16:02,2012-07-27
443595,128190,-83.5,1291,124,16:16:00,2012-07-27
443600,128190,-84.0,1291,124,16:16:00,2012-07-27
441520,128195,-90.0,1291,124,16:34:04,2012-07-27
441560,128195,-86.571426,1291,124,16:49:08,2012-07-27
441610,128195,-87.0,1291,124,16:33:53,2012-07-27
441810,128195,-72.0,1291,124,17:14:20,2012-07-27
443575,128195,-80.0,1291,124,16:16:03,2012-07-27
443760,128195,-91.0,1291,124,16:15:42,2012-07-27
441555,128200,-87.400002,1291,124,16:49:10,2012-07-27
441800,128200,-72.0,1291,124,17:14:21,2012-07-27
443615,128200,-85.25,1291,124,16:15:59,2012-07-27
443650,128200,-86.666664,1291,124,16:15:53,2012-07-27
441545,128205,-89.199997,1291,124,16:49:11,2012-07-27
441595,128205,-86.0,1291,124,16:33:54,2012-07-27
443570,128205,-80.666664,1291,124,16:16:03,2012-07-27
443625,128205,-86.0,1291,124,16:15:57,2012-07-27
443645,128205,-88.0,1291,124,16:15:54,2012-07-27
443805,128205,-83.0,1291,124,18:10:12,2012-07-27
441535,128210,-89.0,1291,124,16:34:02,2012-07-27
441540,128210,-90.285713,1291,124,16:49:12,2012-07-27
441790,128210,-72.0,1291,124,17:14:22,2012-07-27
441525,128215,-91.0,1291,124,16:49:13,2012-07-27
441540,128215,-88.333336,1291,124,16:34:02,2012-07-27
441545,128215,-87.25,1291,124,16:34:00,2012-07-27
441575,128215,-87.0,1291,124,16:33:57,2012-07-27
441585,128215,-86.199997,1291,124,16:33:55,2012-07-27
441780,128215,-71.5,1291,124,17:14:22,2012-07-27
443565,128215,-82.272728,1291,124,16:16:04,2012-07-27
443810,128215,-83.0,1291,124,18:10:13,2012-07-27
441515,128220,-91.0,1291,124,16:49:14,2012-07-27
441520,128220,-91.0,1291,124,16:49:14,2012-07-27
441550,128220,-87.0,1291,124,16:33:59,2012-07-27
441555,128220,-87.0,1291,124,16:33:59,2012-07-27
441575,128220,-87.0,1291,124,16:33:57,2012-07-27
441770,128220,-70.0,1291,124,17:14:23,2012-07-27
443810,128220,-83.0,1291,124,18:10:14,2012-07-27
441510,128225,-91.333336,1291,124,16:49:15,2012-07-27
441765,128225,-70.5,1291,124,17:14:24,2012-07-27
443805,128225,-83.0,1291,124,16:37:51,2012-07-31
441505,128230,-92.0,1291,124,16:49:16,2012-07-27
441760,128230,-72.0,1291,124,17:14:24,2012-07-27
441500,128235,-92.0,1291,124,16:49:17,2012-07-27
441750,128235,-71.75,1291,124,17:14:25,2012-07-27
443810,128235,-83.0,1291,124,16:37:52,2012-07-31
443815,128235,-83.0,1291,124,18:10:15,2012-07-27
441495,128240,-92.0,1291,124,16:49:18,2012-07-27
441500,128240,-92.0,1291,124,16:49:18,2012-07-27
441740,128240,-71.0,1291,124,17:14:26,2012-07-27
443810,128240,-83.0,1291,124,16:37:53,2012-07-31
441490,128245,-92.0,1291,124,16:49:19,2012-07-27
441495,128245,-92.0,1291,124,16:49:18,2012-07-27
443815,128245,-83.0,1291,124,16:37:53,2012-07-31
441490,128250,-92.0,1291,124,16:49:19,2012-07-27
441730,128250,-71.5,1291,124,17:14:27,2012-07-27
443825,128250,-83.0,1291,124,18:10:15,2012-07-27
441485,128255,-92.0,1291,124,16:49:20,2012-07-27
441725,128255,-73.0,1291,124,17:14:27,2012-07-27
443825,128255,-86.666664,1291,124,18:10:16,2012-07-27
443820,128260,-83.0,1291,124,16:37:54,2012-07-31
441715,128265,-72.599998,1291,124,17:14:28,2012-07-27
443830,128265,-94.0,1291,124,18:10:17,2012-07-27
443825,128270,-83.0,1291,124,16:37:54,2012-07-31
441705,128275,-72.25,1291,124,17:14:30,2012-07-27
443825,128275,-83.0,1291,124,16:37:55,2012-07-31
443835,128275,-94.0,1291,124,18:10:17,2012-07-27
443830,128285,-83.0,1291,124,16:37:56,2012-07-31
443845,128285,-94.25,1291,124,18:10:18,2012-07-27
441685,128290,-73.0,1291,124,17:14:31,2012-07-27
443835,128290,-83.0,1291,124,16:37:56,2012-07-31
443840,128295,-83.0,1291,124,16:37:57,2012-07-31
443925,128295,-92.800003,1291,124,18:10:26,2012-07-27
443930,128295,-92.0,1291,124,18:10:26,2012-07-27
443935,128295,-92.0,1291,124,18:10:26,2012-07-27
443945,128295,-91.599998,1291,124,18:10:27,2012-07-27
443950,128295,-91.0,1291,124,18:10:29,2012-07-27
441675,128300,-72.800003,1291,124,17:14:32,2012-07-27
443850,128300,-83.0,1291,124,16:37:58,2012-07-31
443865,128300,-95.0,1291,124,18:10:20,2012-07-27
443905,128300,-92.0,1291,124,18:10:24,2012-07-27
443910,128300,-92.199997,1291,124,18:10:24,2012-07-27
443915,128300,-93.0,1291,124,16:38:03,2012-07-31
443930,128300,-93.0,1291,124,16:38:04,2012-07-31
443935,128300,-92.75,1291,124,16:38:06,2012-07-31
443950,128300,-91.0,1291,124,18:10:28,2012-07-27
443855,128305,-83.0,1291,124,16:37:58,2012-07-31
443875,128305,-95.0,1291,124,18:10:21,2012-07-27
443885,128305,-94.75,1291,124,18:10:22,2012-07-27
443895,128305,-94.0,1291,124,18:10:22,2012-07-27
443895,128305,-93.800003,1291,124,16:38:01,2012-07-31
443900,128305,-93.333336,1291,124,18:10:23,2012-07-27
443900,128305,-93.0,1291,124,16:38:02,2012-07-31
443905,128305,-92.0,1291,124,18:10:24,2012-07-27
443905,128305,-93.0,1291,124,16:38:02,2012-07-31
443965,128305,-91.400002,1291,124,18:10:30,2012-07-27
441655,128310,-71.75,1291,124,17:14:34,2012-07-27
443875,128310,-85.75,1291,124,16:38:00,2012-07-31
443880,128310,-94.0,1291,124,16:38:00,2012-07-31
443885,128310,-94.0,1291,124,16:38:01,2012-07-31
443955,128315,-92.0,1291,124,16:38:07,2012-07-31
443980,128315,-92.0,1291,124,18:10:31,2012-07-27
443970,128325,-92.666664,1291,124,16:38:08,2012-07-31
443990,128325,-92.0,1291,124,18:10:32,2012-07-27
441635,128330,-71.0,1291,124,17:14:35,2012-07-27
443995,128335,-92.625,1291,124,18:10:33,2012-07-27
443980,128340,-94.111115,1291,124,16:38:09,2012-07-31
441620,128345,-70.666664,1291,124,17:14:37,2012-07-27
441615,128350,-70.0,1291,124,17:14:37,2012-07-27
444005,128350,-93.0,1291,124,18:10:34,2012-07-27
443990,128355,-95.0,1291,124,16:38:10,2012-07-31
444010,128355,-93.0,1291,124,18:10:35,2012-07-27
441605,128360,-70.375,1291,124,17:14:39,2012-07-27
444015,128360,-93.0,1291,124,18:10:36,2012-07-27
444000,128365,-95.5,1291,124,16:38:11,2012-07-31
444010,128380,-96.25,1291,124,16:38:13,2012-07-31
444025,128380,-93.0,1291,124,18:10:37,2012-07-27
441585,128385,-71.0,1291,124,17:14:41,2012-07-27
444020,128395,-97.0,1291,124,16:38:13,2012-07-31
444035,128395,-92.833336,1291,124,18:10:38,2012-07-27
441575,128400,-71.0,1291,124,17:14:42,2012-07-27
441565,128410,-71.0,1291,124,17:14:42,2012-07-27
444030,128410,-97.0,1291,124,16:38:14,2012-07-31
444045,128410,-92.0,1291,124,18:10:39,2012-07-27
441560,128415,-71.5,1291,124,17:14:44,2012-07-27
441540,128425,-73.285713,1291,124,17:14:45,2012-07-27
444045,128430,-96.199997,1291,124,16:38:16,2012-07-31
441520,128435,-75.0,1291,124,17:14:47,2012-07-27
441510,128440,-75.25,1291,124,17:14:48,2012-07-27
441505,128450,-76.25,1291,124,17:14:49,2012-07-27
441500,128455,-77.0,1291,124,17:14:50,2012-07-27
441490,128470,-77.5,1291,124,17:14:52,2012-07-27
441485,128475,-79.0,1291,124,17:14:53,2012-07-27
441475,128485,-79.400002,1291,124,17:14:54,2012-07-27
441480,128485,-79.0,1291,124,17:14:54,2012-07-27
441460,128510,-81.666664,1291,124,17:14:56,2012-07-27
441450,128515,-83.25,1291,124,17:14:58,2012-07-27
441445,128520,-84.0,1291,124,17:14:58,2012-07-27
441440,128525,-83.75,1291,124,17:14:59,2012-07-27
441435,128530,-83.0,1291,124,17:15:00,2012-07-27
441430,128535,-83.25,1291,124,17:15:01,2012-07-27
441420,128545,-84.0,1291,124,17:15:01,2012-07-27
441415,128550,-82.666664,1291,124,17:15:02,2012-07-27
441410,128555,-80.0,1291,124,17:15:03,2012-07-27
441405,128560,-79.0,1291,124,17:15:03,2012-07-27
441395,128570,-76.0,1291,124,17:15:04,2012-07-27
441390,128575,-75.5,1291,124,17:15:05,2012-07-27
441065,128585,-83.0,1291,124,16:49:51,2012-07-27
441045,128590,-83.0,1291,124,16:49:53,2012-07-27
441375,128590,-73.666664,1291,124,17:15:06,2012-07-27
441370,128595,-73.0,1291,124,17:15:07,2012-07-27
441025,128600,-83.0,1291,124,16:49:53,2012-07-27
441365,128600,-73.0,1291,124,17:15:07,2012-07-27
441015,128605,-83.0,1291,124,16:49:53,2012-07-27
441020,128605,-83.0,1291,124,16:49:53,2012-07-27
441360,128605,-73.0,1291,124,17:15:07,2012-07-27
441355,128610,-73.0,1291,124,17:15:08,2012-07-27
441000,128615,-83.0,1291,124,16:49:54,2012-07-27
441350,128615,-73.0,1291,124,17:15:09,2012-07-27
440995,128620,-83.0,1291,124,16:49:55,2012-07-27
441345,128620,-73.0,1291,124,17:15:10,2012-07-27
440985,128625,-83.0,1291,124,16:49:56,2012-07-27
440970,128635,-83.0,1291,124,16:49:56,2012-07-27
441330,128635,-72.333336,1291,124,17:15:10,2012-07-27
440955,128640,-84.25,1291,124,16:49:57,2012-07-27
441320,128645,-72.0,1291,124,17:15:12,2012-07-27
440930,128650,-88.25,1291,124,16:49:58,2012-07-27
440940,128650,-88.0,1291,124,16:49:58,2012-07-27
439110,128655,-73.0,1291,124,14:12:33,2012-07-30
440920,128655,-89.0,1291,124,16:49:59,2012-07-27
441310,128655,-71.5,1291,124,17:15:13,2012-07-27
439110,128660,-73.0,1291,124,14:12:34,2012-07-30
440905,128660,-89.0,1291,124,16:50:00,2012-07-27
440890,128665,-89.0,1291,124,16:50:00,2012-07-27
439105,128670,-73.0,1291,124,14:12:34,2012-07-30
440875,128670,-89.0,1291,124,16:50:01,2012-07-27
441295,128670,-70.0,1291,124,17:15:14,2012-07-27
439105,128675,-73.0,1291,124,14:12:35,2012-07-30
440850,128675,-88.5,1291,124,16:50:03,2012-07-27
440855,128675,-89.0,1291,124,16:50:02,2012-07-27
439105,128680,-73.0,1291,124,14:12:36,2012-07-30
440830,128680,-87.0,1291,124,16:50:03,2012-07-27
441290,128680,-70.0,1291,124,17:15:15,2012-07-27
440805,128685,-89.0,1291,124,16:50:05,2012-07-27
440815,128685,-87.5,1291,124,16:50:04,2012-07-27
439105,128690,-73.0,1291,124,14:12:37,2012-07-30
440780,128690,-90.0,1291,124,16:50:06,2012-07-27
440790,128690,-89.25,1291,124,16:50:05,2012-07-27
441280,128690,-69.599998,1291,124,17:15:16,2012-07-27
439100,128695,-73.0,1291,124,14:12:37,2012-07-30
440765,128695,-90.0,1291,124,16:50:07,2012-07-27
439100,128700,-73.0,1291,124,14:12:37,2012-07-30
440750,128700,-90.0,1291,124,16:50:08,2012-07-27
441270,128700,-69.0,1291,124,17:15:18,2012-07-27
439100,128705,-73.0,1291,124,14:12:38,2012-07-30
440735,128705,-90.0,1291,124,16:50:08,2012-07-27
441260,128705,-69.099998,1291,124,17:15:18,2012-07-27
439100,128710,-74.25,1291,124,14:12:39,2012-07-30
440710,128710,-90.5,1291,124,16:50:10,2012-07-27
440720,128710,-90.0,1291,124,16:50:09,2012-07-27
439100,128715,-78.0,1291,124,14:12:39,2012-07-30
440700,128715,-92.0,1291,124,16:50:10,2012-07-27
441250,128715,-70.0,1291,124,17:15:19,2012-07-27
439100,128720,-78.0,1291,124,14:12:39,2012-07-30
440685,128720,-91.75,1291,124,16:50:11,2012-07-27
441235,128720,-69.599998,1291,124,17:15:20,2012-07-27
439095,128725,-77.0,1291,124,14:12:40,2012-07-30
440680,128725,-91.0,1291,124,16:50:11,2012-07-27
441225,128725,-67.800003,1291,124,17:15:22,2012-07-27
439095,128730,-75.0,1291,124,14:12:41,2012-07-30
440675,128730,-91.0,1291,124,16:50:12,2012-07-27
440665,128735,-91.0,1291,124,16:50:12,2012-07-27
441210,128735,-65.800003,1291,124,17:15:23,2012-07-27
439095,128740,-75.0,1291,124,14:12:42,2012-07-30
440655,128740,-90.0,1291,124,16:50:13,2012-07-27
440660,128740,-90.333336,1291,124,16:50:13,2012-07-27
440650,128745,-90.0,1291,124,16:50:13,2012-07-27
441175,128745,-64.0,1291,124,17:15:25,2012-07-27
441190,128745,-64.5,1291,124,17:15:25,2012-07-27
439090,128750,-75.0,1291,124,14:12:43,2012-07-30
440645,128750,-90.0,1291,124,16:50:13,2012-07-27
439090,128755,-75.0,1291,124,14:12:44,2012-07-30
441145,128755,-66.0,1291,124,17:15:28,2012-07-27
441160,128755,-64.333336,1291,124,17:15:27,2012-07-27
441120,128760,-67.0,1291,124,17:15:30,2012-07-27
441130,128760,-66.333336,1291,124,17:15:28,2012-07-27
439090,128765,-75.0,1291,124,14:12:44,2012-07-30
441095,128765,-68.0,1291,124,17:15:32,2012-07-27
441105,128765,-67.25,1291,124,17:15:32,2012-07-27
441075,128770,-67.599998,1291,124,17:15:33,2012-07-27
439090,128775,-74.5,1291,124,14:12:46,2012-07-30
441060,128775,-66.0,1291,124,17:15:34,2012-07-27
439090,128780,-73.0,1291,124,14:12:46,2012-07-30
441050,128780,-64.0,1291,124,17:15:36,2012-07-27
439090,128785,-73.0,1291,124,14:12:46,2012-07-30
441035,128785,-64.0,1291,124,17:15:37,2012-07-27
439090,128790,-73.5,1291,124,14:12:47,2012-07-30
441010,128790,-64.0,1291,124,17:15:38,2012-07-27
441015,128790,-64.0,1291,124,17:15:37,2012-07-27
441020,128790,-64.0,1291,124,17:15:37,2012-07-27
439090,128795,-75.0,1291,124,14:12:48,2012-07-30
440995,128795,-64.0,1291,124,17:15:39,2012-07-27
441000,128795,-64.0,1291,124,17:15:39,2012-07-27
441005,128795,-64.0,1291,124,17:15:38,2012-07-27
440995,128800,-64.0,1291,124,17:15:39,2012-07-27
439090,128805,-76.199997,1291,124,14:12:49,2012-07-30
440980,128805,-65.0,1291,124,17:15:40,2012-07-27
440985,128805,-64.25,1291,124,17:15:40,2012-07-27
439090,128810,-78.0,1291,124,14:12:49,2012-07-30
440965,128810,-65.5,1291,124,17:15:41,2012-07-27
440970,128810,-65.0,1291,124,17:15:41,2012-07-27
439090,128815,-78.25,1291,124,14:12:50,2012-07-30
440955,128815,-67.0,1291,124,17:15:42,2012-07-27
439090,128820,-79.166664,1291,124,14:12:51,2012-07-30
440935,128820,-70.0,1291,124,17:15:44,2012-07-27
440945,128820,-68.0,1291,124,17:15:43,2012-07-27
440950,128820,-67.0,1291,124,17:15:43,2012-07-27
440915,128825,-74.75,1291,124,17:15:46,2012-07-27
440920,128825,-74.0,1291,124,17:15:45,2012-07-27
440930,128825,-71.0,1291,124,17:15:44,2012-07-27
440900,128830,-81.0,1291,124,17:15:47,2012-07-27
440905,128830,-78.0,1291,124,17:15:47,2012-07-27
440910,128830,-77.0,1291,124,17:15:47,2012-07-27
439090,128835,-80.0,1291,124,14:12:52,2012-07-30
440890,128835,-80.666664,1291,124,17:15:49,2012-07-27
440885,128840,-80.0,1291,124,17:15:49,2012-07-27
439090,128845,-80.0,1291,124,14:12:53,2012-07-30
440875,128845,-76.0,1291,124,17:15:51,2012-07-27
440880,128845,-79.0,1291,124,17:15:50,2012-07-27
440875,128850,-76.0,1291,124,17:15:51,2012-07-27
439090,128855,-79.333336,1291,124,14:12:54,2012-07-30
440870,128855,-75.833336,1291,124,17:15:53,2012-07-27
440865,128860,-75.0,1291,124,17:15:53,2012-07-27
439090,128865,-78.0,1291,124,14:12:55,2012-07-30
440860,128865,-74.0,1291,124,17:15:55,2012-07-27
440865,128865,-74.666664,1291,124,17:15:54,2012-07-27
440860,128870,-74.75,1291,124,17:15:56,2012-07-27
440860,128875,-77.0,1291,124,17:15:56,2012-07-27
440865,128880,-77.666664,1291,124,17:15:57,2012-07-27
440865,128885,-77.5,1291,124,17:15:59,2012-07-27
440870,128885,-78.25,1291,124,17:15:59,2012-07-27
440870,128890,-76.599998,1291,124,17:15:59,2012-07-27
440885,128905,-78.400002,1291,124,17:16:01,2012-07-27
440890,128915,-78.0,1291,124,17:16:03,2012-07-27
440890,128920,-77.75,1291,124,17:16:04,2012-07-27
440895,128930,-77.0,1291,124,17:16:05,2012-07-27
440900,128945,-77.5,1291,124,17:16:06,2012-07-27
440905,128950,-76.125,1291,124,17:16:07,2012-07-27
440910,128965,-75.25,1291,124,17:16:08,2012-07-27
440910,128975,-76.0,1291,124,17:16:09,2012-07-27
440915,128980,-76.0,1291,124,17:16:10,2012-07-27
440915,128985,-75.199997,1291,124,17:16:11,2012-07-27
440910,128995,-73.599998,1291,124,17:16:12,2012-07-27
440900,129000,-71.75,1291,124,17:16:14,2012-07-27
440905,129000,-72.0,1291,124,17:16:13,2012-07-27
440890,129005,-71.0,1291,124,17:16:15,2012-07-27
440880,129010,-71.0,1291,124,17:16:16,2012-07-27
440875,129020,-71.666664,1291,124,17:16:17,2012-07-27
440865,129025,-73.5,1291,124,17:16:18,2012-07-27
440850,129030,-75.400002,1291,124,17:16:19,2012-07-27
440840,129035,-77.0,1291,124,17:16:20,2012-07-27
440830,129045,-77.0,1291,124,17:16:21,2012-07-27
440815,129050,-77.0,1291,124,17:16:22,2012-07-27
440795,129065,-76.833336,1291,124,17:16:24,2012-07-27
440785,129075,-76.0,1291,124,17:16:24,2012-07-27
440770,129080,-76.800003,1291,124,17:16:25,2012-07-27
440760,129090,-78.400002,1291,124,17:16:26,2012-07-27
440750,129095,-80.0,1291,124,17:16:27,2012-07-27
440735,129100,-79.75,1291,124,17:16:28,2012-07-27
440720,129115,-79.0,1291,124,17:16:30,2012-07-27
440705,129120,-78.5,1291,124,17:16:31,2012-07-27
440715,129120,-79.0,1291,124,17:16:30,2012-07-27
440700,129125,-77.0,1291,124,17:16:32,2012-07-27
440680,129135,-73.0,1291,124,17:16:33,2012-07-27
440685,129135,-75.666664,1291,124,17:16:32,2012-07-27
440670,129140,-72.5,1291,124,17:16:34,2012-07-27
440655,129150,-71.0,1291,124,17:16:35,2012-07-27
440625,129160,-69.0,1291,124,17:16:37,2012-07-27
440635,129160,-70.333336,1291,124,17:16:37,2012-07-27
440615,129165,-69.0,1291,124,17:16:38,2012-07-27
440620,129165,-69.0,1291,124,17:16:38,2012-07-27
440625,129165,-69.0,1291,124,17:16:37,2012-07-27
440605,129170,-69.0,1291,124,17:16:38,2012-07-27
440610,129170,-69.0,1291,124,17:16:38,2012-07-27
440595,129175,-68.666664,1291,124,17:16:39,2012-07-27
440585,129180,-68.0,1291,124,17:16:40,2012-07-27
440575,129185,-68.0,1291,124,17:16:41,2012-07-27
440580,129185,-68.0,1291,124,17:16:41,2012-07-27
440560,129195,-68.0,1291,124,17:16:42,2012-07-27
440550,129200,-68.0,1291,124,17:16:43,2012-07-27
440540,129210,-68.800003,1291,124,17:16:44,2012-07-27
440530,129215,-70.0,1291,124,17:16:45,2012-07-27
440535,129215,-70.0,1291,124,17:16:44,2012-07-27
440525,129220,-71.0,1291,124,17:16:45,2012-07-27
440515,129230,-74.0,1291,124,17:16:46,2012-07-27
440510,129235,-74.5,1291,124,17:16:46,2012-07-27
440500,129240,-76.0,1291,124,17:16:47,2012-07-27
440495,129245,-77.25,1291,124,17:16:48,2012-07-27
440490,129250,-78.0,1291,124,17:16:49,2012-07-27
440485,129255,-78.0,1291,124,17:16:50,2012-07-27
440470,129265,-77.5,1291,124,17:16:51,2012-07-27
440465,129275,-76.0,1291,124,17:16:51,2012-07-27
440460,129280,-76.0,1291,124,17:16:52,2012-07-27
439945,129295,-87.0,1291,124,17:18:29,2012-07-27
440445,129295,-76.666664,1291,124,17:16:54,2012-07-27
439940,129300,-85.199997,1291,124,17:18:28,2012-07-27
439935,129305,-84.0,1291,124,17:18:28,2012-07-27
440435,129305,-78.0,1291,124,17:16:55,2012-07-27
439935,129310,-81.0,1291,124,17:18:27,2012-07-27
440425,129315,-78.400002,1291,124,17:16:56,2012-07-27
439930,129320,-81.0,1291,124,17:18:26,2012-07-27
439930,129325,-80.0,1291,124,17:18:25,2012-07-27
440425,129325,-79.0,1291,124,17:16:57,2012-07-27
440420,129330,-80.0,1291,124,17:16:58,2012-07-27
439930,129335,-80.0,1291,124,17:18:25,2012-07-27
440415,129335,-83.0,1291,124,17:16:58,2012-07-27
439930,129340,-79.25,1291,124,17:18:24,2012-07-27
440415,129340,-82.5,1291,124,17:16:59,2012-07-27
439930,129345,-79.0,1291,124,17:18:23,2012-07-27
439930,129350,-79.0,1291,124,17:18:23,2012-07-27
440410,129350,-81.25,1291,124,17:17:01,2012-07-27
439930,129355,-79.0,1291,124,17:18:23,2012-07-27
439935,129360,-79.0,1291,124,17:18:22,2012-07-27
439935,129365,-79.0,1291,124,17:18:22,2012-07-27
440395,129365,-80.125,1291,124,17:17:02,2012-07-27
439935,129370,-79.0,1291,124,17:18:21,2012-07-27
439940,129375,-79.0,1291,124,17:18:21,2012-07-27
440390,129375,-79.599998,1291,124,17:17:05,2012-07-27
439940,129380,-80.0,1291,124,17:18:21,2012-07-27
439940,129385,-80.0,1291,124,17:18:20,2012-07-27
440380,129385,-77.75,1291,124,17:17:06,2012-07-27
439945,129390,-79.0,1291,124,17:18:20,2012-07-27
440370,129395,-77.0,1291,124,17:17:07,2012-07-27
440360,129400,-77.5,1291,124,17:17:07,2012-07-27
440350,129405,-78.0,1291,124,17:17:09,2012-07-27
439950,129410,-77.0,1291,124,17:18:18,2012-07-27
440345,129410,-77.800003,1291,124,17:17:10,2012-07-27
439950,129420,-77.0,1291,124,17:18:18,2012-07-27
440320,129420,-76.0,1291,124,17:17:13,2012-07-27
440330,129420,-76.800003,1291,124,17:17:12,2012-07-27
439950,129425,-77.0,1291,124,17:18:17,2012-07-27
439955,129425,-77.0,1291,124,17:18:17,2012-07-27
440250,129425,-81.285713,1291,124,17:17:37,2012-07-27
440255,129425,-83.163269,1291,124,17:17:22,2012-07-27
440260,129425,-79.0,1291,124,17:17:21,2012-07-27
440280,129425,-75.0,1291,124,17:17:17,2012-07-27
440285,129425,-74.25,1291,124,17:17:16,2012-07-27
440290,129425,-74.0,1291,124,17:17:15,2012-07-27
440295,129425,-75.800003,1291,124,17:17:15,2012-07-27
440310,129425,-76.25,1291,124,17:17:13,2012-07-27
440170,129430,-78.0,1291,124,17:17:47,2012-07-27
440175,129430,-78.0,1291,124,17:17:47,2012-07-27
440185,129430,-77.25,1291,124,17:17:46,2012-07-27
440195,129430,-77.0,1291,124,17:17:45,2012-07-27
440200,129430,-75.5,1291,124,17:17:44,2012-07-27
440215,129430,-73.666664,1291,124,17:17:43,2012-07-27
440230,129430,-75.666664,1291,124,17:17:42,2012-07-27
440235,129430,-77.0,1291,124,17:17:41,2012-07-27
440240,129430,-77.75,1291,124,17:17:40,2012-07-27
440245,129430,-78.0,1291,124,17:17:39,2012-07-27
440250,129430,-79.0,1291,124,17:17:38,2012-07-27
440260,129430,-78.25,1291,124,17:17:20,2012-07-27
440265,129430,-76.5,1291,124,17:17:19,2012-07-27
440270,129430,-75.0,1291,124,17:17:18,2012-07-27
440275,129430,-75.0,1291,124,17:17:18,2012-07-27
440150,129435,-82.0,1291,124,17:17:50,2012-07-27
440155,129435,-79.333336,1291,124,17:17:49,2012-07-27
439960,129440,-77.75,1291,124,17:18:15,2012-07-27
440135,129440,-81.599998,1291,124,17:17:51,2012-07-27
440140,129440,-82.0,1291,124,17:17:51,2012-07-27
439965,129445,-78.0,1291,124,17:18:15,2012-07-27
439975,129445,-78.0,1291,124,17:18:14,2012-07-27
440115,129445,-79.599998,1291,124,17:17:54,2012-07-27
440120,129445,-80.0,1291,124,17:17:53,2012-07-27
439980,129450,-79.0,1291,124,17:18:13,2012-07-27
439990,129450,-79.0,1291,124,17:18:13,2012-07-27
440100,129450,-76.800003,1291,124,17:17:57,2012-07-27
440105,129450,-78.0,1291,124,17:17:56,2012-07-27
440110,129450,-78.0,1291,124,17:17:56,2012-07-27
440000,129455,-79.0,1291,124,17:18:11,2012-07-27
440010,129455,-79.0,1291,124,17:18:11,2012-07-27
440015,129455,-79.0,1291,124,17:18:10,2012-07-27
440020,129455,-76.0,1291,124,17:18:10,2012-07-27
440090,129455,-75.400002,1291,124,17:17:59,2012-07-27
440025,129460,-76.0,1291,124,17:18:09,2012-07-27
440030,129460,-76.0,1291,124,17:18:08,2012-07-27
440035,129460,-76.0,1291,124,17:18:08,2012-07-27
440075,129460,-78.761902,1291,124,17:18:01,2012-07-27
440080,129460,-75.0,1291,124,17:18:00,2012-07-27
440045,129465,-74.666664,1291,124,17:18:07,2012-07-27
440050,129465,-72.599998,1291,124,17:18:06,2012-07-27
440055,129465,-73.599998,1291,124,17:18:04,2012-07-27
440060,129465,-75.400002,1291,124,17:18:03,2012-07-27
440065,129465,-73.0,1291,124,16:52:38,2012-07-27
440070,129465,-74.899597,1291,124,16:52:39,2012-07-27
440075,129465,-79.875,1291,124,16:54:10,2012-07-27
440050,129470,-73.0,1291,124,16:54:13,2012-07-27
440055,129470,-74.5,1291,124,16:54:13,2012-07-27
440075,129470,-80.875,1291,124,16:53:56,2012-07-27
440045,129475,-71.800003,1291,124,16:54:15,2012-07-27
440050,129475,-72.666664,1291,124,16:54:14,2012-07-27
440040,129480,-71.0,1291,124,16:54:16,2012-07-27
440030,129490,-71.0,1291,124,16:54:17,2012-07-27
440020,129500,-70.5,1291,124,16:54:18,2012-07-27
440015,129510,-70.666664,1291,124,16:54:20,2012-07-27
440005,129515,-71.666664,1291,124,16:54:21,2012-07-27
440000,129525,-71.0,1291,124,16:54:21,2012-07-27
439990,129535,-71.666664,1291,124,16:54:22,2012-07-27
439980,129540,-73.5,1291,124,16:54:24,2012-07-27
439975,129550,-74.099998,1291,124,16:54:24,2012-07-27
439965,129560,-75.0,1291,124,16:54:26,2012-07-27
439955,129570,-75.0,1291,124,16:54:27,2012-07-27
439950,129575,-75.75,1291,124,16:54:28,2012-07-27
439940,129585,-78.199997,1291,124,16:54:29,2012-07-27
439935,129590,-79.0,1291,124,16:54:30,2012-07-27
439930,129600,-80.0,1291,124,16:54:31,2012-07-27
439795,129795,-75.0,1291,124,16:54:57,2012-07-27
439800,129795,-75.0,1291,124,16:54:56,2012-07-27
439795,129800,-75.0,1291,124,16:54:57,2012-07-27
439785,129805,-75.0,1291,124,16:54:58,2012-07-27
439790,129805,-75.0,1291,124,16:54:58,2012-07-27
439780,129810,-75.0,1291,124,16:54:59,2012-07-27
439785,129810,-75.0,1291,124,16:55:00,2012-07-27
439775,129820,-75.0,1291,124,16:55:02,2012-07-27
439765,129825,-75.0,1291,124,16:55:04,2012-07-27
439770,129825,-75.0,1291,124,16:55:03,2012-07-27
439760,129830,-80.666664,1291,124,16:55:04,2012-07-27
439750,129835,-92.25,1291,124,16:55:06,2012-07-27
439755,129835,-92.0,1291,124,16:55:05,2012-07-27
439760,129835,-92.0,1291,124,16:55:05,2012-07-27
439920,129835,-69.699997,1291,124,16:56:40,2012-07-27
439925,129835,-71.6129,1291,124,16:56:40,2012-07-27
439930,129835,-73.959183,1291,124,16:56:10,2012-07-27
439745,129840,-91.181816,1291,124,16:55:07,2012-07-27
439750,129840,-93.0,1291,124,16:55:06,2012-07-27
439925,129840,-70.727272,1291,124,16:56:07,2012-07-27
439930,129840,-74.046875,1291,124,16:56:22,2012-07-27
439735,129845,-89.0,1291,124,16:55:08,2012-07-27
439925,129845,-72.0,1291,124,16:56:47,2012-07-27
439730,129850,-89.0,1291,124,16:55:09,2012-07-27
439925,129850,-74.0,1291,124,16:56:47,2012-07-27
439725,129855,-88.599998,1291,124,16:55:10,2012-07-27
439925,129855,-76.0,1291,124,16:56:49,2012-07-27
439720,129860,-87.75,1291,124,16:55:11,2012-07-27
439925,129860,-75.0,1291,124,16:56:50,2012-07-27
439715,129865,-87.0,1291,124,16:55:12,2012-07-27
439925,129865,-75.0,1291,124,16:56:51,2012-07-27
439710,129870,-87.222221,1291,124,16:55:14,2012-07-27
439710,129875,-86.26667,1291,124,16:55:17,2012-07-27
439925,129875,-77.0,1291,124,16:56:52,2012-07-27
439710,129880,-86.0,1291,124,16:55:19,2012-07-27
439715,129880,-86.0,1291,124,16:55:20,2012-07-27
439925,129880,-77.0,1291,124,16:56:52,2012-07-27
439715,129885,-86.0,1291,124,16:55:20,2012-07-27
439720,129885,-86.5,1291,124,16:55:21,2012-07-27
439725,129885,-87.0,1291,124,16:55:22,2012-07-27
439725,129890,-86.0,1291,124,16:55:23,2012-07-27
439730,129890,-82.0,1291,124,16:55:23,2012-07-27
439925,129890,-81.0,1291,124,16:56:54,2012-07-27
439735,129895,-83.0,1291,124,16:55:24,2012-07-27
439740,129900,-85.0,1291,124,16:55:25,2012-07-27
439745,129900,-85.0,1291,124,16:55:26,2012-07-27
439750,129905,-85.0,1291,124,16:55:26,2012-07-27
439755,129905,-85.0,1291,124,16:55:27,2012-07-27
439755,129910,-85.0,1291,124,16:55:27,2012-07-27
439760,129910,-85.0,1291,124,16:55:28,2012-07-27
439905,129935,-86.5,1291,124,16:57:01,2012-07-27
439910,129935,-87.0,1291,124,16:57:00,2012-07-27
439900,129940,-85.25,1291,124,16:57:02,2012-07-27
439905,129940,-85.0,1291,124,16:57:02,2012-07-27
439895,129945,-84.800003,1291,124,16:57:05,2012-07-27
439900,129945,-86.0,1291,124,16:57:03,2012-07-27
439895,129950,-81.0,1291,124,16:57:06,2012-07-27
439900,129950,-79.0,1291,124,16:57:08,2012-07-27
439900,129955,-79.400002,1291,124,16:57:08,2012-07-27
439905,129960,-81.333336,1291,124,16:57:10,2012-07-27
439910,129965,-83.0,1291,124,16:57:12,2012-07-27
439915,129970,-83.0,1291,124,16:57:12,2012-07-27
439920,129970,-83.0,1291,124,16:57:13,2012-07-27
439920,129975,-83.0,1291,124,16:57:14,2012-07-27
439925,129975,-83.0,1291,124,16:57:14,2012-07-27
439930,129980,-83.5,1291,124,16:57:15,2012-07-27
439935,129985,-85.5,1291,124,16:57:16,2012-07-27
439940,129985,-86.0,1291,124,16:57:17,2012-07-27
439945,129990,-84.5,1291,124,16:57:18,2012-07-27
439950,129990,-83.0,1291,124,16:57:19,2012-07-27
439950,129995,-82.714287,1291,124,16:57:19,2012-07-27
439955,129995,-82.0,1291,124,16:57:19,2012-07-27
441810,130040,-80.0,1291,124,18:07:06,2012-07-27
442135,130040,-81.75,1291,124,16:30:44,2012-07-31
442145,130040,-81.0,1291,124,16:30:45,2012-07-31
441810,130045,-80.0,1291,124,18:07:06,2012-07-27
442125,130045,-82.571426,1291,124,16:30:42,2012-07-31
442130,130045,-83.0,1291,124,16:30:43,2012-07-31
441805,130050,-80.0,1291,124,18:07:06,2012-07-27
442110,130050,-82.75,1291,124,16:30:41,2012-07-31
442115,130050,-82.0,1291,124,16:30:41,2012-07-31
441805,130055,-80.5,1291,124,18:07:05,2012-07-27
442095,130055,-82.25,1291,124,16:30:39,2012-07-31
442100,130055,-83.0,1291,124,16:30:40,2012-07-31
441800,130060,-81.0,1291,124,18:07:05,2012-07-27
442085,130060,-82.0,1291,124,16:30:38,2012-07-31
442090,130060,-82.0,1291,124,16:30:39,2012-07-31
441800,130065,-81.0,1291,124,18:00:47,2012-07-27
442070,130065,-79.0,1291,124,16:30:37,2012-07-31
442075,130065,-79.0,1291,124,16:30:37,2012-07-31
442080,130065,-79.85714,1291,124,16:30:38,2012-07-31
441800,130070,-81.0,1291,124,18:00:47,2012-07-27
442060,130070,-75.25,1291,124,16:30:35,2012-07-31
442065,130070,-76.0,1291,124,16:30:36,2012-07-31
442070,130070,-76.75,1291,124,16:30:37,2012-07-31
441795,130075,-81.0,1291,124,18:00:47,2012-07-27
442050,130075,-75.0,1291,124,16:30:34,2012-07-31
442045,130080,-72.75,1291,124,16:30:34,2012-07-31
441795,130085,-81.0,1291,124,18:07:03,2012-07-27
442040,130085,-72.0,1291,124,16:30:33,2012-07-31
441790,130090,-80.199997,1291,124,18:07:02,2012-07-27
442035,130090,-72.0,1291,124,16:30:32,2012-07-31
441790,130095,-80.0,1291,124,18:07:02,2012-07-27
442030,130095,-72.0,1291,124,16:30:31,2012-07-31
441790,130100,-80.0,1291,124,18:07:02,2012-07-27
441785,130105,-81.5,1291,124,18:07:01,2012-07-27
442025,130105,-72.0,1291,124,16:30:30,2012-07-31
442020,130110,-72.75,1291,124,16:30:29,2012-07-31
441785,130115,-82.0,1291,124,18:07:00,2012-07-27
442015,130115,-73.0,1291,124,16:30:29,2012-07-31
441785,130120,-82.0,1291,124,18:07:00,2012-07-27
442010,130120,-72.25,1291,124,16:30:28,2012-07-31
441785,130125,-82.666664,1291,124,18:07:00,2012-07-27
442005,130125,-72.0,1291,124,16:30:27,2012-07-31
442000,130130,-72.0,1291,124,16:30:27,2012-07-31
441785,130135,-83.0,1291,124,18:06:59,2012-07-27
441985,130135,-74.25,1291,124,16:30:25,2012-07-31
441995,130135,-72.0,1291,124,16:30:26,2012-07-31
441975,130140,-75.75,1291,124,16:30:24,2012-07-31
441980,130140,-75.0,1291,124,16:30:25,2012-07-31
441785,130145,-82.333336,1291,124,18:06:58,2012-07-27
441970,130145,-76.0,1291,124,16:30:23,2012-07-31
441965,130150,-75.25,1291,124,16:30:22,2012-07-31
441785,130155,-82.0,1291,124,18:06:57,2012-07-27
441955,130155,-75.75,1291,124,16:30:21,2012-07-31
441960,130155,-75.0,1291,124,16:30:22,2012-07-31
441785,130160,-82.666664,1291,124,18:06:57,2012-07-27
441955,130160,-76.0,1291,124,16:30:20,2012-07-31
441785,130165,-83.0,1291,124,18:06:56,2012-07-27
441785,130170,-83.0,1291,124,18:06:56,2012-07-27
441950,130170,-75.25,1291,124,16:30:20,2012-07-31
441785,130175,-84.0,1291,124,18:06:55,2012-07-27
441940,130175,-75.0,1291,124,16:30:19,2012-07-31
441935,130180,-72.75,1291,124,16:30:18,2012-07-31
441935,130185,-72.0,1291,124,16:30:17,2012-07-31
441785,130190,-85.0,1291,124,18:06:54,2012-07-27
441785,130195,-83.666664,1291,124,18:06:54,2012-07-27
441930,130195,-72.0,1291,124,16:30:17,2012-07-31
441920,130205,-73.5,1291,124,16:30:15,2012-07-31
441920,130210,-74.0,1291,124,16:30:15,2012-07-31
441790,130215,-83.0,1291,124,18:06:53,2012-07-27
441915,130215,-74.0,1291,124,16:30:14,2012-07-31
441915,130220,-74.0,1291,124,16:30:13,2012-07-31
441910,130225,-74.75,1291,124,16:30:13,2012-07-31
441790,130230,-83.0,1291,124,18:06:51,2012-07-27
441905,130235,-75.0,1291,124,16:30:11,2012-07-31
441790,130240,-83.0,1291,124,18:06:50,2012-07-27
441905,130240,-75.0,1291,124,16:30:11,2012-07-31
441790,130250,-83.0,1291,124,18:06:50,2012-07-27
441895,130250,-74.333336,1291,124,16:30:10,2012-07-31
441895,130255,-74.0,1291,124,16:30:09,2012-07-31
441890,130260,-74.0,1291,124,16:30:09,2012-07-31
441790,130265,-83.0,1291,124,18:06:49,2012-07-27
441890,130265,-74.0,1291,124,16:30:08,2012-07-31
441790,130270,-82.25,1291,124,18:06:48,2012-07-27
441885,130270,-73.0,1291,124,16:30:08,2012-07-31
441890,130270,-73.199997,1291,124,16:30:08,2012-07-31
441790,130275,-82.0,1291,124,18:06:48,2012-07-27
441885,130275,-73.0,1291,124,16:30:08,2012-07-31
441790,130280,-82.0,1291,124,18:06:48,2012-07-27
441790,130285,-82.0,1291,124,18:06:47,2012-07-27
441785,130290,-83.333336,1291,124,18:06:47,2012-07-27
441880,130290,-73.5,1291,124,16:30:07,2012-07-31
441785,130295,-84.0,1291,124,18:06:46,2012-07-27
441875,130295,-74.0,1291,124,16:30:05,2012-07-31
441785,130300,-84.0,1291,124,18:06:46,2012-07-27
441785,130305,-84.0,1291,124,18:06:46,2012-07-27
441785,130310,-83.25,1291,124,18:06:45,2012-07-27
441860,130315,-74.800003,1291,124,16:30:04,2012-07-31
441855,130320,-75.75,1291,124,16:30:03,2012-07-31
441780,130325,-83.0,1291,124,18:06:45,2012-07-27
441850,130325,-76.0,1291,124,16:30:01,2012-07-31
441780,130330,-83.0,1291,124,18:06:44,2012-07-27
441780,130335,-83.0,1291,124,18:06:44,2012-07-27
441845,130335,-76.0,1291,124,16:30:01,2012-07-31
441780,130340,-80.5,1291,124,18:06:44,2012-07-27
441780,130345,-80.0,1291,124,18:06:44,2012-07-27
441835,130345,-77.5,1291,124,16:30:00,2012-07-31
441780,130350,-80.0,1291,124,18:06:43,2012-07-27
441780,130355,-81.454544,1291,124,18:06:43,2012-07-27
441830,130355,-79.800003,1291,124,16:29:58,2012-07-31
441780,130360,-82.0,1291,124,18:06:42,2012-07-27
441780,130365,-81.333336,1291,124,18:06:42,2012-07-27
441820,130365,-79.5,1291,124,16:29:57,2012-07-31
441780,130370,-81.0,1291,124,18:06:42,2012-07-27
441775,130375,-81.0,1291,124,18:06:41,2012-07-27
441810,130375,-79.0,1291,124,16:29:56,2012-07-31
441775,130380,-81.0,1291,124,18:06:41,2012-07-27
441810,130380,-79.666664,1291,124,16:29:56,2012-07-31
441775,130385,-81.0,1291,124,18:06:41,2012-07-27
441805,130385,-81.800003,1291,124,16:29:54,2012-07-31
441770,130390,-81.0,1291,124,18:06:41,2012-07-27
441770,130395,-81.0,1291,124,18:06:40,2012-07-27
441770,130400,-81.714287,1291,124,18:06:40,2012-07-27
441795,130400,-82.25,1291,124,16:29:53,2012-07-31
441765,130405,-82.0,1291,124,18:06:40,2012-07-27
441795,130405,-82.0,1291,124,16:29:52,2012-07-31
441765,130410,-82.0,1291,124,18:06:39,2012-07-27
441790,130410,-80.5,1291,124,16:29:51,2012-07-31
441785,130415,-80.0,1291,124,16:29:51,2012-07-31
441780,130420,-81.5,1291,124,16:29:50,2012-07-31
441775,130425,-82.0,1291,124,16:29:49,2012-07-31
441770,130430,-82.75,1291,124,16:29:49,2012-07-31
441765,130435,-83.0,1291,124,16:29:48,2012-07-31
441760,130440,-82.25,1291,124,16:29:47,2012-07-31
441760,130445,-82.0,1291,124,16:29:46,2012-07-31
441755,130450,-80.199997,1291,124,16:29:46,2012-07-31
441745,130455,-80.099998,1291,124,16:29:44,2012-07-31
441740,130460,-81.0,1291,124,16:29:42,2012-07-31
441740,130465,-80.25,1291,124,16:29:41,2012-07-31
441745,130465,-80.0,1291,124,18:06:35,2012-07-27
441740,130470,-80.0,1291,124,16:29:41,2012-07-31
441740,130475,-80.0,1291,124,16:29:41,2012-07-31
441740,130480,-80.75,1291,124,16:29:40,2012-07-31
441735,130485,-81.0,1291,124,16:29:39,2012-07-31
441740,130485,-81.0,1291,124,16:29:39,2012-07-31
441735,130490,-81.0,1291,124,16:29:39,2012-07-31
441735,130495,-81.75,1291,124,16:29:39,2012-07-31
441740,130495,-80.0,1291,124,18:06:34,2012-07-27
441735,130500,-82.0,1291,124,16:29:38,2012-07-31
441740,130505,-80.0,1291,124,18:06:33,2012-07-27
441740,130510,-82.0,1291,124,16:29:37,2012-07-31
441740,130515,-82.0,1291,124,16:29:37,2012-07-31
441740,130520,-80.0,1291,124,18:06:32,2012-07-27
441740,130520,-82.0,1291,124,16:29:37,2012-07-31
441740,130525,-81.818184,1291,124,16:29:36,2012-07-31
441740,130530,-81.0,1291,124,16:29:36,2012-07-31
441740,130535,-81.0,1291,124,16:29:36,2012-07-31
441735,130545,-80.666664,1291,124,16:29:36,2012-07-31
441740,130545,-81.0,1291,124,16:29:36,2012-07-31
441735,130550,-80.0,1291,124,16:29:35,2012-07-31
441735,130555,-80.0,1291,124,16:29:35,2012-07-31
441735,130560,-79.333336,1291,124,16:29:34,2012-07-31
441730,130565,-79.0,1291,124,16:29:34,2012-07-31
441730,130570,-79.0,1291,124,16:29:34,2012-07-31
441725,130575,-79.0,1291,124,16:29:33,2012-07-31
441735,130575,-77.0,1291,124,18:06:28,2012-07-27
441725,130580,-79.0,1291,124,16:29:33,2012-07-31
441735,130580,-77.0,1291,124,18:06:28,2012-07-27
441725,130585,-79.0,1291,124,16:29:33,2012-07-31
441730,130585,-77.0,1291,124,18:06:27,2012-07-27
444575,133895,-72.0,1291,124,15:40:19,2012-07-31
444575,133910,-72.0,1291,124,15:40:20,2012-07-31
444580,133920,-72.0,1291,124,15:40:21,2012-07-31
444585,133930,-72.0,1291,124,15:40:22,2012-07-31
444585,133935,-72.0,1291,124,15:40:23,2012-07-31
444585,133945,-72.0,1291,124,15:40:23,2012-07-31
444590,133955,-74.25,1291,124,15:40:25,2012-07-31
444590,133965,-81.0,1291,124,15:40:25,2012-07-31
444590,133975,-81.5,1291,124,15:40:26,2012-07-31
444590,133995,-84.0,1291,124,15:40:28,2012-07-31
444590,134000,-85.0,1291,124,15:40:28,2012-07-31
444590,134005,-85.0,1291,124,15:40:28,2012-07-31
444590,134010,-85.0,1291,124,15:40:29,2012-07-31
444590,134015,-85.400002,1291,124,15:40:29,2012-07-31
444590,134030,-86.0,1291,124,15:40:30,2012-07-31
444595,134035,-86.25,1291,124,15:40:31,2012-07-31
444595,134040,-87.0,1291,124,15:40:31,2012-07-31
443750,134045,-78.0,1291,124,15:43:23,2012-07-31
444595,134045,-87.0,1291,124,15:40:31,2012-07-31
443755,134050,-78.0,1291,124,15:43:22,2012-07-31
443760,134050,-78.0,1291,124,15:43:23,2012-07-31
443760,134055,-78.0,1291,124,15:43:22,2012-07-31
444595,134055,-87.0,1291,124,15:40:32,2012-07-31
443765,134060,-76.199997,1291,124,15:43:21,2012-07-31
444595,134060,-87.0,1291,124,15:40:32,2012-07-31
443770,134065,-75.0,1291,124,15:43:21,2012-07-31
443775,134070,-74.25,1291,124,15:43:20,2012-07-31
444595,134075,-87.0,1291,124,15:40:33,2012-07-31
443780,134080,-74.0,1291,124,15:43:19,2012-07-31
444595,134080,-87.0,1291,124,15:40:33,2012-07-31
444595,134085,-86.5,1291,124,15:40:33,2012-07-31
443785,134090,-73.25,1291,124,15:43:19,2012-07-31
443790,134095,-73.0,1291,124,15:43:18,2012-07-31
443795,134105,-72.25,1291,124,15:43:17,2012-07-31
443800,134115,-72.0,1291,124,15:43:16,2012-07-31
443810,134125,-70.5,1291,124,15:43:16,2012-07-31
443825,134140,-65.5,1291,124,15:43:14,2012-07-31
443830,134150,-64.0,1291,124,15:43:14,2012-07-31
443835,134160,-64.0,1291,124,15:43:13,2012-07-31
443845,134165,-64.0,1291,124,15:43:12,2012-07-31
443845,134170,-64.0,1291,124,15:43:12,2012-07-31
443855,134180,-64.0,1291,124,15:43:11,2012-07-31
443860,134190,-64.0,1291,124,15:43:11,2012-07-31
443865,134190,-64.0,1291,124,15:43:10,2012-07-31
443865,134195,-64.0,1291,124,15:43:10,2012-07-31
443875,134205,-64.0,1291,124,15:43:09,2012-07-31
443885,134215,-64.0,1291,124,15:43:09,2012-07-31
444495,134615,-85.0,1291,124,15:41:11,2012-07-31
444495,134620,-85.0,1291,124,15:41:12,2012-07-31
444495,134625,-85.0,1291,124,15:41:12,2012-07-31
444495,134630,-85.0,1291,124,15:41:14,2012-07-31
444495,134635,-85.0,1291,124,15:41:14,2012-07-31
444495,134645,-85.0,1291,124,15:41:15,2012-07-31
444495,134650,-85.0,1291,124,15:41:15,2012-07-31
444405,134655,-89.666664,1291,124,15:41:55,2012-07-31
444420,134655,-91.5,1291,124,15:41:54,2012-07-31
444350,134660,-91.0,1291,124,15:42:00,2012-07-31
444355,134660,-91.0,1291,124,15:42:00,2012-07-31
444360,134660,-89.333336,1291,124,15:41:59,2012-07-31
444365,134660,-89.0,1291,124,15:41:59,2012-07-31
444370,134660,-89.0,1291,124,15:41:58,2012-07-31
444375,134660,-89.75,1291,124,15:41:58,2012-07-31
444380,134660,-90.0,1291,124,15:41:58,2012-07-31
444385,134660,-90.0,1291,124,15:41:57,2012-07-31
444390,134660,-89.25,1291,124,15:41:57,2012-07-31
444435,134660,-92.0,1291,124,15:41:53,2012-07-31
444500,134660,-86.800003,1291,124,15:41:17,2012-07-31
444340,134665,-92.0,1291,124,15:42:02,2012-07-31
444345,134665,-91.400002,1291,124,15:42:01,2012-07-31
444350,134665,-91.0,1291,124,15:42:01,2012-07-31
444440,134665,-92.0,1291,124,15:41:52,2012-07-31
444450,134665,-90.5,1291,124,15:41:50,2012-07-31
444460,134665,-90.0,1291,124,15:41:50,2012-07-31
444500,134665,-88.0,1291,124,15:41:18,2012-07-31
444470,134670,-90.599998,1291,124,15:41:48,2012-07-31
444500,134670,-88.0,1291,124,15:41:18,2012-07-31
444475,134675,-91.0,1291,124,15:41:47,2012-07-31
444480,134675,-89.5,1291,124,15:41:47,2012-07-31
444500,134675,-88.333336,1291,124,15:41:19,2012-07-31
444485,134680,-89.666664,1291,124,15:41:45,2012-07-31
444495,134680,-91.599998,1291,124,15:41:44,2012-07-31
444500,134680,-90.0,1291,124,15:41:24,2012-07-31
441280,127720,-92.0,1291,124,16:44:56,2012-07-27
441275,127725,-92.0,1291,124,16:44:57,2012-07-27
441075,127730,-89.0,1291,124,16:45:16,2012-07-27
441255,127730,-92.0,1291,124,16:44:59,2012-07-27
441265,127730,-92.0,1291,124,16:44:58,2012-07-27
441245,127735,-92.0,1291,124,16:45:00,2012-07-27
441095,127740,-89.666664,1291,124,16:45:16,2012-07-27
441105,127740,-89.25,1291,124,16:45:14,2012-07-27
441115,127745,-87.0,1291,124,16:45:13,2012-07-27
441125,127745,-87.0,1291,124,16:45:12,2012-07-27
441230,127745,-89.0,1291,124,16:45:02,2012-07-27
441135,127750,-87.0,1291,124,16:45:11,2012-07-27
441150,127750,-86.199997,1291,124,16:45:10,2012-07-27
441205,127750,-86.0,1291,124,16:45:05,2012-07-27
441215,127750,-86.0,1291,124,16:45:05,2012-07-27
441220,127750,-86.0,1291,124,16:45:03,2012-07-27
441160,127755,-83.0,1291,124,16:45:09,2012-07-27
441170,127755,-83.0,1291,124,16:45:08,2012-07-27
441175,127755,-83.75,1291,124,16:45:07,2012-07-27
441190,127755,-84.0,1291,124,16:45:06,2012-07-27
441460,127825,-99.545456,1291,124,16:34:39,2012-07-27
442700,127830,-72.0,1291,124,17:12:58,2012-07-27
442710,127830,-72.0,1291,124,17:12:58,2012-07-27
442685,127835,-72.0,1291,124,17:13:01,2012-07-27
441465,127840,-99.5,1291,124,16:34:38,2012-07-27
442665,127840,-72.0,1291,124,17:13:02,2012-07-27
442675,127840,-72.0,1291,124,17:13:01,2012-07-27
442570,127845,-81.0,1291,124,17:13:11,2012-07-27
442575,127845,-80.0,1291,124,17:13:10,2012-07-27
442580,127845,-79.0,1291,124,17:13:10,2012-07-27
442590,127845,-77.666664,1291,124,17:13:09,2012-07-27
442595,127845,-77.0,1291,124,17:13:08,2012-07-27
442605,127845,-75.599998,1291,124,17:13:07,2012-07-27
442620,127845,-73.800003,1291,124,17:13:06,2012-07-27
442630,127845,-73.0,1291,124,17:13:05,2012-07-27
442640,127845,-72.199997,1291,124,17:13:04,2012-07-27
442650,127845,-72.0,1291,124,17:13:03,2012-07-27
441475,127850,-99.5,1291,124,16:34:36,2012-07-27
442550,127850,-83.5,1291,124,17:13:13,2012-07-27
442555,127850,-83.0,1291,124,17:13:13,2012-07-27
442560,127850,-83.0,1291,124,17:13:12,2012-07-27
442565,127850,-81.666664,1291,124,17:13:12,2012-07-27
442570,127850,-81.0,1291,124,17:13:11,2012-07-27
441475,127855,-99.0,1291,124,16:34:36,2012-07-27
441480,127855,-99.0,1291,124,16:34:36,2012-07-27
441480,127860,-99.0,1291,124,16:34:35,2012-07-27
453780,127860,-79.0,1291,124,13:58:23,2012-07-31
453790,127860,-79.0,1291,124,13:58:22,2012-07-31
453795,127860,-79.0,1291,124,13:58:21,2012-07-31
441485,127865,-99.0,1291,124,16:34:35,2012-07-27
453720,127865,-86.0,1291,124,13:58:27,2012-07-31
453730,127865,-80.400002,1291,124,13:58:27,2012-07-31
453735,127865,-79.0,1291,124,13:58:26,2012-07-31
453740,127865,-79.0,1291,124,13:58:26,2012-07-31
453745,127865,-79.0,1291,124,13:58:25,2012-07-31
453750,127865,-79.0,1291,124,13:58:25,2012-07-31
453755,127865,-79.0,1291,124,13:58:25,2012-07-31
453760,127865,-79.0,1291,124,13:58:24,2012-07-31
453770,127865,-79.0,1291,124,13:58:23,2012-07-31
453775,127865,-79.0,1291,124,13:58:23,2012-07-31
441485,127870,-99.0,1291,124,16:34:35,2012-07-27
441490,127870,-99.0,1291,124,16:34:35,2012-07-27
453710,127870,-86.25,1291,124,13:58:28,2012-07-31
453715,127870,-86.0,1291,124,13:58:28,2012-07-31
453720,127870,-86.0,1291,124,13:58:27,2012-07-31
441495,127875,-98.25,1291,124,16:34:34,2012-07-27
453695,127875,-87.0,1291,124,13:58:30,2012-07-31
453680,127880,-86.75,1291,124,13:58:31,2012-07-31
453690,127880,-87.0,1291,124,13:58:30,2012-07-31
441500,127885,-98.0,1291,124,16:34:33,2012-07-27
453665,127885,-86.0,1291,124,13:58:32,2012-07-31
441505,127890,-96.666664,1291,124,16:34:33,2012-07-27
453650,127890,-86.0,1291,124,13:58:33,2012-07-31
453660,127890,-86.0,1291,124,13:58:32,2012-07-31
441510,127895,-96.0,1291,124,16:34:32,2012-07-27
453620,127895,-86.25,1291,124,13:58:36,2012-07-31
453640,127895,-86.0,1291,124,13:58:35,2012-07-31
441510,127900,-96.0,1291,124,16:34:32,2012-07-27
441515,127900,-96.0,1291,124,16:34:31,2012-07-27
441550,127900,-95.0,1291,124,16:48:41,2012-07-27
453590,127900,-87.666664,1291,124,13:58:38,2012-07-31
441515,127905,-96.0,1291,124,16:34:31,2012-07-27
441555,127905,-95.0,1291,124,16:48:42,2012-07-27
453555,127910,-91.333336,1291,124,13:58:41,2012-07-31
453570,127910,-89.666664,1291,124,13:58:40,2012-07-31
453540,127915,-92.0,1291,124,13:58:41,2012-07-31
441520,127920,-96.0,1291,124,16:34:30,2012-07-27
441565,127920,-95.0,1291,124,16:48:43,2012-07-27
453530,127920,-92.0,1291,124,13:58:42,2012-07-31
441525,127925,-96.0,1291,124,16:34:29,2012-07-27
441565,127925,-95.0,1291,124,16:48:44,2012-07-27
441525,127935,-96.0,1291,124,16:34:28,2012-07-27
441570,127935,-95.0,1291,124,16:48:45,2012-07-27
441530,127950,-96.0,1291,124,16:34:27,2012-07-27
441530,127955,-96.0,1291,124,16:34:26,2012-07-27
441575,127955,-95.0,1291,124,16:48:47,2012-07-27
442425,127955,-67.0,1291,124,17:13:32,2012-07-27
441530,127960,-96.75,1291,124,16:34:26,2012-07-27
441575,127965,-93.285713,1291,124,16:48:48,2012-07-27
442420,127965,-67.0,1291,124,17:13:33,2012-07-27
441530,127970,-97.0,1291,124,16:34:25,2012-07-27
441530,127975,-96.333336,1291,124,16:34:24,2012-07-27
441570,127980,-91.0,1291,124,16:48:49,2012-07-27
442410,127980,-67.0,1291,124,17:13:35,2012-07-27
441530,127985,-96.0,1291,124,16:34:23,2012-07-27
441525,127990,-96.0,1291,124,16:34:23,2012-07-27
441565,127990,-91.333336,1291,124,16:48:50,2012-07-27
442405,127990,-67.0,1291,124,17:13:36,2012-07-27
441520,127995,-96.0,1291,124,16:34:22,2012-07-27
442395,127995,-69.222221,1291,124,17:13:37,2012-07-27
441520,128000,-95.333336,1291,124,16:34:21,2012-07-27
441560,128000,-92.0,1291,124,16:48:51,2012-07-27
442385,128005,-72.0,1291,124,17:13:38,2012-07-27
441515,128010,-95.0,1291,124,16:34:21,2012-07-27
442375,128010,-71.599998,1291,124,17:13:40,2012-07-27
441510,128015,-94.25,1291,124,16:34:20,2012-07-27
441545,128020,-92.666664,1291,124,16:48:53,2012-07-27
442345,128025,-69.400002,1291,124,17:13:41,2012-07-27
442350,128025,-70.0,1291,124,17:13:40,2012-07-27
441500,128035,-94.0,1291,124,16:34:18,2012-07-27
441535,128035,-94.0,1291,124,16:48:54,2012-07-27
442330,128035,-69.5,1291,124,17:13:43,2012-07-27
441495,128040,-94.0,1291,124,16:34:18,2012-07-27
442315,128040,-71.166664,1291,124,17:13:44,2012-07-27
442305,128045,-72.333336,1291,124,17:13:46,2012-07-27
441495,128050,-94.0,1291,124,16:34:17,2012-07-27
441530,128050,-94.333336,1291,124,16:48:56,2012-07-27
442290,128050,-73.0,1291,124,17:13:46,2012-07-27
442275,128055,-73.75,1291,124,17:13:47,2012-07-27
442265,128060,-76.0,1291,124,17:13:48,2012-07-27
441490,128065,-94.0,1291,124,16:34:16,2012-07-27
441530,128065,-95.333336,1291,124,16:48:57,2012-07-27
442250,128065,-76.0,1291,124,17:13:49,2012-07-27
441490,128070,-94.0,1291,124,16:34:15,2012-07-27
441530,128070,-96.0,1291,124,16:48:58,2012-07-27
442225,128070,-72.5,1291,124,17:13:51,2012-07-27
442240,128070,-74.5,1291,124,17:13:50,2012-07-27
441495,128075,-92.5,1291,124,16:34:14,2012-07-27
442195,128080,-68.0,1291,124,17:13:53,2012-07-27
442205,128080,-70.25,1291,124,17:13:53,2012-07-27
441535,128085,-94.285713,1291,124,16:48:58,2012-07-27
442165,128085,-65.666664,1291,124,17:13:56,2012-07-27
442180,128085,-67.199997,1291,124,17:13:54,2012-07-27
442135,128090,-64.0,1291,124,17:13:58,2012-07-27
442150,128090,-64.75,1291,124,17:13:57,2012-07-27
441500,128095,-92.75,1291,124,16:34:13,2012-07-27
442110,128095,-64.0,1291,124,17:14:00,2012-07-27
442120,128095,-64.0,1291,124,17:13:58,2012-07-27
441540,128100,-92.25,1291,124,16:49:00,2012-07-27
442080,128100,-64.0,1291,124,17:14:01,2012-07-27
441500,128105,-93.0,1291,124,16:34:12,2012-07-27
441540,128105,-89.5,1291,124,16:49:01,2012-07-27
442055,128105,-65.0,1291,124,17:14:03,2012-07-27
442035,128110,-69.0,1291,124,17:14:04,2012-07-27
442045,128110,-68.0,1291,124,17:14:03,2012-07-27
441500,128115,-93.0,1291,124,16:34:11,2012-07-27
441720,128115,-89.0,1291,124,16:33:44,2012-07-27
441725,128115,-89.0,1291,124,16:33:43,2012-07-27
442010,128115,-72.0,1291,124,17:14:05,2012-07-27
442025,128115,-71.0,1291,124,17:14:05,2012-07-27
441980,128120,-76.0,1291,124,17:14:08,2012-07-27
441985,128120,-76.0,1291,124,17:14:07,2012-07-27
441990,128120,-76.0,1291,124,17:14:07,2012-07-27
441995,128120,-75.5,1291,124,17:14:07,2012-07-27
441505,128125,-92.25,1291,124,16:34:10,2012-07-27
441705,128125,-89.0,1291,124,16:33:45,2012-07-27
441965,128125,-78.0,1291,124,17:14:09,2012-07-27
441970,128125,-78.0,1291,124,17:14:08,2012-07-27
441975,128125,-76.5,1291,124,17:14:08,2012-07-27
441505,128130,-92.0,1291,124,16:34:10,2012-07-27
441545,128130,-87.0,1291,124,16:49:03,2012-07-27
441700,128130,-89.0,1291,124,16:33:45,2012-07-27
441940,128130,-78.0,1291,124,17:14:10,2012-07-27
441945,128130,-78.0,1291,124,17:14:10,2012-07-27
441955,128130,-78.0,1291,124,17:14:09,2012-07-27
441505,128135,-92.0,1291,124,16:34:09,2012-07-27
441695,128135,-89.0,1291,124,16:33:45,2012-07-27
441925,128135,-76.0,1291,124,17:14:12,2012-07-27
441935,128135,-77.333336,1291,124,17:14:11,2012-07-27
441940,128135,-78.0,1291,124,17:14:11,2012-07-27
441510,128140,-92.0,1291,124,16:34:09,2012-07-27
441690,128140,-89.0,1291,124,16:33:46,2012-07-27
441910,128140,-76.0,1291,124,17:14:13,2012-07-27
441915,128140,-76.0,1291,124,17:14:12,2012-07-27
441510,128150,-92.0,1291,124,16:34:08,2012-07-27
441675,128150,-89.0,1291,124,16:33:47,2012-07-27
441890,128150,-76.333336,1291,124,17:14:14,2012-07-27
441510,128155,-92.0,1291,124,16:34:08,2012-07-27
441555,128155,-86.599998,1291,124,16:49:04,2012-07-27
441665,128155,-88.75,1291,124,16:33:49,2012-07-27
441875,128155,-77.0,1291,124,17:14:15,2012-07-27
443695,128155,-91.0,1291,124,16:15:48,2012-07-27
443700,128155,-91.0,1291,124,16:15:46,2012-07-27
441515,128160,-92.0,1291,124,16:34:07,2012-07-27
441865,128160,-77.0,1291,124,17:14:16,2012-07-27
443685,128160,-89.599998,1291,124,16:15:49,2012-07-27
443720,128160,-91.0,1291,124,16:15:45,2012-07-27
443770,128160,-83.0,1291,124,18:10:09,2012-07-27
441515,128165,-92.0,1291,124,16:34:07,2012-07-27
441555,128165,-86.0,1291,124,16:49:05,2012-07-27
441860,128165,-76.0,1291,124,17:14:17,2012-07-27
443730,128165,-91.0,1291,124,16:15:44,2012-07-27
441850,128170,-73.0,1291,124,17:14:18,2012-07-27
443740,128170,-91.0,1291,124,16:15:44,2012-07-27
441560,128175,-86.0,1291,124,16:49:06,2012-07-27
441640,128175,-88.0,1291,124,16:33:50,2012-07-27
441840,128175,-73.25,1291,124,17:14:18,2012-07-27
443665,128175,-85.0,1291,124,16:15:51,2012-07-27
443745,128175,-91.0,1291,124,16:15:42,2012-07-27
443790,128175,-83.0,1291,124,18:10:10,2012-07-27
441625,128180,-88.0,1291,124,16:33:52,2012-07-27
441830,128180,-74.0,1291,124,17:14:19,2012-07-27
441520,128185,-91.222221,1291,124,16:34:05,2012-07-27
441560,128185,-86.0,1291,124,16:49:07,2012-07-27
441825,128185,-73.5,1291,124,17:14:20,2012-07-27
443660,128185,-86.0,1291,124,16:15:52,2012-07-27
443795,128185,-83.0,1291,124,18:10:12,2012-07-27
441615,128190,-88.0,1291,124,16:33:52,2012-07-27
443585,128190,-82.25,1291,124,16:16:02,2012-07-27
443595,128190,-83.5,1291,124,16:16:00,2012-07-27
443600,128190,-84.0,1291,124,16:16:00,2012-07-27
441520,128195,-90.0,1291,124,16:34:04,2012-07-27
441560,128195,-86.571426,1291,124,16:49:08,2012-07-27
441610,128195,-87.0,1291,124,16:33:53,2012-07-27
441810,128195,-72.0,1291,124,17:14:20,2012-07-27
443575,128195,-80.0,1291,124,16:16:03,2012-07-27
443760,128195,-91.0,1291,124,16:15:42,2012-07-27
441555,128200,-87.400002,1291,124,16:49:10,2012-07-27
441800,128200,-72.0,1291,124,17:14:21,2012-07-27
443615,128200,-85.25,1291,124,16:15:59,2012-07-27
443650,128200,-86.666664,1291,124,16:15:53,2012-07-27
441545,128205,-89.199997,1291,124,16:49:11,2012-07-27
441595,128205,-86.0,1291,124,16:33:54,2012-07-27
443570,128205,-80.666664,1291,124,16:16:03,2012-07-27
443625,128205,-86.0,1291,124,16:15:57,2012-07-27
443645,128205,-88.0,1291,124,16:15:54,2012-07-27
443805,128205,-83.0,1291,124,18:10:12,2012-07-27
441535,128210,-89.0,1291,124,16:34:02,2012-07-27
441540,128210,-90.285713,1291,124,16:49:12,2012-07-27
441790,128210,-72.0,1291,124,17:14:22,2012-07-27
441525,128215,-91.0,1291,124,16:49:13,2012-07-27
441540,128215,-88.333336,1291,124,16:34:02,2012-07-27
441545,128215,-87.25,1291,124,16:34:00,2012-07-27
441575,128215,-87.0,1291,124,16:33:57,2012-07-27
441585,128215,-86.199997,1291,124,16:33:55,2012-07-27
441780,128215,-71.5,1291,124,17:14:22,2012-07-27
443565,128215,-82.272728,1291,124,16:16:04,2012-07-27
443810,128215,-83.0,1291,124,18:10:13,2012-07-27
441515,128220,-91.0,1291,124,16:49:14,2012-07-27
441520,128220,-91.0,1291,124,16:49:14,2012-07-27
441550,128220,-87.0,1291,124,16:33:59,2012-07-27
441555,128220,-87.0,1291,124,16:33:59,2012-07-27
441575,128220,-87.0,1291,124,16:33:57,2012-07-27
441770,128220,-70.0,1291,124,17:14:23,2012-07-27
443810,128220,-83.0,1291,124,18:10:14,2012-07-27
441510,128225,-91.333336,1291,124,16:49:15,2012-07-27
441765,128225,-70.5,1291,124,17:14:24,2012-07-27
443805,128225,-83.0,1291,124,16:37:51,2012-07-31
441505,128230,-92.0,1291,124,16:49:16,2012-07-27
441760,128230,-72.0,1291,124,17:14:24,2012-07-27
441500,128235,-92.0,1291,124,16:49:17,2012-07-27
441750,128235,-71.75,1291,124,17:14:25,2012-07-27
443810,128235,-83.0,1291,124,16:37:52,2012-07-31
443815,128235,-83.0,1291,124,18:10:15,2012-07-27
441495,128240,-92.0,1291,124,16:49:18,2012-07-27
441500,128240,-92.0,1291,124,16:49:18,2012-07-27
441740,128240,-71.0,1291,124,17:14:26,2012-07-27
443810,128240,-83.0,1291,124,16:37:53,2012-07-31
441490,128245,-92.0,1291,124,16:49:19,2012-07-27
441495,128245,-92.0,1291,124,16:49:18,2012-07-27
443815,128245,-83.0,1291,124,16:37:53,2012-07-31
441490,128250,-92.0,1291,124,16:49:19,2012-07-27
441730,128250,-71.5,1291,124,17:14:27,2012-07-27
443825,128250,-83.0,1291,124,18:10:15,2012-07-27
441485,128255,-92.0,1291,124,16:49:20,2012-07-27
441725,128255,-73.0,1291,124,17:14:27,2012-07-27
443825,128255,-86.666664,1291,124,18:10:16,2012-07-27
443820,128260,-83.0,1291,124,16:37:54,2012-07-31
441715,128265,-72.599998,1291,124,17:14:28,2012-07-27
443830,128265,-94.0,1291,124,18:10:17,2012-07-27
443825,128270,-83.0,1291,124,16:37:54,2012-07-31
441705,128275,-72.25,1291,124,17:14:30,2012-07-27
443825,128275,-83.0,1291,124,16:37:55,2012-07-31
443835,128275,-94.0,1291,124,18:10:17,2012-07-27
443830,128285,-83.0,1291,124,16:37:56,2012-07-31
443845,128285,-94.25,1291,124,18:10:18,2012-07-27
441685,128290,-73.0,1291,124,17:14:31,2012-07-27
443835,128290,-83.0,1291,124,16:37:56,2012-07-31
443840,128295,-83.0,1291,124,16:37:57,2012-07-31
443925,128295,-92.800003,1291,124,18:10:26,2012-07-27
443930,128295,-92.0,1291,124,18:10:26,2012-07-27
443935,128295,-92.0,1291,124,18:10:26,2012-07-27
443945,128295,-91.599998,1291,124,18:10:27,2012-07-27
443950,128295,-91.0,1291,124,18:10:29,2012-07-27
441675,128300,-72.800003,1291,124,17:14:32,2012-07-27
443850,128300,-83.0,1291,124,16:37:58,2012-07-31
443865,128300,-95.0,1291,124,18:10:20,2012-07-27
443905,128300,-92.0,1291,124,18:10:24,2012-07-27
443910,128300,-92.199997,1291,124,18:10:24,2012-07-27
443915,128300,-93.0,1291,124,16:38:03,2012-07-31
443930,128300,-93.0,1291,124,16:38:04,2012-07-31
443935,128300,-92.75,1291,124,16:38:06,2012-07-31
443950,128300,-91.0,1291,124,18:10:28,2012-07-27
443855,128305,-83.0,1291,124,16:37:58,2012-07-31
443875,128305,-95.0,1291,124,18:10:21,2012-07-27
443885,128305,-94.75,1291,124,18:10:22,2012-07-27
443895,128305,-94.0,1291,124,18:10:22,2012-07-27
443895,128305,-93.800003,1291,124,16:38:01,2012-07-31
443900,128305,-93.333336,1291,124,18:10:23,2012-07-27
443900,128305,-93.0,1291,124,16:38:02,2012-07-31
443905,128305,-92.0,1291,124,18:10:24,2012-07-27
443905,128305,-93.0,1291,124,16:38:02,2012-07-31
443965,128305,-91.400002,1291,124,18:10:30,2012-07-27
441655,128310,-71.75,1291,124,17:14:34,2012-07-27
443875,128310,-85.75,1291,124,16:38:00,2012-07-31
443880,128310,-94.0,1291,124,16:38:00,2012-07-31
443885,128310,-94.0,1291,124,16:38:01,2012-07-31
443955,128315,-92.0,1291,124,16:38:07,2012-07-31
443980,128315,-92.0,1291,124,18:10:31,2012-07-27
443970,128325,-92.666664,1291,124,16:38:08,2012-07-31
443990,128325,-92.0,1291,124,18:10:32,2012-07-27
441635,128330,-71.0,1291,124,17:14:35,2012-07-27
443995,128335,-92.625,1291,124,18:10:33,2012-07-27
443980,128340,-94.111115,1291,124,16:38:09,2012-07-31
441620,128345,-70.666664,1291,124,17:14:37,2012-07-27
441615,128350,-70.0,1291,124,17:14:37,2012-07-27
444005,128350,-93.0,1291,124,18:10:34,2012-07-27
443990,128355,-95.0,1291,124,16:38:10,2012-07-31
444010,128355,-93.0,1291,124,18:10:35,2012-07-27
441605,128360,-70.375,1291,124,17:14:39,2012-07-27
444015,128360,-93.0,1291,124,18:10:36,2012-07-27
444000,128365,-95.5,1291,124,16:38:11,2012-07-31
444010,128380,-96.25,1291,124,16:38:13,2012-07-31
444025,128380,-93.0,1291,124,18:10:37,2012-07-27
441585,128385,-71.0,1291,124,17:14:41,2012-07-27
444020,128395,-97.0,1291,124,16:38:13,2012-07-31
444035,128395,-92.833336,1291,124,18:10:38,2012-07-27
441575,128400,-71.0,1291,124,17:14:42,2012-07-27
441565,128410,-71.0,1291,124,17:14:42,2012-07-27
444030,128410,-97.0,1291,124,16:38:14,2012-07-31
444045,128410,-92.0,1291,124,18:10:39,2012-07-27
441560,128415,-71.5,1291,124,17:14:44,2012-07-27
441540,128425,-73.285713,1291,124,17:14:45,2012-07-27
444045,128430,-96.199997,1291,124,16:38:16,2012-07-31
441520,128435,-75.0,1291,124,17:14:47,2012-07-27
441510,128440,-75.25,1291,124,17:14:48,2012-07-27
441505,128450,-76.25,1291,124,17:14:49,2012-07-27
441500,128455,-77.0,1291,124,17:14:50,2012-07-27
441490,128470,-77.5,1291,124,17:14:52,2012-07-27
441485,128475,-79.0,1291,124,17:14:53,2012-07-27
441475,128485,-79.400002,1291,124,17:14:54,2012-07-27
441480,128485,-79.0,1291,124,17:14:54,2012-07-27
441460,128510,-81.666664,1291,124,17:14:56,2012-07-27
441450,128515,-83.25,1291,124,17:14:58,2012-07-27
441445,128520,-84.0,1291,124,17:14:58,2012-07-27
441440,128525,-83.75,1291,124,17:14:59,2012-07-27
441435,128530,-83.0,1291,124,17:15:00,2012-07-27
441430,128535,-83.25,1291,124,17:15:01,2012-07-27
441420,128545,-84.0,1291,124,17:15:01,2012-07-27
441415,128550,-82.666664,1291,124,17:15:02,2012-07-27
441410,128555,-80.0,1291,124,17:15:03,2012-07-27
441405,128560,-79.0,1291,124,17:15:03,2012-07-27
441395,128570,-76.0,1291,124,17:15:04,2012-07-27
441390,128575,-75.5,1291,124,17:15:05,2012-07-27
441065,128585,-83.0,1291,124,16:49:51,2012-07-27
441045,128590,-83.0,1291,124,16:49:53,2012-07-27
441375,128590,-73.666664,1291,124,17:15:06,2012-07-27
441370,128595,-73.0,1291,124,17:15:07,2012-07-27
441025,128600,-83.0,1291,124,16:49:53,2012-07-27
441365,128600,-73.0,1291,124,17:15:07,2012-07-27
441015,128605,-83.0,1291,124,16:49:53,2012-07-27
441020,128605,-83.0,1291,124,16:49:53,2012-07-27
441360,128605,-73.0,1291,124,17:15:07,2012-07-27
441355,128610,-73.0,1291,124,17:15:08,2012-07-27
441000,128615,-83.0,1291,124,16:49:54,2012-07-27
441350,128615,-73.0,1291,124,17:15:09,2012-07-27
440995,128620,-83.0,1291,124,16:49:55,2012-07-27
441345,128620,-73.0,1291,124,17:15:10,2012-07-27
440985,128625,-83.0,1291,124,16:49:56,2012-07-27
440970,128635,-83.0,1291,124,16:49:56,2012-07-27
441330,128635,-72.333336,1291,124,17:15:10,2012-07-27
440955,128640,-84.25,1291,124,16:49:57,2012-07-27
441320,128645,-72.0,1291,124,17:15:12,2012-07-27
440930,128650,-88.25,1291,124,16:49:58,2012-07-27
440940,128650,-88.0,1291,124,16:49:58,2012-07-27
439110,128655,-73.0,1291,124,14:12:33,2012-07-30
440920,128655,-89.0,1291,124,16:49:59,2012-07-27
441310,128655,-71.5,1291,124,17:15:13,2012-07-27
439110,128660,-73.0,1291,124,14:12:34,2012-07-30
440905,128660,-89.0,1291,124,16:50:00,2012-07-27
440890,128665,-89.0,1291,124,16:50:00,2012-07-27
439105,128670,-73.0,1291,124,14:12:34,2012-07-30
440875,128670,-89.0,1291,124,16:50:01,2012-07-27
441295,128670,-70.0,1291,124,17:15:14,2012-07-27
439105,128675,-73.0,1291,124,14:12:35,2012-07-30
440850,128675,-88.5,1291,124,16:50:03,2012-07-27
440855,128675,-89.0,1291,124,16:50:02,2012-07-27
439105,128680,-73.0,1291,124,14:12:36,2012-07-30
440830,128680,-87.0,1291,124,16:50:03,2012-07-27
441290,128680,-70.0,1291,124,17:15:15,2012-07-27
440805,128685,-89.0,1291,124,16:50:05,2012-07-27
440815,128685,-87.5,1291,124,16:50:04,2012-07-27
439105,128690,-73.0,1291,124,14:12:37,2012-07-30
440780,128690,-90.0,1291,124,16:50:06,2012-07-27
440790,128690,-89.25,1291,124,16:50:05,2012-07-27
441280,128690,-69.599998,1291,124,17:15:16,2012-07-27
439100,128695,-73.0,1291,124,14:12:37,2012-07-30
440765,128695,-90.0,1291,124,16:50:07,2012-07-27
439100,128700,-73.0,1291,124,14:12:37,2012-07-30
440750,128700,-90.0,1291,124,16:50:08,2012-07-27
441270,128700,-69.0,1291,124,17:15:18,2012-07-27
439100,128705,-73.0,1291,124,14:12:38,2012-07-30
440735,128705,-90.0,1291,124,16:50:08,2012-07-27
441260,128705,-69.099998,1291,124,17:15:18,2012-07-27
439100,128710,-74.25,1291,124,14:12:39,2012-07-30
440710,128710,-90.5,1291,124,16:50:10,2012-07-27
440720,128710,-90.0,1291,124,16:50:09,2012-07-27
439100,128715,-78.0,1291,124,14:12:39,2012-07-30
440700,128715,-92.0,1291,124,16:50:10,2012-07-27
441250,128715,-70.0,1291,124,17:15:19,2012-07-27
439100,128720,-78.0,1291,124,14:12:39,2012-07-30
440685,128720,-91.75,1291,124,16:50:11,2012-07-27
441235,128720,-69.599998,1291,124,17:15:20,2012-07-27
439095,128725,-77.0,1291,124,14:12:40,2012-07-30
440680,128725,-91.0,1291,124,16:50:11,2012-07-27
441225,128725,-67.800003,1291,124,17:15:22,2012-07-27
439095,128730,-75.0,1291,124,14:12:41,2012-07-30
440675,128730,-91.0,1291,124,16:50:12,2012-07-27
440665,128735,-91.0,1291,124,16:50:12,2012-07-27
441210,128735,-65.800003,1291,124,17:15:23,2012-07-27
439095,128740,-75.0,1291,124,14:12:42,2012-07-30
440655,128740,-90.0,1291,124,16:50:13,2012-07-27
440660,128740,-90.333336,1291,124,16:50:13,2012-07-27
440650,128745,-90.0,1291,124,16:50:13,2012-07-27
441175,128745,-64.0,1291,124,17:15:25,2012-07-27
441190,128745,-64.5,1291,124,17:15:25,2012-07-27
439090,128750,-75.0,1291,124,14:12:43,2012-07-30
440645,128750,-90.0,1291,124,16:50:13,2012-07-27
439090,128755,-75.0,1291,124,14:12:44,2012-07-30
441145,128755,-66.0,1291,124,17:15:28,2012-07-27
441160,128755,-64.333336,1291,124,17:15:27,2012-07-27
441120,128760,-67.0,1291,124,17:15:30,2012-07-27
441130,128760,-66.333336,1291,124,17:15:28,2012-07-27
439090,128765,-75.0,1291,124,14:12:44,2012-07-30
441095,128765,-68.0,1291,124,17:15:32,2012-07-27
441105,128765,-67.25,1291,124,17:15:32,2012-07-27
441075,128770,-67.599998,1291,124,17:15:33,2012-07-27
439090,128775,-74.5,1291,124,14:12:46,2012-07-30
441060,128775,-66.0,1291,124,17:15:34,2012-07-27
439090,128780,-73.0,1291,124,14:12:46,2012-07-30
441050,128780,-64.0,1291,124,17:15:36,2012-07-27
439090,128785,-73.0,1291,124,14:12:46,2012-07-30
441035,128785,-64.0,1291,124,17:15:37,2012-07-27
439090,128790,-73.5,1291,124,14:12:47,2012-07-30
441010,128790,-64.0,1291,124,17:15:38,2012-07-27
441015,128790,-64.0,1291,124,17:15:37,2012-07-27
441020,128790,-64.0,1291,124,17:15:37,2012-07-27
439090,128795,-75.0,1291,124,14:12:48,2012-07-30
440995,128795,-64.0,1291,124,17:15:39,2012-07-27
441000,128795,-64.0,1291,124,17:15:39,2012-07-27
441005,128795,-64.0,1291,124,17:15:38,2012-07-27
440995,128800,-64.0,1291,124,17:15:39,2012-07-27
439090,128805,-76.199997,1291,124,14:12:49,2012-07-30
440980,128805,-65.0,1291,124,17:15:40,2012-07-27
440985,128805,-64.25,1291,124,17:15:40,2012-07-27
439090,128810,-78.0,1291,124,14:12:49,2012-07-30
440965,128810,-65.5,1291,124,17:15:41,2012-07-27
440970,128810,-65.0,1291,124,17:15:41,2012-07-27
439090,128815,-78.25,1291,124,14:12:50,2012-07-30
440955,128815,-67.0,1291,124,17:15:42,2012-07-27
439090,128820,-79.166664,1291,124,14:12:51,2012-07-30
440935,128820,-70.0,1291,124,17:15:44,2012-07-27
440945,128820,-68.0,1291,124,17:15:43,2012-07-27
440950,128820,-67.0,1291,124,17:15:43,2012-07-27
440915,128825,-74.75,1291,124,17:15:46,2012-07-27
440920,128825,-74.0,1291,124,17:15:45,2012-07-27
440930,128825,-71.0,1291,124,17:15:44,2012-07-27
440900,128830,-81.0,1291,124,17:15:47,2012-07-27
440905,128830,-78.0,1291,124,17:15:47,2012-07-27
440910,128830,-77.0,1291,124,17:15:47,2012-07-27
439090,128835,-80.0,1291,124,14:12:52,2012-07-30
440890,128835,-80.666664,1291,124,17:15:49,2012-07-27
440885,128840,-80.0,1291,124,17:15:49,2012-07-27
439090,128845,-80.0,1291,124,14:12:53,2012-07-30
440875,128845,-76.0,1291,124,17:15:51,2012-07-27
440880,128845,-79.0,1291,124,17:15:50,2012-07-27
440875,128850,-76.0,1291,124,17:15:51,2012-07-27
439090,128855,-79.333336,1291,124,14:12:54,2012-07-30
440870,128855,-75.833336,1291,124,17:15:53,2012-07-27
440865,128860,-75.0,1291,124,17:15:53,2012-07-27
439090,128865,-78.0,1291,124,14:12:55,2012-07-30
440860,128865,-74.0,1291,124,17:15:55,2012-07-27
440865,128865,-74.666664,1291,124,17:15:54,2012-07-27
440860,128870,-74.75,1291,124,17:15:56,2012-07-27
440860,128875,-77.0,1291,124,17:15:56,2012-07-27
440865,128880,-77.666664,1291,124,17:15:57,2012-07-27
440865,128885,-77.5,1291,124,17:15:59,2012-07-27
440870,128885,-78.25,1291,124,17:15:59,2012-07-27
440870,128890,-76.599998,1291,124,17:15:59,2012-07-27
440885,128905,-78.400002,1291,124,17:16:01,2012-07-27
440890,128915,-78.0,1291,124,17:16:03,2012-07-27
440890,128920,-77.75,1291,124,17:16:04,2012-07-27
440895,128930,-77.0,1291,124,17:16:05,2012-07-27
440900,128945,-77.5,1291,124,17:16:06,2012-07-27
440905,128950,-76.125,1291,124,17:16:07,2012-07-27
440910,128965,-75.25,1291,124,17:16:08,2012-07-27
440910,128975,-76.0,1291,124,17:16:09,2012-07-27
440915,128980,-76.0,1291,124,17:16:10,2012-07-27
440915,128985,-75.199997,1291,124,17:16:11,2012-07-27
440910,128995,-73.599998,1291,124,17:16:12,2012-07-27
440900,129000,-71.75,1291,124,17:16:14,2012-07-27
440905,129000,-72.0,1291,124,17:16:13,2012-07-27
440890,129005,-71.0,1291,124,17:16:15,2012-07-27
440880,129010,-71.0,1291,124,17:16:16,2012-07-27
440875,129020,-71.666664,1291,124,17:16:17,2012-07-27
440865,129025,-73.5,1291,124,17:16:18,2012-07-27
440850,129030,-75.400002,1291,124,17:16:19,2012-07-27
440840,129035,-77.0,1291,124,17:16:20,2012-07-27
440830,129045,-77.0,1291,124,17:16:21,2012-07-27
440815,129050,-77.0,1291,124,17:16:22,2012-07-27
440795,129065,-76.833336,1291,124,17:16:24,2012-07-27
440785,129075,-76.0,1291,124,17:16:24,2012-07-27
440770,129080,-76.800003,1291,124,17:16:25,2012-07-27
440760,129090,-78.400002,1291,124,17:16:26,2012-07-27
440750,129095,-80.0,1291,124,17:16:27,2012-07-27
440735,129100,-79.75,1291,124,17:16:28,2012-07-27
440720,129115,-79.0,1291,124,17:16:30,2012-07-27
440705,129120,-78.5,1291,124,17:16:31,2012-07-27
440715,129120,-79.0,1291,124,17:16:30,2012-07-27
440700,129125,-77.0,1291,124,17:16:32,2012-07-27
440680,129135,-73.0,1291,124,17:16:33,2012-07-27
440685,129135,-75.666664,1291,124,17:16:32,2012-07-27
440670,129140,-72.5,1291,124,17:16:34,2012-07-27
440655,129150,-71.0,1291,124,17:16:35,2012-07-27
440625,129160,-69.0,1291,124,17:16:37,2012-07-27
440635,129160,-70.333336,1291,124,17:16:37,2012-07-27
440615,129165,-69.0,1291,124,17:16:38,2012-07-27
440620,129165,-69.0,1291,124,17:16:38,2012-07-27
440625,129165,-69.0,1291,124,17:16:37,2012-07-27
440605,129170,-69.0,1291,124,17:16:38,2012-07-27
440610,129170,-69.0,1291,124,17:16:38,2012-07-27
440595,129175,-68.666664,1291,124,17:16:39,2012-07-27
440585,129180,-68.0,1291,124,17:16:40,2012-07-27
440575,129185,-68.0,1291,124,17:16:41,2012-07-27
440580,129185,-68.0,1291,124,17:16:41,2012-07-27
440560,129195,-68.0,1291,124,17:16:42,2012-07-27
440550,129200,-68.0,1291,124,17:16:43,2012-07-27
440540,129210,-68.800003,1291,124,17:16:44,2012-07-27
440530,129215,-70.0,1291,124,17:16:45,2012-07-27
440535,129215,-70.0,1291,124,17:16:44,2012-07-27
440525,129220,-71.0,1291,124,17:16:45,2012-07-27
440515,129230,-74.0,1291,124,17:16:46,2012-07-27
440510,129235,-74.5,1291,124,17:16:46,2012-07-27
440500,129240,-76.0,1291,124,17:16:47,2012-07-27
440495,129245,-77.25,1291,124,17:16:48,2012-07-27
440490,129250,-78.0,1291,124,17:16:49,2012-07-27
440485,129255,-78.0,1291,124,17:16:50,2012-07-27
440470,129265,-77.5,1291,124,17:16:51,2012-07-27
440465,129275,-76.0,1291,124,17:16:51,2012-07-27
440460,129280,-76.0,1291,124,17:16:52,2012-07-27
439945,129295,-87.0,1291,124,17:18:29,2012-07-27
440445,129295,-76.666664,1291,124,17:16:54,2012-07-27
439940,129300,-85.199997,1291,124,17:18:28,2012-07-27
439935,129305,-84.0,1291,124,17:18:28,2012-07-27
440435,129305,-78.0,1291,124,17:16:55,2012-07-27
439935,129310,-81.0,1291,124,17:18:27,2012-07-27
440425,129315,-78.400002,1291,124,17:16:56,2012-07-27
439930,129320,-81.0,1291,124,17:18:26,2012-07-27
439930,129325,-80.0,1291,124,17:18:25,2012-07-27
440425,129325,-79.0,1291,124,17:16:57,2012-07-27
440420,129330,-80.0,1291,124,17:16:58,2012-07-27
439930,129335,-80.0,1291,124,17:18:25,2012-07-27
440415,129335,-83.0,1291,124,17:16:58,2012-07-27
439930,129340,-79.25,1291,124,17:18:24,2012-07-27
440415,129340,-82.5,1291,124,17:16:59,2012-07-27
439930,129345,-79.0,1291,124,17:18:23,2012-07-27
439930,129350,-79.0,1291,124,17:18:23,2012-07-27
440410,129350,-81.25,1291,124,17:17:01,2012-07-27
439930,129355,-79.0,1291,124,17:18:23,2012-07-27
439935,129360,-79.0,1291,124,17:18:22,2012-07-27
439935,129365,-79.0,1291,124,17:18:22,2012-07-27
440395,129365,-80.125,1291,124,17:17:02,2012-07-27
439935,129370,-79.0,1291,124,17:18:21,2012-07-27
439940,129375,-79.0,1291,124,17:18:21,2012-07-27
440390,129375,-79.599998,1291,124,17:17:05,2012-07-27
439940,129380,-80.0,1291,124,17:18:21,2012-07-27
439940,129385,-80.0,1291,124,17:18:20,2012-07-27
440380,129385,-77.75,1291,124,17:17:06,2012-07-27
439945,129390,-79.0,1291,124,17:18:20,2012-07-27
440370,129395,-77.0,1291,124,17:17:07,2012-07-27
440360,129400,-77.5,1291,124,17:17:07,2012-07-27
440350,129405,-78.0,1291,124,17:17:09,2012-07-27
439950,129410,-77.0,1291,124,17:18:18,2012-07-27
440345,129410,-77.800003,1291,124,17:17:10,2012-07-27
439950,129420,-77.0,1291,124,17:18:18,2012-07-27
440320,129420,-76.0,1291,124,17:17:13,2012-07-27
440330,129420,-76.800003,1291,124,17:17:12,2012-07-27
439950,129425,-77.0,1291,124,17:18:17,2012-07-27
439955,129425,-77.0,1291,124,17:18:17,2012-07-27
440250,129425,-81.285713,1291,124,17:17:37,2012-07-27
440255,129425,-83.163269,1291,124,17:17:22,2012-07-27
440260,129425,-79.0,1291,124,17:17:21,2012-07-27
440280,129425,-75.0,1291,124,17:17:17,2012-07-27
440285,129425,-74.25,1291,124,17:17:16,2012-07-27
440290,129425,-74.0,1291,124,17:17:15,2012-07-27
440295,129425,-75.800003,1291,124,17:17:15,2012-07-27
440310,129425,-76.25,1291,124,17:17:13,2012-07-27
440170,129430,-78.0,1291,124,17:17:47,2012-07-27
440175,129430,-78.0,1291,124,17:17:47,2012-07-27
440185,129430,-77.25,1291,124,17:17:46,2012-07-27
440195,129430,-77.0,1291,124,17:17:45,2012-07-27
440200,129430,-75.5,1291,124,17:17:44,2012-07-27
440215,129430,-73.666664,1291,124,17:17:43,2012-07-27
440230,129430,-75.666664,1291,124,17:17:42,2012-07-27
440235,129430,-77.0,1291,124,17:17:41,2012-07-27
440240,129430,-77.75,1291,124,17:17:40,2012-07-27
440245,129430,-78.0,1291,124,17:17:39,2012-07-27
440250,129430,-79.0,1291,124,17:17:38,2012-07-27
440260,129430,-78.25,1291,124,17:17:20,2012-07-27
440265,129430,-76.5,1291,124,17:17:19,2012-07-27
440270,129430,-75.0,1291,124,17:17:18,2012-07-27
440275,129430,-75.0,1291,124,17:17:18,2012-07-27
440150,129435,-82.0,1291,124,17:17:50,2012-07-27
440155,129435,-79.333336,1291,124,17:17:49,2012-07-27
439960,129440,-77.75,1291,124,17:18:15,2012-07-27
440135,129440,-81.599998,1291,124,17:17:51,2012-07-27
440140,129440,-82.0,1291,124,17:17:51,2012-07-27
439965,129445,-78.0,1291,124,17:18:15,2012-07-27
439975,129445,-78.0,1291,124,17:18:14,2012-07-27
440115,129445,-79.599998,1291,124,17:17:54,2012-07-27
440120,129445,-80.0,1291,124,17:17:53,2012-07-27
439980,129450,-79.0,1291,124,17:18:13,2012-07-27
439990,129450,-79.0,1291,124,17:18:13,2012-07-27
440100,129450,-76.800003,1291,124,17:17:57,2012-07-27
440105,129450,-78.0,1291,124,17:17:56,2012-07-27
440110,129450,-78.0,1291,124,17:17:56,2012-07-27
440000,129455,-79.0,1291,124,17:18:11,2012-07-27
440010,129455,-79.0,1291,124,17:18:11,2012-07-27
440015,129455,-79.0,1291,124,17:18:10,2012-07-27
440020,129455,-76.0,1291,124,17:18:10,2012-07-27
440090,129455,-75.400002,1291,124,17:17:59,2012-07-27
440025,129460,-76.0,1291,124,17:18:09,2012-07-27
440030,129460,-76.0,1291,124,17:18:08,2012-07-27
440035,129460,-76.0,1291,124,17:18:08,2012-07-27
440075,129460,-78.761902,1291,124,17:18:01,2012-07-27
440080,129460,-75.0,1291,124,17:18:00,2012-07-27
440045,129465,-74.666664,1291,124,17:18:07,2012-07-27
440050,129465,-72.599998,1291,124,17:18:06,2012-07-27
440055,129465,-73.599998,1291,124,17:18:04,2012-07-27
440060,129465,-75.400002,1291,124,17:18:03,2012-07-27
440065,129465,-73.0,1291,124,16:52:38,2012-07-27
440070,129465,-74.899597,1291,124,16:52:39,2012-07-27
440075,129465,-79.875,1291,124,16:54:10,2012-07-27
440050,129470,-73.0,1291,124,16:54:13,2012-07-27
440055,129470,-74.5,1291,124,16:54:13,2012-07-27
440075,129470,-80.875,1291,124,16:53:56,2012-07-27
440045,129475,-71.800003,1291,124,16:54:15,2012-07-27
440050,129475,-72.666664,1291,124,16:54:14,2012-07-27
440040,129480,-71.0,1291,124,16:54:16,2012-07-27
440030,129490,-71.0,1291,124,16:54:17,2012-07-27
440020,129500,-70.5,1291,124,16:54:18,2012-07-27
440015,129510,-70.666664,1291,124,16:54:20,2012-07-27
440005,129515,-71.666664,1291,124,16:54:21,2012-07-27
440000,129525,-71.0,1291,124,16:54:21,2012-07-27
439990,129535,-71.666664,1291,124,16:54:22,2012-07-27
439980,129540,-73.5,1291,124,16:54:24,2012-07-27
439975,129550,-74.099998,1291,124,16:54:24,2012-07-27
439965,129560,-75.0,1291,124,16:54:26,2012-07-27
439955,129570,-75.0,1291,124,16:54:27,2012-07-27
439950,129575,-75.75,1291,124,16:54:28,2012-07-27
439940,129585,-78.199997,1291,124,16:54:29,2012-07-27
439935,129590,-79.0,1291,124,16:54:30,2012-07-27
439930,129600,-80.0,1291,124,16:54:31,2012-07-27
439795,129795,-75.0,1291,124,16:54:57,2012-07-27
439800,129795,-75.0,1291,124,16:54:56,2012-07-27
439795,129800,-75.0,1291,124,16:54:57,2012-07-27
439785,129805,-75.0,1291,124,16:54:58,2012-07-27
439790,129805,-75.0,1291,124,16:54:58,2012-07-27
439780,129810,-75.0,1291,124,16:54:59,2012-07-27
439785,129810,-75.0,1291,124,16:55:00,2012-07-27
439775,129820,-75.0,1291,124,16:55:02,2012-07-27
439765,129825,-75.0,1291,124,16:55:04,2012-07-27
439770,129825,-75.0,1291,124,16:55:03,2012-07-27
439760,129830,-80.666664,1291,124,16:55:04,2012-07-27
439750,129835,-92.25,1291,124,16:55:06,2012-07-27
439755,129835,-92.0,1291,124,16:55:05,2012-07-27
439760,129835,-92.0,1291,124,16:55:05,2012-07-27
439920,129835,-69.699997,1291,124,16:56:40,2012-07-27
439925,129835,-71.6129,1291,124,16:56:40,2012-07-27
439930,129835,-73.959183,1291,124,16:56:10,2012-07-27
439745,129840,-91.181816,1291,124,16:55:07,2012-07-27
439750,129840,-93.0,1291,124,16:55:06,2012-07-27
439925,129840,-70.727272,1291,124,16:56:07,2012-07-27
439930,129840,-74.046875,1291,124,16:56:22,2012-07-27
439735,129845,-89.0,1291,124,16:55:08,2012-07-27
439925,129845,-72.0,1291,124,16:56:47,2012-07-27
439730,129850,-89.0,1291,124,16:55:09,2012-07-27
439925,129850,-74.0,1291,124,16:56:47,2012-07-27
439725,129855,-88.599998,1291,124,16:55:10,2012-07-27
439925,129855,-76.0,1291,124,16:56:49,2012-07-27
439720,129860,-87.75,1291,124,16:55:11,2012-07-27
439925,129860,-75.0,1291,124,16:56:50,2012-07-27
439715,129865,-87.0,1291,124,16:55:12,2012-07-27
439925,129865,-75.0,1291,124,16:56:51,2012-07-27
439710,129870,-87.222221,1291,124,16:55:14,2012-07-27
439710,129875,-86.26667,1291,124,16:55:17,2012-07-27
439925,129875,-77.0,1291,124,16:56:52,2012-07-27
439710,129880,-86.0,1291,124,16:55:19,2012-07-27
439715,129880,-86.0,1291,124,16:55:20,2012-07-27
439925,129880,-77.0,1291,124,16:56:52,2012-07-27
439715,129885,-86.0,1291,124,16:55:20,2012-07-27
439720,129885,-86.5,1291,124,16:55:21,2012-07-27
439725,129885,-87.0,1291,124,16:55:22,2012-07-27
439725,129890,-86.0,1291,124,16:55:23,2012-07-27
439730,129890,-82.0,1291,124,16:55:23,2012-07-27
439925,129890,-81.0,1291,124,16:56:54,2012-07-27
439735,129895,-83.0,1291,124,16:55:24,2012-07-27
439740,129900,-85.0,1291,124,16:55:25,2012-07-27
439745,129900,-85.0,1291,124,16:55:26,2012-07-27
439750,129905,-85.0,1291,124,16:55:26,2012-07-27
439755,129905,-85.0,1291,124,16:55:27,2012-07-27
439755,129910,-85.0,1291,124,16:55:27,2012-07-27
439760,129910,-85.0,1291,124,16:55:28,2012-07-27
439905,129935,-86.5,1291,124,16:57:01,2012-07-27
439910,129935,-87.0,1291,124,16:57:00,2012-07-27
439900,129940,-85.25,1291,124,16:57:02,2012-07-27
439905,129940,-85.0,1291,124,16:57:02,2012-07-27
439895,129945,-84.800003,1291,124,16:57:05,2012-07-27
439900,129945,-86.0,1291,124,16:57:03,2012-07-27
439895,129950,-81.0,1291,124,16:57:06,2012-07-27
439900,129950,-79.0,1291,124,16:57:08,2012-07-27
439900,129955,-79.400002,1291,124,16:57:08,2012-07-27
439905,129960,-81.333336,1291,124,16:57:10,2012-07-27
439910,129965,-83.0,1291,124,16:57:12,2012-07-27
439915,129970,-83.0,1291,124,16:57:12,2012-07-27
439920,129970,-83.0,1291,124,16:57:13,2012-07-27
439920,129975,-83.0,1291,124,16:57:14,2012-07-27
439925,129975,-83.0,1291,124,16:57:14,2012-07-27
439930,129980,-83.5,1291,124,16:57:15,2012-07-27
439935,129985,-85.5,1291,124,16:57:16,2012-07-27
439940,129985,-86.0,1291,124,16:57:17,2012-07-27
439945,129990,-84.5,1291,124,16:57:18,2012-07-27
439950,129990,-83.0,1291,124,16:57:19,2012-07-27
439950,129995,-82.714287,1291,124,16:57:19,2012-07-27
439955,129995,-82.0,1291,124,16:57:19,2012-07-27
441810,130040,-80.0,1291,124,18:07:06,2012-07-27
442135,130040,-81.75,1291,124,16:30:44,2012-07-31
442145,130040,-81.0,1291,124,16:30:45,2012-07-31
441810,130045,-80.0,1291,124,18:07:06,2012-07-27
442125,130045,-82.571426,1291,124,16:30:42,2012-07-31
442130,130045,-83.0,1291,124,16:30:43,2012-07-31
441805,130050,-80.0,1291,124,18:07:06,2012-07-27
442110,130050,-82.75,1291,124,16:30:41,2012-07-31
442115,130050,-82.0,1291,124,16:30:41,2012-07-31
441805,130055,-80.5,1291,124,18:07:05,2012-07-27
442095,130055,-82.25,1291,124,16:30:39,2012-07-31
442100,130055,-83.0,1291,124,16:30:40,2012-07-31
441800,130060,-81.0,1291,124,18:07:05,2012-07-27
442085,130060,-82.0,1291,124,16:30:38,2012-07-31
442090,130060,-82.0,1291,124,16:30:39,2012-07-31
441800,130065,-81.0,1291,124,18:00:47,2012-07-27
442070,130065,-79.0,1291,124,16:30:37,2012-07-31
442075,130065,-79.0,1291,124,16:30:37,2012-07-31
442080,130065,-79.85714,1291,124,16:30:38,2012-07-31
441800,130070,-81.0,1291,124,18:00:47,2012-07-27
442060,130070,-75.25,1291,124,16:30:35,2012-07-31
442065,130070,-76.0,1291,124,16:30:36,2012-07-31
442070,130070,-76.75,1291,124,16:30:37,2012-07-31
441795,130075,-81.0,1291,124,18:00:47,2012-07-27
442050,130075,-75.0,1291,124,16:30:34,2012-07-31
442045,130080,-72.75,1291,124,16:30:34,2012-07-31
441795,130085,-81.0,1291,124,18:07:03,2012-07-27
442040,130085,-72.0,1291,124,16:30:33,2012-07-31
441790,130090,-80.199997,1291,124,18:07:02,2012-07-27
442035,130090,-72.0,1291,124,16:30:32,2012-07-31
441790,130095,-80.0,1291,124,18:07:02,2012-07-27
442030,130095,-72.0,1291,124,16:30:31,2012-07-31
441790,130100,-80.0,1291,124,18:07:02,2012-07-27
441785,130105,-81.5,1291,124,18:07:01,2012-07-27
442025,130105,-72.0,1291,124,16:30:30,2012-07-31
442020,130110,-72.75,1291,124,16:30:29,2012-07-31
441785,130115,-82.0,1291,124,18:07:00,2012-07-27
442015,130115,-73.0,1291,124,16:30:29,2012-07-31
441785,130120,-82.0,1291,124,18:07:00,2012-07-27
442010,130120,-72.25,1291,124,16:30:28,2012-07-31
441785,130125,-82.666664,1291,124,18:07:00,2012-07-27
442005,130125,-72.0,1291,124,16:30:27,2012-07-31
442000,130130,-72.0,1291,124,16:30:27,2012-07-31
441785,130135,-83.0,1291,124,18:06:59,2012-07-27
441985,130135,-74.25,1291,124,16:30:25,2012-07-31
441995,130135,-72.0,1291,124,16:30:26,2012-07-31
441975,130140,-75.75,1291,124,16:30:24,2012-07-31
441980,130140,-75.0,1291,124,16:30:25,2012-07-31
441785,130145,-82.333336,1291,124,18:06:58,2012-07-27
441970,130145,-76.0,1291,124,16:30:23,2012-07-31
441965,130150,-75.25,1291,124,16:30:22,2012-07-31
441785,130155,-82.0,1291,124,18:06:57,2012-07-27
441955,130155,-75.75,1291,124,16:30:21,2012-07-31
441960,130155,-75.0,1291,124,16:30:22,2012-07-31
441785,130160,-82.666664,1291,124,18:06:57,2012-07-27
441955,130160,-76.0,1291,124,16:30:20,2012-07-31
441785,130165,-83.0,1291,124,18:06:56,2012-07-27
441785,130170,-83.0,1291,124,18:06:56,2012-07-27
441950,130170,-75.25,1291,124,16:30:20,2012-07-31
441785,130175,-84.0,1291,124,18:06:55,2012-07-27
441940,130175,-75.0,1291,124,16:30:19,2012-07-31
441935,130180,-72.75,1291,124,16:30:18,2012-07-31
441935,130185,-72.0,1291,124,16:30:17,2012-07-31
441785,130190,-85.0,1291,124,18:06:54,2012-07-27
441785,130195,-83.666664,1291,124,18:06:54,2012-07-27
441930,130195,-72.0,1291,124,16:30:17,2012-07-31
441920,130205,-73.5,1291,124,16:30:15,2012-07-31
441920,130210,-74.0,1291,124,16:30:15,2012-07-31
441790,130215,-83.0,1291,124,18:06:53,2012-07-27
441915,130215,-74.0,1291,124,16:30:14,2012-07-31
441915,130220,-74.0,1291,124,16:30:13,2012-07-31
441910,130225,-74.75,1291,124,16:30:13,2012-07-31
441790,130230,-83.0,1291,124,18:06:51,2012-07-27
441905,130235,-75.0,1291,124,16:30:11,2012-07-31
441790,130240,-83.0,1291,124,18:06:50,2012-07-27
441905,130240,-75.0,1291,124,16:30:11,2012-07-31
441790,130250,-83.0,1291,124,18:06:50,2012-07-27
441895,130250,-74.333336,1291,124,16:30:10,2012-07-31
441895,130255,-74.0,1291,124,16:30:09,2012-07-31
441890,130260,-74.0,1291,124,16:30:09,2012-07-31
441790,130265,-83.0,1291,124,18:06:49,2012-07-27
441890,130265,-74.0,1291,124,16:30:08,2012-07-31
441790,130270,-82.25,1291,124,18:06:48,2012-07-27
441885,130270,-73.0,1291,124,16:30:08,2012-07-31
441890,130270,-73.199997,1291,124,16:30:08,2012-07-31
441790,130275,-82.0,1291,124,18:06:48,2012-07-27
441885,130275,-73.0,1291,124,16:30:08,2012-07-31
441790,130280,-82.0,1291,124,18:06:48,2012-07-27
441790,130285,-82.0,1291,124,18:06:47,2012-07-27
441785,130290,-83.333336,1291,124,18:06:47,2012-07-27
441880,130290,-73.5,1291,124,16:30:07,2012-07-31
441785,130295,-84.0,1291,124,18:06:46,2012-07-27
441875,130295,-74.0,1291,124,16:30:05,2012-07-31
441785,130300,-84.0,1291,124,18:06:46,2012-07-27
441785,130305,-84.0,1291,124,18:06:46,2012-07-27
441785,130310,-83.25,1291,124,18:06:45,2012-07-27
441860,130315,-74.800003,1291,124,16:30:04,2012-07-31
441855,130320,-75.75,1291,124,16:30:03,2012-07-31
441780,130325,-83.0,1291,124,18:06:45,2012-07-27
441850,130325,-76.0,1291,124,16:30:01,2012-07-31
441780,130330,-83.0,1291,124,18:06:44,2012-07-27
441780,130335,-83.0,1291,124,18:06:44,2012-07-27
441845,130335,-76.0,1291,124,16:30:01,2012-07-31
441780,130340,-80.5,1291,124,18:06:44,2012-07-27
441780,130345,-80.0,1291,124,18:06:44,2012-07-27
441835,130345,-77.5,1291,124,16:30:00,2012-07-31
441780,130350,-80.0,1291,124,18:06:43,2012-07-27
441780,130355,-81.454544,1291,124,18:06:43,2012-07-27
441830,130355,-79.800003,1291,124,16:29:58,2012-07-31
441780,130360,-82.0,1291,124,18:06:42,2012-07-27
441780,130365,-81.333336,1291,124,18:06:42,2012-07-27
441820,130365,-79.5,1291,124,16:29:57,2012-07-31
441780,130370,-81.0,1291,124,18:06:42,2012-07-27
441775,130375,-81.0,1291,124,18:06:41,2012-07-27
441810,130375,-79.0,1291,124,16:29:56,2012-07-31
441775,130380,-81.0,1291,124,18:06:41,2012-07-27
441810,130380,-79.666664,1291,124,16:29:56,2012-07-31
441775,130385,-81.0,1291,124,18:06:41,2012-07-27
441805,130385,-81.800003,1291,124,16:29:54,2012-07-31
441770,130390,-81.0,1291,124,18:06:41,2012-07-27
441770,130395,-81.0,1291,124,18:06:40,2012-07-27
441770,130400,-81.714287,1291,124,18:06:40,2012-07-27
441795,130400,-82.25,1291,124,16:29:53,2012-07-31
441765,130405,-82.0,1291,124,18:06:40,2012-07-27
441795,130405,-82.0,1291,124,16:29:52,2012-07-31
441765,130410,-82.0,1291,124,18:06:39,2012-07-27
441790,130410,-80.5,1291,124,16:29:51,2012-07-31
441785,130415,-80.0,1291,124,16:29:51,2012-07-31
441780,130420,-81.5,1291,124,16:29:50,2012-07-31
441775,130425,-82.0,1291,124,16:29:49,2012-07-31
441770,130430,-82.75,1291,124,16:29:49,2012-07-31
441765,130435,-83.0,1291,124,16:29:48,2012-07-31
441760,130440,-82.25,1291,124,16:29:47,2012-07-31
441760,130445,-82.0,1291,124,16:29:46,2012-07-31
441755,130450,-80.199997,1291,124,16:29:46,2012-07-31
441745,130455,-80.099998,1291,124,16:29:44,2012-07-31
441740,130460,-81.0,1291,124,16:29:42,2012-07-31
441740,130465,-80.25,1291,124,16:29:41,2012-07-31
441745,130465,-80.0,1291,124,18:06:35,2012-07-27
441740,130470,-80.0,1291,124,16:29:41,2012-07-31
441740,130475,-80.0,1291,124,16:29:41,2012-07-31
441740,130480,-80.75,1291,124,16:29:40,2012-07-31
441735,130485,-81.0,1291,124,16:29:39,2012-07-31
441740,130485,-81.0,1291,124,16:29:39,2012-07-31
441735,130490,-81.0,1291,124,16:29:39,2012-07-31
441735,130495,-81.75,1291,124,16:29:39,2012-07-31
441740,130495,-80.0,1291,124,18:06:34,2012-07-27
441735,130500,-82.0,1291,124,16:29:38,2012-07-31
441740,130505,-80.0,1291,124,18:06:33,2012-07-27
441740,130510,-82.0,1291,124,16:29:37,2012-07-31
441740,130515,-82.0,1291,124,16:29:37,2012-07-31
441740,130520,-80.0,1291,124,18:06:32,2012-07-27
441740,130520,-82.0,1291,124,16:29:37,2012-07-31
441740,130525,-81.818184,1291,124,16:29:36,2012-07-31
441740,130530,-81.0,1291,124,16:29:36,2012-07-31
441740,130535,-81.0,1291,124,16:29:36,2012-07-31
441735,130545,-80.666664,1291,124,16:29:36,2012-07-31
441740,130545,-81.0,1291,124,16:29:36,2012-07-31
441735,130550,-80.0,1291,124,16:29:35,2012-07-31
441735,130555,-80.0,1291,124,16:29:35,2012-07-31
441735,130560,-79.333336,1291,124,16:29:34,2012-07-31
441730,130565,-79.0,1291,124,16:29:34,2012-07-31
441730,130570,-79.0,1291,124,16:29:34,2012-07-31
441725,130575,-79.0,1291,124,16:29:33,2012-07-31
441735,130575,-77.0,1291,124,18:06:28,2012-07-27
441725,130580,-79.0,1291,124,16:29:33,2012-07-31
441735,130580,-77.0,1291,124,18:06:28,2012-07-27
441725,130585,-79.0,1291,124,16:29:33,2012-07-31
441730,130585,-77.0,1291,124,18:06:27,2012-07-27
444575,133895,-72.0,1291,124,15:40:19,2012-07-31
444575,133910,-72.0,1291,124,15:40:20,2012-07-31
444580,133920,-72.0,1291,124,15:40:21,2012-07-31
444585,133930,-72.0,1291,124,15:40:22,2012-07-31
444585,133935,-72.0,1291,124,15:40:23,2012-07-31
444585,133945,-72.0,1291,124,15:40:23,2012-07-31
444590,133955,-74.25,1291,124,15:40:25,2012-07-31
444590,133965,-81.0,1291,124,15:40:25,2012-07-31
444590,133975,-81.5,1291,124,15:40:26,2012-07-31
444590,133995,-84.0,1291,124,15:40:28,2012-07-31
444590,134000,-85.0,1291,124,15:40:28,2012-07-31
444590,134005,-85.0,1291,124,15:40:28,2012-07-31
444590,134010,-85.0,1291,124,15:40:29,2012-07-31
444590,134015,-85.400002,1291,124,15:40:29,2012-07-31
444590,134030,-86.0,1291,124,15:40:30,2012-07-31
444595,134035,-86.25,1291,124,15:40:31,2012-07-31
444595,134040,-87.0,1291,124,15:40:31,2012-07-31
443750,134045,-78.0,1291,124,15:43:23,2012-07-31
444595,134045,-87.0,1291,124,15:40:31,2012-07-31
443755,134050,-78.0,1291,124,15:43:22,2012-07-31
443760,134050,-78.0,1291,124,15:43:23,2012-07-31
443760,134055,-78.0,1291,124,15:43:22,2012-07-31
444595,134055,-87.0,1291,124,15:40:32,2012-07-31
443765,134060,-76.199997,1291,124,15:43:21,2012-07-31
444595,134060,-87.0,1291,124,15:40:32,2012-07-31
443770,134065,-75.0,1291,124,15:43:21,2012-07-31
443775,134070,-74.25,1291,124,15:43:20,2012-07-31
444595,134075,-87.0,1291,124,15:40:33,2012-07-31
443780,134080,-74.0,1291,124,15:43:19,2012-07-31
444595,134080,-87.0,1291,124,15:40:33,2012-07-31
444595,134085,-86.5,1291,124,15:40:33,2012-07-31
443785,134090,-73.25,1291,124,15:43:19,2012-07-31
443790,134095,-73.0,1291,124,15:43:18,2012-07-31
443795,134105,-72.25,1291,124,15:43:17,2012-07-31
443800,134115,-72.0,1291,124,15:43:16,2012-07-31
443810,134125,-70.5,1291,124,15:43:16,2012-07-31
443825,134140,-65.5,1291,124,15:43:14,2012-07-31
443830,134150,-64.0,1291,124,15:43:14,2012-07-31
443835,134160,-64.0,1291,124,15:43:13,2012-07-31
443845,134165,-64.0,1291,124,15:43:12,2012-07-31
443845,134170,-64.0,1291,124,15:43:12,2012-07-31
443855,134180,-64.0,1291,124,15:43:11,2012-07-31
443860,134190,-64.0,1291,124,15:43:11,2012-07-31
443865,134190,-64.0,1291,124,15:43:10,2012-07-31
443865,134195,-64.0,1291,124,15:43:10,2012-07-31
443875,134205,-64.0,1291,124,15:43:09,2012-07-31
443885,134215,-64.0,1291,124,15:43:09,2012-07-31
444495,134615,-85.0,1291,124,15:41:11,2012-07-31
444495,134620,-85.0,1291,124,15:41:12,2012-07-31
444495,134625,-85.0,1291,124,15:41:12,2012-07-31
444495,134630,-85.0,1291,124,15:41:14,2012-07-31
444495,134635,-85.0,1291,124,15:41:14,2012-07-31
444495,134645,-85.0,1291,124,15:41:15,2012-07-31
444495,134650,-85.0,1291,124,15:41:15,2012-07-31
444405,134655,-89.666664,1291,124,15:41:55,2012-07-31
444420,134655,-91.5,1291,124,15:41:54,2012-07-31
444350,134660,-91.0,1291,124,15:42:00,2012-07-31
444355,134660,-91.0,1291,124,15:42:00,2012-07-31
444360,134660,-89.333336,1291,124,15:41:59,2012-07-31
444365,134660,-89.0,1291,124,15:41:59,2012-07-31
444370,134660,-89.0,1291,124,15:41:58,2012-07-31
444375,134660,-89.75,1291,124,15:41:58,2012-07-31
444380,134660,-90.0,1291,124,15:41:58,2012-07-31
444385,134660,-90.0,1291,124,15:41:57,2012-07-31
444390,134660,-89.25,1291,124,15:41:57,2012-07-31
444435,134660,-92.0,1291,124,15:41:53,2012-07-31
444500,134660,-86.800003,1291,124,15:41:17,2012-07-31
444340,134665,-92.0,1291,124,15:42:02,2012-07-31
444345,134665,-91.400002,1291,124,15:42:01,2012-07-31
444350,134665,-91.0,1291,124,15:42:01,2012-07-31
444440,134665,-92.0,1291,124,15:41:52,2012-07-31
444450,134665,-90.5,1291,124,15:41:50,2012-07-31
444460,134665,-90.0,1291,124,15:41:50,2012-07-31
444500,134665,-88.0,1291,124,15:41:18,2012-07-31
444470,134670,-90.599998,1291,124,15:41:48,2012-07-31
444500,134670,-88.0,1291,124,15:41:18,2012-07-31
444475,134675,-91.0,1291,124,15:41:47,2012-07-31
444480,134675,-89.5,1291,124,15:41:47,2012-07-31
444500,134675,-88.333336,1291,124,15:41:19,2012-07-31
444485,134680,-89.666664,1291,124,15:41:45,2012-07-31
444495,134680,-91.599998,1291,124,15:41:44,2012-07-31
444500,134680,-90.0,1291,124,15:41:24,2012-07-31
