438445,118445,-93.0,33,108,13:49:22,2012-07-26
438435,118450,-90.75,33,108,13:49:22,2012-07-26
438425,118455,-89.0,33,108,13:49:20,2012-07-26
438400,118475,-87.333336,33,108,13:49:19,2012-07-26
438390,118480,-85.0,33,108,13:49:17,2012-07-26
438380,118485,-83.5,33,108,13:49:16,2012-07-26
438210,118495,-87.0,33,108,13:48:56,2012-07-26
438320,118495,-86.0,33,108,13:49:09,2012-07-26
438330,118495,-85.599998,33,108,13:49:10,2012-07-26
438340,118495,-84.0,33,108,13:49:11,2012-07-26
438350,118495,-82.5,33,108,13:49:12,2012-07-26
438355,118495,-81.5,33,108,13:49:13,2012-07-26
438365,118495,-83.0,33,108,13:49:14,2012-07-26
438220,118500,-87.166664,33,108,13:48:57,2012-07-26
438230,118505,-88.0,33,108,13:48:58,2012-07-26
438300,118505,-86.0,33,108,13:49:07,2012-07-26
438305,118505,-86.0,33,108,13:49:07,2012-07-26
438235,118515,-88.0,33,108,13:48:59,2012-07-26
438240,118515,-87.5,33,108,13:49:00,2012-07-26
438285,118515,-86.75,33,108,13:49:06,2012-07-26
438280,118520,-86.25,33,108,13:49:05,2012-07-26
438250,118525,-86.0,33,108,13:49:01,2012-07-26
438260,118525,-86.0,33,108,13:49:02,2012-07-26
438275,118525,-86.0,33,108,13:49:03,2012-07-26
438455,118560,-89.199997,33,108,13:49:52,2012-07-26
438445,118565,-89.0,33,108,13:49:51,2012-07-26
438545,127065,-73.0,33,108,14:07:08,2012-07-30
438550,127070,-72.75,33,108,14:07:11,2012-07-30
438555,127070,-73.599998,33,108,14:07:07,2012-07-30
438560,127070,-72.599998,33,108,14:07:12,2012-07-30
438570,127070,-70.800003,33,108,14:07:14,2012-07-30
438565,127075,-73.0,33,108,14:07:05,2012-07-30
438575,127075,-73.666664,33,108,14:07:04,2012-07-30
438585,127075,-70.0,33,108,14:07:15,2012-07-30
438595,127080,-75.599998,33,108,14:07:03,2012-07-30
438595,127085,-70.0,33,108,14:07:15,2012-07-30
438595,127090,-69.666664,33,108,14:07:17,2012-07-30
438615,127090,-76.0,33,108,14:07:00,2012-07-30
438620,127095,-76.0,33,108,14:07:00,2012-07-30
438610,127100,-69.0,33,108,14:07:17,2012-07-30
438630,127100,-76.5,33,108,14:06:58,2012-07-30
438615,127110,-69.0,33,108,14:07:18,2012-07-30
438640,127110,-77.0,33,108,14:06:58,2012-07-30
438650,127115,-76.25,33,108,14:06:57,2012-07-30
438620,127120,-69.0,33,108,14:07:19,2012-07-30
438655,127120,-76.0,33,108,14:06:56,2012-07-30
438620,127125,-69.0,33,108,14:07:20,2012-07-30
438660,127130,-72.571426,33,108,14:06:55,2012-07-30
438620,127135,-69.400002,33,108,14:07:21,2012-07-30
438815,127140,-64.0,33,108,14:06:35,2012-07-30
438820,127140,-64.0,33,108,14:06:34,2012-07-30
438825,127140,-64.0,33,108,14:06:34,2012-07-30
438830,127140,-64.0,33,108,14:06:33,2012-07-30
438835,127140,-65.199997,33,108,14:06:33,2012-07-30
438805,127145,-64.0,33,108,14:06:35,2012-07-30
438810,127145,-64.0,33,108,14:06:35,2012-07-30
438840,127145,-66.0,33,108,14:06:32,2012-07-30
438845,127145,-65.176468,33,108,14:06:32,2012-07-30
438850,127145,-64.0,33,108,14:06:31,2012-07-30
438665,127150,-70.666664,33,108,14:06:53,2012-07-30
438795,127150,-65.0,33,108,14:06:36,2012-07-30
438800,127150,-64.5,33,108,14:06:36,2012-07-30
438850,127150,-64.0,33,108,14:06:31,2012-07-30
438855,127150,-64.0,33,108,14:06:31,2012-07-30
438780,127155,-65.0,33,108,14:06:37,2012-07-30
438620,127160,-69.599998,33,108,14:07:22,2012-07-30
438665,127160,-67.0,33,108,14:06:53,2012-07-30
438760,127160,-64.0,33,108,14:06:39,2012-07-30
438765,127160,-64.599998,33,108,14:06:39,2012-07-30
438770,127160,-65.0,33,108,14:06:38,2012-07-30
438775,127160,-65.0,33,108,14:06:38,2012-07-30
438615,127165,-68.0,33,108,14:07:23,2012-07-30
438750,127165,-63.75,33,108,14:06:40,2012-07-30
438755,127165,-64.0,33,108,14:06:39,2012-07-30
438760,127165,-64.0,33,108,14:06:39,2012-07-30
438665,127170,-66.0,33,108,14:06:52,2012-07-30
438730,127170,-62.333332,33,108,14:06:41,2012-07-30
438740,127170,-63.0,33,108,14:06:41,2012-07-30
438605,127175,-67.75,33,108,14:07:24,2012-07-30
438720,127175,-61.0,33,108,14:06:42,2012-07-30
438475,127180,-69.0,33,108,14:08:25,2012-07-30
438480,127180,-69.75,33,108,14:08:24,2012-07-30
438485,127180,-69.25,33,108,14:08:23,2012-07-30
438490,127180,-69.0,33,108,14:08:22,2012-07-30
438600,127180,-67.0,33,108,14:07:24,2012-07-30
438670,127180,-64.0,33,108,14:06:51,2012-07-30
438715,127180,-60.5,33,108,14:06:43,2012-07-30
438475,127185,-68.5,33,108,14:08:26,2012-07-30
438495,127185,-66.75,33,108,14:08:22,2012-07-30
438600,127185,-66.800003,33,108,14:07:25,2012-07-30
438670,127185,-61.5,33,108,14:06:50,2012-07-30
438705,127185,-58.666668,33,108,14:06:44,2012-07-30
438475,127190,-67.0,33,108,14:08:27,2012-07-30
438500,127190,-66.0,33,108,14:08:20,2012-07-30
438675,127190,-60.400002,33,108,14:06:48,2012-07-30
438680,127190,-60.0,33,108,14:06:48,2012-07-30
438695,127190,-58.0,33,108,14:06:46,2012-07-30
438475,127195,-67.0,33,108,14:08:28,2012-07-30
438600,127195,-66.0,33,108,14:07:26,2012-07-30
438685,127195,-58.5,33,108,14:06:47,2012-07-30
438475,127200,-66.75,33,108,14:08:29,2012-07-30
438600,127200,-64.333336,33,108,14:07:27,2012-07-30
438475,127205,-66.0,33,108,14:08:29,2012-07-30
438510,127205,-65.25,33,108,14:08:19,2012-07-30
438480,127210,-65.5,33,108,14:08:30,2012-07-30
438600,127210,-60.0,33,108,14:07:28,2012-07-30
438515,127215,-65.0,33,108,14:08:18,2012-07-30
438600,127220,-57.0,33,108,14:07:29,2012-07-30
438485,127225,-64.0,33,108,14:08:32,2012-07-30
438515,127225,-62.0,33,108,14:08:17,2012-07-30
438600,127225,-55.333332,33,108,14:07:29,2012-07-30
438520,127230,-61.0,33,108,14:08:17,2012-07-30
438605,127230,-52.0,33,108,14:07:30,2012-07-30
438485,127235,-64.0,33,108,14:08:32,2012-07-30
438520,127235,-59.5,33,108,14:08:16,2012-07-30
438605,127235,-51.25,33,108,14:07:31,2012-07-30
438615,127240,-48.333332,33,108,14:07:32,2012-07-30
438490,127245,-63.75,33,108,14:08:33,2012-07-30
438520,127245,-59.0,33,108,14:08:15,2012-07-30
438620,127245,-47.0,33,108,14:07:33,2012-07-30
438630,127250,-46.75,33,108,14:07:34,2012-07-30
438640,127250,-46.0,33,108,14:07:34,2012-07-30
438645,127250,-46.0,33,108,14:07:35,2012-07-30
438520,127255,-59.0,33,108,14:08:15,2012-07-30
438655,127255,-46.0,33,108,14:07:36,2012-07-30
438665,127255,-47.0,33,108,14:07:37,2012-07-30
438490,127260,-62.333332,33,108,14:08:34,2012-07-30
438520,127260,-59.0,33,108,14:08:14,2012-07-30
438675,127260,-49.200001,33,108,14:07:37,2012-07-30
438690,127265,-50.0,33,108,14:07:39,2012-07-30
438520,127270,-56.75,33,108,14:08:13,2012-07-30
438705,127270,-50.0,33,108,14:07:39,2012-07-30
438715,127270,-49.5,33,108,14:07:41,2012-07-30
438490,127275,-60.0,33,108,14:08:36,2012-07-30
438525,127275,-56.0,33,108,14:08:12,2012-07-30
438725,127275,-48.5,33,108,14:07:42,2012-07-30
438740,127275,-45.599998,33,108,14:07:44,2012-07-30
438750,127280,-44.0,33,108,14:07:44,2012-07-30
438755,127280,-43.75,33,108,14:07:45,2012-07-30
438490,127285,-57.0,33,108,14:08:37,2012-07-30
438525,127285,-53.75,33,108,14:08:12,2012-07-30
438760,127285,-43.799999,33,108,14:07:46,2012-07-30
438490,127290,-56.75,33,108,14:08:37,2012-07-30
438760,127290,-47.799999,33,108,14:07:48,2012-07-30
438490,127295,-56.0,33,108,14:08:38,2012-07-30
438535,127295,-53.0,33,108,14:08:10,2012-07-30
438540,127295,-53.0,33,108,14:08:10,2012-07-30
438690,127295,-49.799999,33,108,14:07:58,2012-07-30
438700,127295,-50.0,33,108,14:07:56,2012-07-30
438710,127295,-50.599998,33,108,14:07:55,2012-07-30
438730,127295,-52.5,33,108,14:07:53,2012-07-30
438740,127295,-53.0,33,108,14:07:52,2012-07-30
438745,127295,-53.0,33,108,14:07:51,2012-07-30
438750,127295,-50.599998,33,108,14:07:50,2012-07-30
438755,127295,-49.400002,33,108,14:07:49,2012-07-30
438490,127300,-54.5,33,108,14:08:39,2012-07-30
438545,127300,-52.142857,33,108,14:08:09,2012-07-30
438550,127300,-51.0,33,108,14:08:09,2012-07-30
438670,127300,-49.0,33,108,14:07:58,2012-07-30
438555,127305,-51.0,33,108,14:08:08,2012-07-30
438560,127305,-48.75,33,108,14:08:08,2012-07-30
438605,127305,-49.0,33,108,14:08:04,2012-07-30
438620,127305,-48.200001,33,108,14:08:03,2012-07-30
438630,127305,-48.75,33,108,14:08:02,2012-07-30
438645,127305,-49.0,33,108,14:08:01,2012-07-30
438490,127310,-52.42857,33,108,14:08:40,2012-07-30
438570,127310,-48.0,33,108,14:08:07,2012-07-30
438580,127310,-48.666668,33,108,14:08:06,2012-07-30
438585,127310,-49.0,33,108,14:08:05,2012-07-30
438595,127310,-49.0,33,108,14:08:05,2012-07-30
438495,127320,-51.0,33,108,14:08:41,2012-07-30
438505,127330,-50.0,33,108,14:08:41,2012-07-30
438510,127340,-49.5,33,108,14:08:43,2012-07-30
438520,127345,-50.25,33,108,14:08:44,2012-07-30
438525,127370,-47.333332,33,108,14:08:46,2012-07-30
438530,127380,-45.666668,33,108,14:08:47,2012-07-30
438530,127385,-44.666668,33,108,14:08:49,2012-07-30
438545,127410,-40.888889,33,108,14:08:51,2012-07-30
438565,127425,-39.0,33,108,14:08:52,2012-07-30
438575,127430,-39.0,33,108,14:08:53,2012-07-30
438585,127435,-39.0,33,108,14:08:54,2012-07-30
438590,127440,-39.200001,33,108,14:08:55,2012-07-30
438600,127445,-40.0,33,108,14:08:56,2012-07-30
438605,127460,-40.75,33,108,14:08:57,2012-07-30
438610,127470,-44.666668,33,108,14:08:58,2012-07-30
438615,127475,-48.75,33,108,14:09:00,2012-07-30
438620,127485,-51.599998,33,108,14:09:01,2012-07-30
438630,127490,-55.0,33,108,14:09:03,2012-07-30
438650,127505,-57.200001,33,108,14:09:03,2012-07-30
438735,127505,-57.0,33,108,14:09:13,2012-07-30
438740,127505,-55.0,33,108,14:09:13,2012-07-30
438745,127505,-54.0,33,108,14:09:14,2012-07-30
438660,127510,-57.599998,33,108,14:09:05,2012-07-30
438725,127510,-60.25,33,108,14:09:11,2012-07-30
438730,127510,-58.0,33,108,14:09:12,2012-07-30
438750,127510,-51.0,33,108,14:09:15,2012-07-30
438755,127510,-49.75,33,108,14:09:15,2012-07-30
438670,127515,-56.0,33,108,14:09:06,2012-07-30
438705,127515,-60.0,33,108,14:09:09,2012-07-30
438710,127515,-60.200001,33,108,14:09:09,2012-07-30
438715,127515,-61.0,33,108,14:09:10,2012-07-30
438760,127515,-46.0,33,108,14:09:16,2012-07-30
438680,127520,-56.5,33,108,14:09:07,2012-07-30
438695,127520,-58.666668,33,108,14:09:08,2012-07-30
438705,127520,-60.0,33,108,14:09:09,2012-07-30
438765,127520,-45.25,33,108,14:09:17,2012-07-30
438770,127520,-43.0,33,108,14:09:17,2012-07-30
438775,127525,-43.0,33,108,14:09:18,2012-07-30
438780,127530,-43.0,33,108,14:09:19,2012-07-30
438785,127535,-44.333332,33,108,14:09:20,2012-07-30
438795,127540,-47.0,33,108,14:09:21,2012-07-30
438805,127545,-47.0,33,108,14:09:22,2012-07-30
438810,127545,-47.5,33,108,14:09:22,2012-07-30
438815,127550,-49.0,33,108,14:09:23,2012-07-30
438820,127555,-49.0,33,108,14:09:24,2012-07-30
438825,127555,-49.0,33,108,14:09:24,2012-07-30
438830,127555,-49.0,33,108,14:09:25,2012-07-30
438835,127560,-49.799999,33,108,14:09:25,2012-07-30
438845,127560,-51.0,33,108,14:09:27,2012-07-30
438850,127560,-51.0,33,108,14:09:27,2012-07-30
438855,127560,-52.200001,33,108,14:09:28,2012-07-30
438860,127565,-54.0,33,108,14:09:29,2012-07-30
438870,127565,-53.666668,33,108,14:09:29,2012-07-30
438880,127570,-53.333332,33,108,14:09:31,2012-07-30
438885,127575,-54.0,33,108,14:09:31,2012-07-30
438890,127575,-54.0,33,108,14:09:32,2012-07-30
438890,127580,-53.75,33,108,14:09:32,2012-07-30
438895,127580,-53.0,33,108,14:09:33,2012-07-30
438900,127580,-53.0,33,108,14:09:33,2012-07-30
438900,127585,-52.200001,33,108,14:09:34,2012-07-30
438905,127590,-50.200001,33,108,14:09:35,2012-07-30
438910,127590,-49.0,33,108,14:09:37,2012-07-30
438915,127590,-47.46154,33,108,14:09:38,2012-07-30
438915,127595,-47.777779,33,108,14:09:41,2012-07-30
438920,127595,-47.0,33,108,14:09:46,2012-07-30
438920,127600,-46.666668,33,108,14:09:51,2012-07-30
438925,127600,-45.75,33,108,14:09:52,2012-07-30
438930,127605,-45.0,33,108,14:09:53,2012-07-30
438935,127610,-46.0,33,108,14:09:55,2012-07-30
438940,127610,-48.0,33,108,14:09:56,2012-07-30
438940,127615,-47.599998,33,108,14:09:56,2012-07-30
438945,127615,-47.5,33,108,14:09:58,2012-07-30
438945,127620,-49.0,33,108,14:09:58,2012-07-30
438950,127620,-49.799999,33,108,14:09:59,2012-07-30
438950,127625,-51.200001,33,108,14:10:00,2012-07-30
438955,127635,-51.5,33,108,14:10:02,2012-07-30
438960,127640,-51.799999,33,108,14:10:03,2012-07-30
438965,127645,-53.75,33,108,14:10:05,2012-07-30
438970,127650,-56.25,33,108,14:10:06,2012-07-30
438970,127655,-57.0,33,108,14:10:07,2012-07-30
438975,127655,-57.5,33,108,14:10:08,2012-07-30
438975,127660,-59.0,33,108,14:10:08,2012-07-30
438980,127660,-59.42857,33,108,14:10:09,2012-07-30
438980,127665,-60.0,33,108,14:10:10,2012-07-30
438985,127665,-61.200001,33,108,14:10:10,2012-07-30
438985,127670,-63.0,33,108,14:10:11,2012-07-30
438985,127675,-63.0,33,108,14:10:11,2012-07-30
438990,127675,-63.25,33,108,14:10:12,2012-07-30
438990,127680,-65.0,33,108,14:10:13,2012-07-30
438995,127685,-67.0,33,108,14:10:14,2012-07-30
438995,127690,-67.0,33,108,14:10:15,2012-07-30
439000,127695,-67.5,33,108,14:10:16,2012-07-30
439005,127700,-69.0,33,108,14:10:17,2012-07-30
439010,127705,-69.0,33,108,14:10:18,2012-07-30
439010,127710,-67.666664,33,108,14:10:19,2012-07-30
439015,127710,-64.599998,33,108,14:10:20,2012-07-30
439015,127715,-63.0,33,108,14:10:21,2012-07-30
439020,127725,-63.400002,33,108,14:10:22,2012-07-30
439025,127730,-64.0,33,108,14:10:23,2012-07-30
439025,127735,-63.75,33,108,14:10:25,2012-07-30
439025,127740,-63.0,33,108,14:10:25,2012-07-30
439025,127745,-63.0,33,108,14:10:26,2012-07-30
439025,127750,-62.25,33,108,14:10:27,2012-07-30
439025,127755,-60.0,33,108,14:10:28,2012-07-30
439025,127760,-59.5,33,108,14:10:29,2012-07-30
439030,127760,-57.25,33,108,14:10:30,2012-07-30
439030,127765,-54.599998,33,108,14:10:32,2012-07-30
439035,127770,-52.599998,33,108,14:10:33,2012-07-30
439035,127775,-51.0,33,108,14:10:33,2012-07-30
439040,127780,-51.0,33,108,14:10:34,2012-07-30
439045,127785,-50.333332,33,108,14:10:36,2012-07-30
439050,127795,-49.0,33,108,14:10:37,2012-07-30
439055,127800,-48.833332,33,108,14:10:39,2012-07-30
439060,127805,-48.0,33,108,14:10:39,2012-07-30
439065,127810,-47.5,33,108,14:10:40,2012-07-30
439070,127820,-47.5,33,108,14:10:42,2012-07-30
439075,127820,-49.333332,33,108,14:10:43,2012-07-30
439075,127825,-50.0,33,108,14:10:44,2012-07-30
439080,127835,-50.200001,33,108,14:10:45,2012-07-30
439085,127840,-51.0,33,108,14:10:46,2012-07-30
439085,127845,-51.25,33,108,14:10:47,2012-07-30
439090,127855,-51.75,33,108,14:10:49,2012-07-30
439090,127865,-51.200001,33,108,14:10:49,2012-07-30
439090,127880,-53.799999,33,108,14:10:51,2012-07-30
439095,127885,-55.25,33,108,14:10:53,2012-07-30
439095,127890,-56.400002,33,108,14:10:53,2012-07-30
439095,127905,-58.0,33,108,14:10:55,2012-07-30
439095,127915,-58.0,33,108,14:10:56,2012-07-30
439095,127920,-58.0,33,108,14:10:56,2012-07-30
439090,127925,-57.5,33,108,14:10:57,2012-07-30
439090,127930,-56.0,33,108,14:10:58,2012-07-30
439090,127940,-56.25,33,108,14:10:58,2012-07-30
439090,127945,-57.0,33,108,14:10:59,2012-07-30
439090,127950,-57.0,33,108,14:11:01,2012-07-30
439090,127955,-56.333332,33,108,14:11:01,2012-07-30
439090,127960,-56.0,33,108,14:11:03,2012-07-30
439090,127965,-56.25,33,108,14:11:04,2012-07-30
439085,127970,-56.5,33,108,14:11:05,2012-07-30
439085,127975,-55.0,33,108,14:11:06,2012-07-30
439085,127980,-55.0,33,108,14:11:07,2012-07-30
439085,127985,-55.0,33,108,14:11:08,2012-07-30
439085,127995,-55.42857,33,108,14:11:09,2012-07-30
439090,128000,-58.0,33,108,14:11:10,2012-07-30
439090,128010,-58.0,33,108,14:11:11,2012-07-30
439095,128015,-58.0,33,108,14:11:13,2012-07-30
439100,128025,-58.0,33,108,14:11:13,2012-07-30
439105,128030,-58.333332,33,108,14:11:14,2012-07-30
439105,128035,-58.5,33,108,14:11:15,2012-07-30
439110,128045,-57.0,33,108,14:11:16,2012-07-30
439115,128050,-56.5,33,108,14:11:17,2012-07-30
439115,128060,-56.25,33,108,14:11:18,2012-07-30
439120,128065,-56.799999,33,108,14:11:20,2012-07-30
439125,128075,-56.0,33,108,14:11:20,2012-07-30
439130,128080,-55.599998,33,108,14:11:21,2012-07-30
439135,128085,-55.333332,33,108,14:11:23,2012-07-30
439140,128100,-55.666668,33,108,14:11:24,2012-07-30
439145,128110,-54.666668,33,108,14:11:25,2012-07-30
439145,128115,-54.5,33,108,14:11:27,2012-07-30
439150,128125,-56.0,33,108,14:11:27,2012-07-30
439150,128135,-56.0,33,108,14:11:28,2012-07-30
439155,128140,-56.333332,33,108,14:11:29,2012-07-30
439155,128150,-57.0,33,108,14:11:30,2012-07-30
439160,128155,-58.200001,33,108,14:11:31,2012-07-30
439160,128165,-60.5,33,108,14:11:32,2012-07-30
439160,128170,-61.0,33,108,14:11:34,2012-07-30
439165,128175,-61.777779,33,108,14:11:35,2012-07-30
439165,128180,-62.333332,33,108,14:11:38,2012-07-30
439160,128185,-61.0,33,108,14:11:38,2012-07-30
439160,128190,-61.666668,33,108,14:11:39,2012-07-30
439155,128195,-62.25,33,108,14:11:41,2012-07-30
439150,128205,-63.333332,33,108,14:11:42,2012-07-30
439150,128210,-64.0,33,108,14:11:43,2012-07-30
439145,128220,-64.0,33,108,14:11:44,2012-07-30
439140,128230,-64.0,33,108,14:11:45,2012-07-30
439145,128230,-64.0,33,108,14:11:45,2012-07-30
439140,128235,-64.0,33,108,14:11:46,2012-07-30
439140,128240,-64.75,33,108,14:11:46,2012-07-30
439140,128250,-67.0,33,108,14:11:47,2012-07-30
439140,128255,-67.5,33,108,14:11:48,2012-07-30
439140,128260,-69.0,33,108,14:11:49,2012-07-30
439140,128265,-69.25,33,108,14:11:49,2012-07-30
439140,128270,-70.0,33,108,14:11:50,2012-07-30
439135,128275,-70.0,33,108,14:11:51,2012-07-30
439135,128280,-70.0,33,108,14:11:51,2012-07-30
439135,128285,-70.333336,33,108,14:11:52,2012-07-30
439135,128290,-71.0,33,108,14:11:53,2012-07-30
439135,128295,-70.75,33,108,14:11:54,2012-07-30
439140,128305,-69.666664,33,108,14:11:55,2012-07-30
439140,128320,-69.333336,33,108,14:11:56,2012-07-30
439140,128335,-70.25,33,108,14:11:58,2012-07-30
439140,128340,-71.0,33,108,14:11:58,2012-07-30
439145,128350,-70.75,33,108,14:11:59,2012-07-30
439145,128355,-70.0,33,108,14:12:00,2012-07-30
439145,128360,-70.666664,33,108,14:12:01,2012-07-30
439145,128365,-72.0,33,108,14:12:01,2012-07-30
439150,128375,-72.0,33,108,14:12:02,2012-07-30
439150,128385,-71.333336,33,108,14:12:03,2012-07-30
439150,128395,-70.0,33,108,14:12:05,2012-07-30
439150,128400,-70.0,33,108,14:12:06,2012-07-30
439150,128410,-70.5,33,108,14:12:06,2012-07-30
439155,128425,-71.333336,33,108,14:12:08,2012-07-30
439155,128430,-70.0,33,108,14:12:09,2012-07-30
439155,128435,-70.571426,33,108,14:12:09,2012-07-30
439155,128440,-72.0,33,108,14:12:09,2012-07-30
439155,128445,-72.0,33,108,14:12:10,2012-07-30
439155,128450,-72.400002,33,108,14:12:10,2012-07-30
439155,128455,-73.0,33,108,14:12:11,2012-07-30
439150,128460,-72.75,33,108,14:12:12,2012-07-30
439150,128470,-71.333336,33,108,14:12:13,2012-07-30
439150,128475,-72.0,33,108,14:12:13,2012-07-30
439145,128480,-70.0,33,108,14:12:15,2012-07-30
439145,128490,-70.0,33,108,14:12:15,2012-07-30
439140,128505,-69.599998,33,108,14:12:16,2012-07-30
439135,128515,-69.25,33,108,14:12:18,2012-07-30
439135,128525,-70.0,33,108,14:12:19,2012-07-30
439130,128535,-70.0,33,108,14:12:20,2012-07-30
439130,128545,-70.0,33,108,14:12:21,2012-07-30
439125,128555,-70.0,33,108,14:12:22,2012-07-30
439125,128560,-70.0,33,108,14:12:22,2012-07-30
439120,128565,-70.0,33,108,14:12:23,2012-07-30
439120,128580,-69.666664,33,108,14:12:25,2012-07-30
439115,128595,-69.5,33,108,14:12:26,2012-07-30
439115,128600,-71.0,33,108,14:12:27,2012-07-30
439115,128605,-71.5,33,108,14:12:27,2012-07-30
439115,128610,-73.0,33,108,14:12:28,2012-07-30
439115,128615,-73.75,33,108,14:12:29,2012-07-30
439115,128620,-76.0,33,108,14:12:29,2012-07-30
439115,128625,-76.0,33,108,14:12:30,2012-07-30
439110,128630,-76.0,33,108,14:12:30,2012-07-30
439115,128630,-76.0,33,108,14:12:30,2012-07-30
439110,128635,-76.0,33,108,14:12:31,2012-07-30
439110,128640,-76.0,33,108,14:12:31,2012-07-30
439110,128645,-76.5,33,108,14:12:32,2012-07-30
439085,128875,-78.0,33,108,14:12:56,2012-07-30
439085,128885,-78.0,33,108,14:12:57,2012-07-30
439085,128895,-78.0,33,108,14:12:58,2012-07-30
439085,128910,-78.0,33,108,14:12:59,2012-07-30
439085,128920,-77.5,33,108,14:13:01,2012-07-30
439090,128930,-76.0,33,108,14:13:02,2012-07-30
439095,128935,-77.199997,33,108,14:13:03,2012-07-30
439100,128950,-79.0,33,108,14:13:04,2012-07-30
439100,128965,-79.400002,33,108,14:13:05,2012-07-30
439105,128975,-81.0,33,108,14:13:06,2012-07-30
439110,128985,-80.5,33,108,14:13:07,2012-07-30
439110,128995,-80.571426,33,108,14:13:08,2012-07-30
439115,129010,-80.875,33,108,14:13:10,2012-07-30
439115,129020,-80.0,33,108,14:13:10,2012-07-30
439120,129035,-80.25,33,108,14:13:11,2012-07-30
439120,129045,-80.5,33,108,14:13:13,2012-07-30
439120,129065,-78.5,33,108,14:13:14,2012-07-30
439125,129075,-77.599998,33,108,14:13:15,2012-07-30
439130,129080,-77.0,33,108,14:13:17,2012-07-30
439135,129080,-77.0,33,108,14:13:18,2012-07-30
439140,129080,-77.800003,33,108,14:13:18,2012-07-30
439150,129080,-79.400002,33,108,14:13:20,2012-07-30
439160,129085,-80.75,33,108,14:13:21,2012-07-30
439180,129090,-83.666664,33,108,14:13:23,2012-07-30
439185,129090,-85.0,33,108,14:13:23,2012-07-30
439185,129095,-85.0,33,108,14:13:23,2012-07-30
439190,129100,-85.400002,33,108,14:13:24,2012-07-30
439195,129100,-86.0,33,108,14:13:25,2012-07-30
439195,129105,-86.0,33,108,14:13:25,2012-07-30
439200,129105,-86.0,33,108,14:13:25,2012-07-30
439200,129110,-86.0,33,108,14:13:26,2012-07-30
439205,129120,-86.666664,33,108,14:13:27,2012-07-30
439210,129130,-88.333336,33,108,14:13:28,2012-07-30
439210,129145,-88.5,33,108,14:13:30,2012-07-30
439215,129150,-87.0,33,108,14:13:30,2012-07-30
439215,129155,-87.5,33,108,14:13:31,2012-07-30
439220,129170,-89.25,33,108,14:13:32,2012-07-30
439225,129180,-90.0,33,108,14:13:33,2012-07-30
439225,129185,-90.25,33,108,14:13:34,2012-07-30
439230,129195,-90.75,33,108,14:13:35,2012-07-30
439235,129200,-90.0,33,108,14:13:36,2012-07-30
439240,129205,-90.5,33,108,14:13:37,2012-07-30
439240,129210,-92.0,33,108,14:13:37,2012-07-30
439245,129215,-90.75,33,108,14:13:38,2012-07-30
439250,129215,-90.0,33,108,14:13:39,2012-07-30
439250,129220,-90.0,33,108,14:13:39,2012-07-30
439255,129225,-89.599998,33,108,14:13:41,2012-07-30
438445,118445,-93.0,33,108,13:49:22,2012-07-26
438435,118450,-90.75,33,108,13:49:22,2012-07-26
438425,118455,-89.0,33,108,13:49:20,2012-07-26
438400,118475,-87.333336,33,108,13:49:19,2012-07-26
438390,118480,-85.0,33,108,13:49:17,2012-07-26
438380,118485,-83.5,33,108,13:49:16,2012-07-26
438210,118495,-87.0,33,108,13:48:56,2012-07-26
438320,118495,-86.0,33,108,13:49:09,2012-07-26
438330,118495,-85.599998,33,108,13:49:10,2012-07-26
438340,118495,-84.0,33,108,13:49:11,2012-07-26
438350,118495,-82.5,33,108,13:49:12,2012-07-26
438355,118495,-81.5,33,108,13:49:13,2012-07-26
438365,118495,-83.0,33,108,13:49:14,2012-07-26
438220,118500,-87.166664,33,108,13:48:57,2012-07-26
438230,118505,-88.0,33,108,13:48:58,2012-07-26
438300,118505,-86.0,33,108,13:49:07,2012-07-26
438305,118505,-86.0,33,108,13:49:07,2012-07-26
438235,118515,-88.0,33,108,13:48:59,2012-07-26
438240,118515,-87.5,33,108,13:49:00,2012-07-26
438285,118515,-86.75,33,108,13:49:06,2012-07-26
438280,118520,-86.25,33,108,13:49:05,2012-07-26
438250,118525,-86.0,33,108,13:49:01,2012-07-26
438260,118525,-86.0,33,108,13:49:02,2012-07-26
438275,118525,-86.0,33,108,13:49:03,2012-07-26
438455,118560,-89.199997,33,108,13:49:52,2012-07-26
438445,118565,-89.0,33,108,13:49:51,2012-07-26
438545,127065,-73.0,33,108,14:07:08,2012-07-30
438550,127070,-72.75,33,108,14:07:11,2012-07-30
438555,127070,-73.599998,33,108,14:07:07,2012-07-30
438560,127070,-72.599998,33,108,14:07:12,2012-07-30
438570,127070,-70.800003,33,108,14:07:14,2012-07-30
438565,127075,-73.0,33,108,14:07:05,2012-07-30
438575,127075,-73.666664,33,108,14:07:04,2012-07-30
438585,127075,-70.0,33,108,14:07:15,2012-07-30
438595,127080,-75.599998,33,108,14:07:03,2012-07-30
438595,127085,-70.0,33,108,14:07:15,2012-07-30
438595,127090,-69.666664,33,108,14:07:17,2012-07-30
438615,127090,-76.0,33,108,14:07:00,2012-07-30
438620,127095,-76.0,33,108,14:07:00,2012-07-30
438610,127100,-69.0,33,108,14:07:17,2012-07-30
438630,127100,-76.5,33,108,14:06:58,2012-07-30
438615,127110,-69.0,33,108,14:07:18,2012-07-30
438640,127110,-77.0,33,108,14:06:58,2012-07-30
438650,127115,-76.25,33,108,14:06:57,2012-07-30
438620,127120,-69.0,33,108,14:07:19,2012-07-30
438655,127120,-76.0,33,108,14:06:56,2012-07-30
438620,127125,-69.0,33,108,14:07:20,2012-07-30
438660,127130,-72.571426,33,108,14:06:55,2012-07-30
438620,127135,-69.400002,33,108,14:07:21,2012-07-30
438815,127140,-64.0,33,108,14:06:35,2012-07-30
438820,127140,-64.0,33,108,14:06:34,2012-07-30
438825,127140,-64.0,33,108,14:06:34,2012-07-30
438830,127140,-64.0,33,108,14:06:33,2012-07-30
438835,127140,-65.199997,33,108,14:06:33,2012-07-30
438805,127145,-64.0,33,108,14:06:35,2012-07-30
438810,127145,-64.0,33,108,14:06:35,2012-07-30
438840,127145,-66.0,33,108,14:06:32,2012-07-30
438845,127145,-65.176468,33,108,14:06:32,2012-07-30
438850,127145,-64.0,33,108,14:06:31,2012-07-30
438665,127150,-70.666664,33,108,14:06:53,2012-07-30
438795,127150,-65.0,33,108,14:06:36,2012-07-30
438800,127150,-64.5,33,108,14:06:36,2012-07-30
438850,127150,-64.0,33,108,14:06:31,2012-07-30
438855,127150,-64.0,33,108,14:06:31,2012-07-30
438780,127155,-65.0,33,108,14:06:37,2012-07-30
438620,127160,-69.599998,33,108,14:07:22,2012-07-30
438665,127160,-67.0,33,108,14:06:53,2012-07-30
438760,127160,-64.0,33,108,14:06:39,2012-07-30
438765,127160,-64.599998,33,108,14:06:39,2012-07-30
438770,127160,-65.0,33,108,14:06:38,2012-07-30
438775,127160,-65.0,33,108,14:06:38,2012-07-30
438615,127165,-68.0,33,108,14:07:23,2012-07-30
438750,127165,-63.75,33,108,14:06:40,2012-07-30
438755,127165,-64.0,33,108,14:06:39,2012-07-30
438760,127165,-64.0,33,108,14:06:39,2012-07-30
438665,127170,-66.0,33,108,14:06:52,2012-07-30
438730,127170,-62.333332,33,108,14:06:41,2012-07-30
438740,127170,-63.0,33,108,14:06:41,2012-07-30
438605,127175,-67.75,33,108,14:07:24,2012-07-30
438720,127175,-61.0,33,108,14:06:42,2012-07-30
438475,127180,-69.0,33,108,14:08:25,2012-07-30
438480,127180,-69.75,33,108,14:08:24,2012-07-30
438485,127180,-69.25,33,108,14:08:23,2012-07-30
438490,127180,-69.0,33,108,14:08:22,2012-07-30
438600,127180,-67.0,33,108,14:07:24,2012-07-30
438670,127180,-64.0,33,108,14:06:51,2012-07-30
438715,127180,-60.5,33,108,14:06:43,2012-07-30
438475,127185,-68.5,33,108,14:08:26,2012-07-30
438495,127185,-66.75,33,108,14:08:22,2012-07-30
438600,127185,-66.800003,33,108,14:07:25,2012-07-30
438670,127185,-61.5,33,108,14:06:50,2012-07-30
438705,127185,-58.666668,33,108,14:06:44,2012-07-30
438475,127190,-67.0,33,108,14:08:27,2012-07-30
438500,127190,-66.0,33,108,14:08:20,2012-07-30
438675,127190,-60.400002,33,108,14:06:48,2012-07-30
438680,127190,-60.0,33,108,14:06:48,2012-07-30
438695,127190,-58.0,33,108,14:06:46,2012-07-30
438475,127195,-67.0,33,108,14:08:28,2012-07-30
438600,127195,-66.0,33,108,14:07:26,2012-07-30
438685,127195,-58.5,33,108,14:06:47,2012-07-30
438475,127200,-66.75,33,108,14:08:29,2012-07-30
438600,127200,-64.333336,33,108,14:07:27,2012-07-30
438475,127205,-66.0,33,108,14:08:29,2012-07-30
438510,127205,-65.25,33,108,14:08:19,2012-07-30
438480,127210,-65.5,33,108,14:08:30,2012-07-30
438600,127210,-60.0,33,108,14:07:28,2012-07-30
438515,127215,-65.0,33,108,14:08:18,2012-07-30
438600,127220,-57.0,33,108,14:07:29,2012-07-30
438485,127225,-64.0,33,108,14:08:32,2012-07-30
438515,127225,-62.0,33,108,14:08:17,2012-07-30
438600,127225,-55.333332,33,108,14:07:29,2012-07-30
438520,127230,-61.0,33,108,14:08:17,2012-07-30
438605,127230,-52.0,33,108,14:07:30,2012-07-30
438485,127235,-64.0,33,108,14:08:32,2012-07-30
438520,127235,-59.5,33,108,14:08:16,2012-07-30
438605,127235,-51.25,33,108,14:07:31,2012-07-30
438615,127240,-48.333332,33,108,14:07:32,2012-07-30
438490,127245,-63.75,33,108,14:08:33,2012-07-30
438520,127245,-59.0,33,108,14:08:15,2012-07-30
438620,127245,-47.0,33,108,14:07:33,2012-07-30
438630,127250,-46.75,33,108,14:07:34,2012-07-30
438640,127250,-46.0,33,108,14:07:34,2012-07-30
438645,127250,-46.0,33,108,14:07:35,2012-07-30
438520,127255,-59.0,33,108,14:08:15,2012-07-30
438655,127255,-46.0,33,108,14:07:36,2012-07-30
438665,127255,-47.0,33,108,14:07:37,2012-07-30
438490,127260,-62.333332,33,108,14:08:34,2012-07-30
438520,127260,-59.0,33,108,14:08:14,2012-07-30
438675,127260,-49.200001,33,108,14:07:37,2012-07-30
438690,127265,-50.0,33,108,14:07:39,2012-07-30
438520,127270,-56.75,33,108,14:08:13,2012-07-30
438705,127270,-50.0,33,108,14:07:39,2012-07-30
438715,127270,-49.5,33,108,14:07:41,2012-07-30
438490,127275,-60.0,33,108,14:08:36,2012-07-30
438525,127275,-56.0,33,108,14:08:12,2012-07-30
438725,127275,-48.5,33,108,14:07:42,2012-07-30
438740,127275,-45.599998,33,108,14:07:44,2012-07-30
438750,127280,-44.0,33,108,14:07:44,2012-07-30
438755,127280,-43.75,33,108,14:07:45,2012-07-30
438490,127285,-57.0,33,108,14:08:37,2012-07-30
438525,127285,-53.75,33,108,14:08:12,2012-07-30
438760,127285,-43.799999,33,108,14:07:46,2012-07-30
438490,127290,-56.75,33,108,14:08:37,2012-07-30
438760,127290,-47.799999,33,108,14:07:48,2012-07-30
438490,127295,-56.0,33,108,14:08:38,2012-07-30
438535,127295,-53.0,33,108,14:08:10,2012-07-30
438540,127295,-53.0,33,108,14:08:10,2012-07-30
438690,127295,-49.799999,33,108,14:07:58,2012-07-30
438700,127295,-50.0,33,108,14:07:56,2012-07-30
438710,127295,-50.599998,33,108,14:07:55,2012-07-30
438730,127295,-52.5,33,108,14:07:53,2012-07-30
438740,127295,-53.0,33,108,14:07:52,2012-07-30
438745,127295,-53.0,33,108,14:07:51,2012-07-30
438750,127295,-50.599998,33,108,14:07:50,2012-07-30
438755,127295,-49.400002,33,108,14:07:49,2012-07-30
438490,127300,-54.5,33,108,14:08:39,2012-07-30
438545,127300,-52.142857,33,108,14:08:09,2012-07-30
438550,127300,-51.0,33,108,14:08:09,2012-07-30
438670,127300,-49.0,33,108,14:07:58,2012-07-30
438555,127305,-51.0,33,108,14:08:08,2012-07-30
438560,127305,-48.75,33,108,14:08:08,2012-07-30
438605,127305,-49.0,33,108,14:08:04,2012-07-30
438620,127305,-48.200001,33,108,14:08:03,2012-07-30
438630,127305,-48.75,33,108,14:08:02,2012-07-30
438645,127305,-49.0,33,108,14:08:01,2012-07-30
438490,127310,-52.42857,33,108,14:08:40,2012-07-30
438570,127310,-48.0,33,108,14:08:07,2012-07-30
438580,127310,-48.666668,33,108,14:08:06,2012-07-30
438585,127310,-49.0,33,108,14:08:05,2012-07-30
438595,127310,-49.0,33,108,14:08:05,2012-07-30
438495,127320,-51.0,33,108,14:08:41,2012-07-30
438505,127330,-50.0,33,108,14:08:41,2012-07-30
438510,127340,-49.5,33,108,14:08:43,2012-07-30
438520,127345,-50.25,33,108,14:08:44,2012-07-30
438525,127370,-47.333332,33,108,14:08:46,2012-07-30
438530,127380,-45.666668,33,108,14:08:47,2012-07-30
438530,127385,-44.666668,33,108,14:08:49,2012-07-30
438545,127410,-40.888889,33,108,14:08:51,2012-07-30
438565,127425,-39.0,33,108,14:08:52,2012-07-30
438575,127430,-39.0,33,108,14:08:53,2012-07-30
438585,127435,-39.0,33,108,14:08:54,2012-07-30
438590,127440,-39.200001,33,108,14:08:55,2012-07-30
438600,127445,-40.0,33,108,14:08:56,2012-07-30
438605,127460,-40.75,33,108,14:08:57,2012-07-30
438610,127470,-44.666668,33,108,14:08:58,2012-07-30
438615,127475,-48.75,33,108,14:09:00,2012-07-30
438620,127485,-51.599998,33,108,14:09:01,2012-07-30
438630,127490,-55.0,33,108,14:09:03,2012-07-30
438650,127505,-57.200001,33,108,14:09:03,2012-07-30
438735,127505,-57.0,33,108,14:09:13,2012-07-30
438740,127505,-55.0,33,108,14:09:13,2012-07-30
438745,127505,-54.0,33,108,14:09:14,2012-07-30
438660,127510,-57.599998,33,108,14:09:05,2012-07-30
438725,127510,-60.25,33,108,14:09:11,2012-07-30
438730,127510,-58.0,33,108,14:09:12,2012-07-30
438750,127510,-51.0,33,108,14:09:15,2012-07-30
438755,127510,-49.75,33,108,14:09:15,2012-07-30
438670,127515,-56.0,33,108,14:09:06,2012-07-30
438705,127515,-60.0,33,108,14:09:09,2012-07-30
438710,127515,-60.200001,33,108,14:09:09,2012-07-30
438715,127515,-61.0,33,108,14:09:10,2012-07-30
438760,127515,-46.0,33,108,14:09:16,2012-07-30
438680,127520,-56.5,33,108,14:09:07,2012-07-30
438695,127520,-58.666668,33,108,14:09:08,2012-07-30
438705,127520,-60.0,33,108,14:09:09,2012-07-30
438765,127520,-45.25,33,108,14:09:17,2012-07-30
438770,127520,-43.0,33,108,14:09:17,2012-07-30
438775,127525,-43.0,33,108,14:09:18,2012-07-30
438780,127530,-43.0,33,108,14:09:19,2012-07-30
438785,127535,-44.333332,33,108,14:09:20,2012-07-30
438795,127540,-47.0,33,108,14:09:21,2012-07-30
438805,127545,-47.0,33,108,14:09:22,2012-07-30
438810,127545,-47.5,33,108,14:09:22,2012-07-30
438815,127550,-49.0,33,108,14:09:23,2012-07-30
438820,127555,-49.0,33,108,14:09:24,2012-07-30
438825,127555,-49.0,33,108,14:09:24,2012-07-30
438830,127555,-49.0,33,108,14:09:25,2012-07-30
438835,127560,-49.799999,33,108,14:09:25,2012-07-30
438845,127560,-51.0,33,108,14:09:27,2012-07-30
438850,127560,-51.0,33,108,14:09:27,2012-07-30
438855,127560,-52.200001,33,108,14:09:28,2012-07-30
438860,127565,-54.0,33,108,14:09:29,2012-07-30
438870,127565,-53.666668,33,108,14:09:29,2012-07-30
438880,127570,-53.333332,33,108,14:09:31,2012-07-30
438885,127575,-54.0,33,108,14:09:31,2012-07-30
438890,127575,-54.0,33,108,14:09:32,2012-07-30
438890,127580,-53.75,33,108,14:09:32,2012-07-30
438895,127580,-53.0,33,108,14:09:33,2012-07-30
438900,127580,-53.0,33,108,14:09:33,2012-07-30
438900,127585,-52.200001,33,108,14:09:34,2012-07-30
438905,127590,-50.200001,33,108,14:09:35,2012-07-30
438910,127590,-49.0,33,108,14:09:37,2012-07-30
438915,127590,-47.46154,33,108,14:09:38,2012-07-30
438915,127595,-47.777779,33,108,14:09:41,2012-07-30
438920,127595,-47.0,33,108,14:09:46,2012-07-30
438920,127600,-46.666668,33,108,14:09:51,2012-07-30
438925,127600,-45.75,33,108,14:09:52,2012-07-30
438930,127605,-45.0,33,108,14:09:53,2012-07-30
438935,127610,-46.0,33,108,14:09:55,2012-07-30
438940,127610,-48.0,33,108,14:09:56,2012-07-30
438940,127615,-47.599998,33,108,14:09:56,2012-07-30
438945,127615,-47.5,33,108,14:09:58,2012-07-30
438945,127620,-49.0,33,108,14:09:58,2012-07-30
438950,127620,-49.799999,33,108,14:09:59,2012-07-30
438950,127625,-51.200001,33,108,14:10:00,2012-07-30
438955,127635,-51.5,33,108,14:10:02,2012-07-30
438960,127640,-51.799999,33,108,14:10:03,2012-07-30
438965,127645,-53.75,33,108,14:10:05,2012-07-30
438970,127650,-56.25,33,108,14:10:06,2012-07-30
438970,127655,-57.0,33,108,14:10:07,2012-07-30
438975,127655,-57.5,33,108,14:10:08,2012-07-30
438975,127660,-59.0,33,108,14:10:08,2012-07-30
438980,127660,-59.42857,33,108,14:10:09,2012-07-30
438980,127665,-60.0,33,108,14:10:10,2012-07-30
438985,127665,-61.200001,33,108,14:10:10,2012-07-30
438985,127670,-63.0,33,108,14:10:11,2012-07-30
438985,127675,-63.0,33,108,14:10:11,2012-07-30
438990,127675,-63.25,33,108,14:10:12,2012-07-30
438990,127680,-65.0,33,108,14:10:13,2012-07-30
438995,127685,-67.0,33,108,14:10:14,2012-07-30
438995,127690,-67.0,33,108,14:10:15,2012-07-30
439000,127695,-67.5,33,108,14:10:16,2012-07-30
439005,127700,-69.0,33,108,14:10:17,2012-07-30
439010,127705,-69.0,33,108,14:10:18,2012-07-30
439010,127710,-67.666664,33,108,14:10:19,2012-07-30
439015,127710,-64.599998,33,108,14:10:20,2012-07-30
439015,127715,-63.0,33,108,14:10:21,2012-07-30
439020,127725,-63.400002,33,108,14:10:22,2012-07-30
439025,127730,-64.0,33,108,14:10:23,2012-07-30
439025,127735,-63.75,33,108,14:10:25,2012-07-30
439025,127740,-63.0,33,108,14:10:25,2012-07-30
439025,127745,-63.0,33,108,14:10:26,2012-07-30
439025,127750,-62.25,33,108,14:10:27,2012-07-30
439025,127755,-60.0,33,108,14:10:28,2012-07-30
439025,127760,-59.5,33,108,14:10:29,2012-07-30
439030,127760,-57.25,33,108,14:10:30,2012-07-30
439030,127765,-54.599998,33,108,14:10:32,2012-07-30
439035,127770,-52.599998,33,108,14:10:33,2012-07-30
439035,127775,-51.0,33,108,14:10:33,2012-07-30
439040,127780,-51.0,33,108,14:10:34,2012-07-30
439045,127785,-50.333332,33,108,14:10:36,2012-07-30
439050,127795,-49.0,33,108,14:10:37,2012-07-30
439055,127800,-48.833332,33,108,14:10:39,2012-07-30
439060,127805,-48.0,33,108,14:10:39,2012-07-30
439065,127810,-47.5,33,108,14:10:40,2012-07-30
439070,127820,-47.5,33,108,14:10:42,2012-07-30
439075,127820,-49.333332,33,108,14:10:43,2012-07-30
439075,127825,-50.0,33,108,14:10:44,2012-07-30
439080,127835,-50.200001,33,108,14:10:45,2012-07-30
439085,127840,-51.0,33,108,14:10:46,2012-07-30
439085,127845,-51.25,33,108,14:10:47,2012-07-30
439090,127855,-51.75,33,108,14:10:49,2012-07-30
439090,127865,-51.200001,33,108,14:10:49,2012-07-30
439090,127880,-53.799999,33,108,14:10:51,2012-07-30
439095,127885,-55.25,33,108,14:10:53,2012-07-30
439095,127890,-56.400002,33,108,14:10:53,2012-07-30
439095,127905,-58.0,33,108,14:10:55,2012-07-30
439095,127915,-58.0,33,108,14:10:56,2012-07-30
439095,127920,-58.0,33,108,14:10:56,2012-07-30
439090,127925,-57.5,33,108,14:10:57,2012-07-30
439090,127930,-56.0,33,108,14:10:58,2012-07-30
439090,127940,-56.25,33,108,14:10:58,2012-07-30
439090,127945,-57.0,33,108,14:10:59,2012-07-30
439090,127950,-57.0,33,108,14:11:01,2012-07-30
439090,127955,-56.333332,33,108,14:11:01,2012-07-30
439090,127960,-56.0,33,108,14:11:03,2012-07-30
439090,127965,-56.25,33,108,14:11:04,2012-07-30
439085,127970,-56.5,33,108,14:11:05,2012-07-30
439085,127975,-55.0,33,108,14:11:06,2012-07-30
439085,127980,-55.0,33,108,14:11:07,2012-07-30
439085,127985,-55.0,33,108,14:11:08,2012-07-30
439085,127995,-55.42857,33,108,14:11:09,2012-07-30
439090,128000,-58.0,33,108,14:11:10,2012-07-30
439090,128010,-58.0,33,108,14:11:11,2012-07-30
439095,128015,-58.0,33,108,14:11:13,2012-07-30
439100,128025,-58.0,33,108,14:11:13,2012-07-30
439105,128030,-58.333332,33,108,14:11:14,2012-07-30
439105,128035,-58.5,33,108,14:11:15,2012-07-30
439110,128045,-57.0,33,108,14:11:16,2012-07-30
439115,128050,-56.5,33,108,14:11:17,2012-07-30
439115,128060,-56.25,33,108,14:11:18,2012-07-30
439120,128065,-56.799999,33,108,14:11:20,2012-07-30
439125,128075,-56.0,33,108,14:11:20,2012-07-30
439130,128080,-55.599998,33,108,14:11:21,2012-07-30
439135,128085,-55.333332,33,108,14:11:23,2012-07-30
439140,128100,-55.666668,33,108,14:11:24,2012-07-30
439145,128110,-54.666668,33,108,14:11:25,2012-07-30
439145,128115,-54.5,33,108,14:11:27,2012-07-30
439150,128125,-56.0,33,108,14:11:27,2012-07-30
439150,128135,-56.0,33,108,14:11:28,2012-07-30
439155,128140,-56.333332,33,108,14:11:29,2012-07-30
439155,128150,-57.0,33,108,14:11:30,2012-07-30
439160,128155,-58.200001,33,108,14:11:31,2012-07-30
439160,128165,-60.5,33,108,14:11:32,2012-07-30
439160,128170,-61.0,33,108,14:11:34,2012-07-30
439165,128175,-61.777779,33,108,14:11:35,2012-07-30
439165,128180,-62.333332,33,108,14:11:38,2012-07-30
439160,128185,-61.0,33,108,14:11:38,2012-07-30
439160,128190,-61.666668,33,108,14:11:39,2012-07-30
439155,128195,-62.25,33,108,14:11:41,2012-07-30
439150,128205,-63.333332,33,108,14:11:42,2012-07-30
439150,128210,-64.0,33,108,14:11:43,2012-07-30
439145,128220,-64.0,33,108,14:11:44,2012-07-30
439140,128230,-64.0,33,108,14:11:45,2012-07-30
439145,128230,-64.0,33,108,14:11:45,2012-07-30
439140,128235,-64.0,33,108,14:11:46,2012-07-30
439140,128240,-64.75,33,108,14:11:46,2012-07-30
439140,128250,-67.0,33,108,14:11:47,2012-07-30
439140,128255,-67.5,33,108,14:11:48,2012-07-30
439140,128260,-69.0,33,108,14:11:49,2012-07-30
439140,128265,-69.25,33,108,14:11:49,2012-07-30
439140,128270,-70.0,33,108,14:11:50,2012-07-30
439135,128275,-70.0,33,108,14:11:51,2012-07-30
439135,128280,-70.0,33,108,14:11:51,2012-07-30
439135,128285,-70.333336,33,108,14:11:52,2012-07-30
439135,128290,-71.0,33,108,14:11:53,2012-07-30
439135,128295,-70.75,33,108,14:11:54,2012-07-30
439140,128305,-69.666664,33,108,14:11:55,2012-07-30
439140,128320,-69.333336,33,108,14:11:56,2012-07-30
439140,128335,-70.25,33,108,14:11:58,2012-07-30
439140,128340,-71.0,33,108,14:11:58,2012-07-30
439145,128350,-70.75,33,108,14:11:59,2012-07-30
439145,128355,-70.0,33,108,14:12:00,2012-07-30
439145,128360,-70.666664,33,108,14:12:01,2012-07-30
439145,128365,-72.0,33,108,14:12:01,2012-07-30
439150,128375,-72.0,33,108,14:12:02,2012-07-30
439150,128385,-71.333336,33,108,14:12:03,2012-07-30
439150,128395,-70.0,33,108,14:12:05,2012-07-30
439150,128400,-70.0,33,108,14:12:06,2012-07-30
439150,128410,-70.5,33,108,14:12:06,2012-07-30
439155,128425,-71.333336,33,108,14:12:08,2012-07-30
439155,128430,-70.0,33,108,14:12:09,2012-07-30
439155,128435,-70.571426,33,108,14:12:09,2012-07-30
439155,128440,-72.0,33,108,14:12:09,2012-07-30
439155,128445,-72.0,33,108,14:12:10,2012-07-30
439155,128450,-72.400002,33,108,14:12:10,2012-07-30
439155,128455,-73.0,33,108,14:12:11,2012-07-30
439150,128460,-72.75,33,108,14:12:12,2012-07-30
439150,128470,-71.333336,33,108,14:12:13,2012-07-30
439150,128475,-72.0,33,108,14:12:13,2012-07-30
439145,128480,-70.0,33,108,14:12:15,2012-07-30
439145,128490,-70.0,33,108,14:12:15,2012-07-30
439140,128505,-69.599998,33,108,14:12:16,2012-07-30
439135,128515,-69.25,33,108,14:12:18,2012-07-30
439135,128525,-70.0,33,108,14:12:19,2012-07-30
439130,128535,-70.0,33,108,14:12:20,2012-07-30
439130,128545,-70.0,33,108,14:12:21,2012-07-30
439125,128555,-70.0,33,108,14:12:22,2012-07-30
439125,128560,-70.0,33,108,14:12:22,2012-07-30
439120,128565,-70.0,33,108,14:12:23,2012-07-30
439120,128580,-69.666664,33,108,14:12:25,2012-07-30
439115,128595,-69.5,33,108,14:12:26,2012-07-30
439115,128600,-71.0,33,108,14:12:27,2012-07-30
439115,128605,-71.5,33,108,14:12:27,2012-07-30
439115,128610,-73.0,33,108,14:12:28,2012-07-30
439115,128615,-73.75,33,108,14:12:29,2012-07-30
439115,128620,-76.0,33,108,14:12:29,2012-07-30
439115,128625,-76.0,33,108,14:12:30,2012-07-30
439110,128630,-76.0,33,108,14:12:30,2012-07-30
439115,128630,-76.0,33,108,14:12:30,2012-07-30
439110,128635,-76.0,33,108,14:12:31,2012-07-30
439110,128640,-76.0,33,108,14:12:31,2012-07-30
439110,128645,-76.5,33,108,14:12:32,2012-07-30
439085,128875,-78.0,33,108,14:12:56,2012-07-30
439085,128885,-78.0,33,108,14:12:57,2012-07-30
439085,128895,-78.0,33,108,14:12:58,2012-07-30
439085,128910,-78.0,33,108,14:12:59,2012-07-30
439085,128920,-77.5,33,108,14:13:01,2012-07-30
439090,128930,-76.0,33,108,14:13:02,2012-07-30
439095,128935,-77.199997,33,108,14:13:03,2012-07-30
439100,128950,-79.0,33,108,14:13:04,2012-07-30
439100,128965,-79.400002,33,108,14:13:05,2012-07-30
439105,128975,-81.0,33,108,14:13:06,2012-07-30
439110,128985,-80.5,33,108,14:13:07,2012-07-30
439110,128995,-80.571426,33,108,14:13:08,2012-07-30
439115,129010,-80.875,33,108,14:13:10,2012-07-30
439115,129020,-80.0,33,108,14:13:10,2012-07-30
439120,129035,-80.25,33,108,14:13:11,2012-07-30
439120,129045,-80.5,33,108,14:13:13,2012-07-30
439120,129065,-78.5,33,108,14:13:14,2012-07-30
439125,129075,-77.599998,33,108,14:13:15,2012-07-30
439130,129080,-77.0,33,108,14:13:17,2012-07-30
439135,129080,-77.0,33,108,14:13:18,2012-07-30
439140,129080,-77.800003,33,108,14:13:18,2012-07-30
439150,129080,-79.400002,33,108,14:13:20,2012-07-30
439160,129085,-80.75,33,108,14:13:21,2012-07-30
439180,129090,-83.666664,33,108,14:13:23,2012-07-30
439185,129090,-85.0,33,108,14:13:23,2012-07-30
439185,129095,-85.0,33,108,14:13:23,2012-07-30
439190,129100,-85.400002,33,108,14:13:24,2012-07-30
439195,129100,-86.0,33,108,14:13:25,2012-07-30
439195,129105,-86.0,33,108,14:13:25,2012-07-30
439200,129105,-86.0,33,108,14:13:25,2012-07-30
439200,129110,-86.0,33,108,14:13:26,2012-07-30
439205,129120,-86.666664,33,108,14:13:27,2012-07-30
439210,129130,-88.333336,33,108,14:13:28,2012-07-30
439210,129145,-88.5,33,108,14:13:30,2012-07-30
439215,129150,-87.0,33,108,14:13:30,2012-07-30
439215,129155,-87.5,33,108,14:13:31,2012-07-30
439220,129170,-89.25,33,108,14:13:32,2012-07-30
439225,129180,-90.0,33,108,14:13:33,2012-07-30
439225,129185,-90.25,33,108,14:13:34,2012-07-30
439230,129195,-90.75,33,108,14:13:35,2012-07-30
439235,129200,-90.0,33,108,14:13:36,2012-07-30
439240,129205,-90.5,33,108,14:13:37,2012-07-30
439240,129210,-92.0,33,108,14:13:37,2012-07-30
439245,129215,-90.75,33,108,14:13:38,2012-07-30
439250,129215,-90.0,33,108,14:13:39,2012-07-30
439250,129220,-90.0,33,108,14:13:39,2012-07-30
439255,129225,-89.599998,33,108,14:13:41,2012-07-30
