438880,114405,-87.0,791,116,12:06:13,2012-07-26
438885,114405,-87.0,791,116,12:16:48,2012-07-26
438890,114405,-85.5,791,116,12:06:15,2012-07-26
438895,114405,-85.0,791,116,12:16:47,2012-07-26
438905,114410,-85.0,791,116,12:06:16,2012-07-26
438915,114415,-80.5,791,116,12:16:44,2012-07-26
438920,114415,-79.0,791,116,12:06:18,2012-07-26
438925,114420,-79.0,791,116,12:06:18,2012-07-26
438930,114425,-79.0,791,116,12:16:42,2012-07-26
438940,114425,-79.0,791,116,12:06:21,2012-07-26
438955,114435,-79.0,791,116,12:16:40,2012-07-26
438975,114440,-79.0,791,116,12:16:39,2012-07-26
439015,114445,-87.0,791,116,12:16:34,2012-07-26
439020,114450,-89.0,791,116,12:16:33,2012-07-26
439025,114460,-89.0,791,116,12:16:32,2012-07-26
439030,114470,-89.0,791,116,12:16:30,2012-07-26
439030,114475,-89.0,791,116,12:16:29,2012-07-26
439030,114480,-89.0,791,116,12:16:28,2012-07-26
439025,114495,-89.0,791,116,12:16:26,2012-07-26
439025,114510,-89.85714,791,116,12:16:25,2012-07-26
439025,114520,-91.0,791,116,12:16:25,2012-07-26
439025,114525,-93.0,791,116,12:16:23,2012-07-26
439025,114530,-93.0,791,116,12:16:23,2012-07-26
439020,114555,-95.333336,791,116,12:16:21,2012-07-26
439020,114565,-96.0,791,116,12:16:20,2012-07-26
439020,114570,-97.333336,791,116,12:16:20,2012-07-26
439020,114575,-98.0,791,116,12:16:19,2012-07-26
439020,114580,-98.0,791,116,12:16:18,2012-07-26
439015,114600,-96.0,791,116,12:16:17,2012-07-26
439015,114615,-95.25,791,116,12:16:15,2012-07-26
439020,114620,-95.0,791,116,12:16:15,2012-07-26
439020,114630,-95.0,791,116,12:16:14,2012-07-26
439025,114635,-95.0,791,116,12:16:13,2012-07-26
439030,114645,-95.0,791,116,12:16:13,2012-07-26
439035,114655,-94.333336,791,116,12:16:11,2012-07-26
439040,114675,-96.0,791,116,12:16:10,2012-07-26
439040,114685,-97.0,791,116,12:16:09,2012-07-26
439045,114690,-97.0,791,116,12:16:08,2012-07-26
439045,114700,-97.0,791,116,12:16:08,2012-07-26
439045,114705,-97.0,791,116,12:16:07,2012-07-26
439050,114715,-97.0,791,116,12:16:06,2012-07-26
439050,114720,-97.0,791,116,12:16:06,2012-07-26
439050,114730,-97.0,791,116,12:16:05,2012-07-26
439050,114740,-97.666664,791,116,12:16:04,2012-07-26
439050,114745,-98.0,791,116,12:16:03,2012-07-26
439050,114755,-97.25,791,116,12:16:03,2012-07-26
439050,114765,-97.0,791,116,12:16:02,2012-07-26
439050,114770,-97.666664,791,116,12:16:01,2012-07-26
439055,114790,-98.0,791,116,12:16:00,2012-07-26
439060,114795,-98.0,791,116,12:15:59,2012-07-26
439065,114805,-98.0,791,116,12:15:59,2012-07-26
439045,114950,-95.0,791,116,12:15:42,2012-07-26
439050,114950,-95.0,791,116,12:07:37,2012-07-26
439040,114955,-95.0,791,116,12:15:42,2012-07-26
439020,115040,-98.0,791,116,12:15:29,2012-07-26
439025,115040,-98.0,791,116,12:15:28,2012-07-26
439030,115040,-96.0,791,116,12:15:27,2012-07-26
439035,115040,-95.0,791,116,12:15:27,2012-07-26
439040,115040,-95.0,791,116,12:15:26,2012-07-26
439050,115040,-95.0,791,116,12:15:25,2012-07-26
439055,115040,-93.400002,791,116,12:15:25,2012-07-26
451650,120965,-57.0,791,116,18:48:55,2012-07-27
451655,120965,-56.5,791,116,18:48:54,2012-07-27
451655,120970,-56.0,791,116,18:48:54,2012-07-27
451660,120970,-56.0,791,116,18:48:54,2012-07-27
451670,120980,-56.5,791,116,18:48:53,2012-07-27
451680,120990,-56.333332,791,116,18:48:52,2012-07-27
451690,120995,-56.0,791,116,18:48:51,2012-07-27
451700,121000,-55.200001,791,116,18:48:49,2012-07-27
451705,121005,-55.0,791,116,18:48:49,2012-07-27
451715,121015,-53.0,791,116,18:48:47,2012-07-27
451735,121030,-50.0,791,116,18:48:46,2012-07-27
451745,121040,-47.0,791,116,18:48:44,2012-07-27
451755,121045,-45.25,791,116,18:48:43,2012-07-27
451770,121060,-45.0,791,116,18:48:42,2012-07-27
451775,121070,-44.25,791,116,18:48:42,2012-07-27
451785,121080,-46.0,791,116,18:48:40,2012-07-27
451795,121085,-49.666668,791,116,18:48:39,2012-07-27
451815,121105,-53.25,791,116,18:48:37,2012-07-27
451825,121115,-54.666668,791,116,18:48:36,2012-07-27
451835,121125,-55.0,791,116,18:48:35,2012-07-27
451845,121135,-55.666668,791,116,18:48:34,2012-07-27
451850,121140,-56.0,791,116,18:48:33,2012-07-27
451860,121150,-56.299999,791,116,18:48:32,2012-07-27
451880,121170,-57.666668,791,116,18:48:30,2012-07-27
451880,121175,-58.0,791,116,18:48:29,2012-07-27
451885,121180,-58.0,791,116,18:48:29,2012-07-27
451890,121180,-58.0,791,116,18:48:30,2012-07-27
451895,121190,-58.0,791,116,18:48:27,2012-07-27
451910,121205,-56.666668,791,116,18:48:26,2012-07-27
451920,121220,-54.666668,791,116,18:48:25,2012-07-27
451935,121235,-52.666668,791,116,18:48:23,2012-07-27
451945,121250,-51.333332,791,116,18:48:22,2012-07-27
451955,121265,-49.0,791,116,18:48:20,2012-07-27
451965,121275,-48.0,791,116,18:48:19,2012-07-27
451965,121280,-48.0,791,116,18:48:19,2012-07-27
451975,121285,-48.0,791,116,18:48:18,2012-07-27
451975,121290,-48.0,791,116,18:48:18,2012-07-27
451980,121290,-54.0,791,116,18:48:18,2012-07-27
451990,121305,-57.0,791,116,18:48:16,2012-07-27
451990,121310,-57.0,791,116,18:48:16,2012-07-27
452000,121320,-57.0,791,116,18:48:15,2012-07-27
452005,121330,-57.0,791,116,18:48:14,2012-07-27
452005,121335,-57.0,791,116,18:48:14,2012-07-27
452010,121335,-57.0,791,116,18:48:13,2012-07-27
452015,121345,-57.0,791,116,18:48:12,2012-07-27
452020,121350,-57.0,791,116,18:48:12,2012-07-27
437445,122915,-98.0,791,116,14:07:36,2012-07-26
437455,122915,-97.199997,791,116,14:07:37,2012-07-26
437460,122915,-96.0,791,116,14:07:38,2012-07-26
437465,122920,-95.75,791,116,14:07:38,2012-07-26
437475,122920,-95.0,791,116,14:07:39,2012-07-26
437485,122925,-95.25,791,116,14:07:40,2012-07-26
437490,122925,-96.0,791,116,14:07:40,2012-07-26
437495,122930,-96.0,791,116,14:07:41,2012-07-26
437505,122930,-96.0,791,116,14:07:42,2012-07-26
437505,122935,-96.0,791,116,14:07:42,2012-07-26
437510,122935,-96.0,791,116,14:07:42,2012-07-26
437515,122935,-97.714287,791,116,14:07:42,2012-07-26
437515,122940,-99.0,791,116,14:07:43,2012-07-26
437520,122940,-99.0,791,116,14:07:43,2012-07-26
437525,122940,-99.0,791,116,14:07:44,2012-07-26
437530,122945,-99.0,791,116,14:07:44,2012-07-26
438880,114405,-87.0,791,116,12:06:13,2012-07-26
438885,114405,-87.0,791,116,12:16:48,2012-07-26
438890,114405,-85.5,791,116,12:06:15,2012-07-26
438895,114405,-85.0,791,116,12:16:47,2012-07-26
438905,114410,-85.0,791,116,12:06:16,2012-07-26
438915,114415,-80.5,791,116,12:16:44,2012-07-26
438920,114415,-79.0,791,116,12:06:18,2012-07-26
438925,114420,-79.0,791,116,12:06:18,2012-07-26
438930,114425,-79.0,791,116,12:16:42,2012-07-26
438940,114425,-79.0,791,116,12:06:21,2012-07-26
438955,114435,-79.0,791,116,12:16:40,2012-07-26
438975,114440,-79.0,791,116,12:16:39,2012-07-26
439015,114445,-87.0,791,116,12:16:34,2012-07-26
439020,114450,-89.0,791,116,12:16:33,2012-07-26
439025,114460,-89.0,791,116,12:16:32,2012-07-26
439030,114470,-89.0,791,116,12:16:30,2012-07-26
439030,114475,-89.0,791,116,12:16:29,2012-07-26
439030,114480,-89.0,791,116,12:16:28,2012-07-26
439025,114495,-89.0,791,116,12:16:26,2012-07-26
439025,114510,-89.85714,791,116,12:16:25,2012-07-26
439025,114520,-91.0,791,116,12:16:25,2012-07-26
439025,114525,-93.0,791,116,12:16:23,2012-07-26
439025,114530,-93.0,791,116,12:16:23,2012-07-26
439020,114555,-95.333336,791,116,12:16:21,2012-07-26
439020,114565,-96.0,791,116,12:16:20,2012-07-26
439020,114570,-97.333336,791,116,12:16:20,2012-07-26
439020,114575,-98.0,791,116,12:16:19,2012-07-26
439020,114580,-98.0,791,116,12:16:18,2012-07-26
439015,114600,-96.0,791,116,12:16:17,2012-07-26
439015,114615,-95.25,791,116,12:16:15,2012-07-26
439020,114620,-95.0,791,116,12:16:15,2012-07-26
439020,114630,-95.0,791,116,12:16:14,2012-07-26
439025,114635,-95.0,791,116,12:16:13,2012-07-26
439030,114645,-95.0,791,116,12:16:13,2012-07-26
439035,114655,-94.333336,791,116,12:16:11,2012-07-26
439040,114675,-96.0,791,116,12:16:10,2012-07-26
439040,114685,-97.0,791,116,12:16:09,2012-07-26
439045,114690,-97.0,791,116,12:16:08,2012-07-26
439045,114700,-97.0,791,116,12:16:08,2012-07-26
439045,114705,-97.0,791,116,12:16:07,2012-07-26
439050,114715,-97.0,791,116,12:16:06,2012-07-26
439050,114720,-97.0,791,116,12:16:06,2012-07-26
439050,114730,-97.0,791,116,12:16:05,2012-07-26
439050,114740,-97.666664,791,116,12:16:04,2012-07-26
439050,114745,-98.0,791,116,12:16:03,2012-07-26
439050,114755,-97.25,791,116,12:16:03,2012-07-26
439050,114765,-97.0,791,116,12:16:02,2012-07-26
439050,114770,-97.666664,791,116,12:16:01,2012-07-26
439055,114790,-98.0,791,116,12:16:00,2012-07-26
439060,114795,-98.0,791,116,12:15:59,2012-07-26
439065,114805,-98.0,791,116,12:15:59,2012-07-26
439045,114950,-95.0,791,116,12:15:42,2012-07-26
439050,114950,-95.0,791,116,12:07:37,2012-07-26
439040,114955,-95.0,791,116,12:15:42,2012-07-26
439020,115040,-98.0,791,116,12:15:29,2012-07-26
439025,115040,-98.0,791,116,12:15:28,2012-07-26
439030,115040,-96.0,791,116,12:15:27,2012-07-26
439035,115040,-95.0,791,116,12:15:27,2012-07-26
439040,115040,-95.0,791,116,12:15:26,2012-07-26
439050,115040,-95.0,791,116,12:15:25,2012-07-26
439055,115040,-93.400002,791,116,12:15:25,2012-07-26
451650,120965,-57.0,791,116,18:48:55,2012-07-27
451655,120965,-56.5,791,116,18:48:54,2012-07-27
451655,120970,-56.0,791,116,18:48:54,2012-07-27
451660,120970,-56.0,791,116,18:48:54,2012-07-27
451670,120980,-56.5,791,116,18:48:53,2012-07-27
451680,120990,-56.333332,791,116,18:48:52,2012-07-27
451690,120995,-56.0,791,116,18:48:51,2012-07-27
451700,121000,-55.200001,791,116,18:48:49,2012-07-27
451705,121005,-55.0,791,116,18:48:49,2012-07-27
451715,121015,-53.0,791,116,18:48:47,2012-07-27
451735,121030,-50.0,791,116,18:48:46,2012-07-27
451745,121040,-47.0,791,116,18:48:44,2012-07-27
451755,121045,-45.25,791,116,18:48:43,2012-07-27
451770,121060,-45.0,791,116,18:48:42,2012-07-27
451775,121070,-44.25,791,116,18:48:42,2012-07-27
451785,121080,-46.0,791,116,18:48:40,2012-07-27
451795,121085,-49.666668,791,116,18:48:39,2012-07-27
451815,121105,-53.25,791,116,18:48:37,2012-07-27
451825,121115,-54.666668,791,116,18:48:36,2012-07-27
451835,121125,-55.0,791,116,18:48:35,2012-07-27
451845,121135,-55.666668,791,116,18:48:34,2012-07-27
451850,121140,-56.0,791,116,18:48:33,2012-07-27
451860,121150,-56.299999,791,116,18:48:32,2012-07-27
451880,121170,-57.666668,791,116,18:48:30,2012-07-27
451880,121175,-58.0,791,116,18:48:29,2012-07-27
451885,121180,-58.0,791,116,18:48:29,2012-07-27
451890,121180,-58.0,791,116,18:48:30,2012-07-27
451895,121190,-58.0,791,116,18:48:27,2012-07-27
451910,121205,-56.666668,791,116,18:48:26,2012-07-27
451920,121220,-54.666668,791,116,18:48:25,2012-07-27
451935,121235,-52.666668,791,116,18:48:23,2012-07-27
451945,121250,-51.333332,791,116,18:48:22,2012-07-27
451955,121265,-49.0,791,116,18:48:20,2012-07-27
451965,121275,-48.0,791,116,18:48:19,2012-07-27
451965,121280,-48.0,791,116,18:48:19,2012-07-27
451975,121285,-48.0,791,116,18:48:18,2012-07-27
451975,121290,-48.0,791,116,18:48:18,2012-07-27
451980,121290,-54.0,791,116,18:48:18,2012-07-27
451990,121305,-57.0,791,116,18:48:16,2012-07-27
451990,121310,-57.0,791,116,18:48:16,2012-07-27
452000,121320,-57.0,791,116,18:48:15,2012-07-27
452005,121330,-57.0,791,116,18:48:14,2012-07-27
452005,121335,-57.0,791,116,18:48:14,2012-07-27
452010,121335,-57.0,791,116,18:48:13,2012-07-27
452015,121345,-57.0,791,116,18:48:12,2012-07-27
452020,121350,-57.0,791,116,18:48:12,2012-07-27
437445,122915,-98.0,791,116,14:07:36,2012-07-26
437455,122915,-97.199997,791,116,14:07:37,2012-07-26
437460,122915,-96.0,791,116,14:07:38,2012-07-26
437465,122920,-95.75,791,116,14:07:38,2012-07-26
437475,122920,-95.0,791,116,14:07:39,2012-07-26
437485,122925,-95.25,791,116,14:07:40,2012-07-26
437490,122925,-96.0,791,116,14:07:40,2012-07-26
437495,122930,-96.0,791,116,14:07:41,2012-07-26
437505,122930,-96.0,791,116,14:07:42,2012-07-26
437505,122935,-96.0,791,116,14:07:42,2012-07-26
437510,122935,-96.0,791,116,14:07:42,2012-07-26
437515,122935,-97.714287,791,116,14:07:42,2012-07-26
437515,122940,-99.0,791,116,14:07:43,2012-07-26
437520,122940,-99.0,791,116,14:07:43,2012-07-26
437525,122940,-99.0,791,116,14:07:44,2012-07-26
437530,122945,-99.0,791,116,14:07:44,2012-07-26
