451090,121320,-55.0,642,110,17:02:27,2012-07-31
451080,121330,-55.0,642,110,17:02:28,2012-07-31
451075,121335,-55.0,642,110,17:02:29,2012-07-31
451070,121345,-55.0,642,110,17:02:30,2012-07-31
451065,121355,-55.0,642,110,17:02:31,2012-07-31
451055,121370,-58.666668,642,110,17:02:33,2012-07-31
451050,121380,-66.0,642,110,17:02:33,2012-07-31
451045,121385,-66.25,642,110,17:02:34,2012-07-31
451035,121395,-68.0,642,110,17:02:36,2012-07-31
451025,121410,-70.0,642,110,17:02:37,2012-07-31
451025,121415,-70.0,642,110,17:02:37,2012-07-31
451020,121420,-69.714287,642,110,17:02:38,2012-07-31
451015,121425,-69.0,642,110,17:02:39,2012-07-31
451020,121425,-69.0,642,110,17:02:39,2012-07-31
451015,121430,-69.0,642,110,17:02:39,2012-07-31
451010,121435,-66.0,642,110,17:02:40,2012-07-31
451015,121435,-68.0,642,110,17:02:40,2012-07-31
451005,121440,-69.0,642,110,17:02:41,2012-07-31
451010,121440,-66.75,642,110,17:02:41,2012-07-31
451005,121445,-69.0,642,110,17:02:42,2012-07-31
451000,121450,-69.0,642,110,17:02:42,2012-07-31
451650,121545,-44.25,642,110,17:04:56,2012-07-31
451660,121545,-45.0,642,110,17:04:57,2012-07-31
451670,121545,-45.0,642,110,17:04:58,2012-07-31
451640,121550,-43.0,642,110,17:04:54,2012-07-31
451650,121550,-43.333332,642,110,17:04:55,2012-07-31
451680,121550,-45.0,642,110,17:04:59,2012-07-31
451630,121555,-42.25,642,110,17:04:53,2012-07-31
451685,121555,-44.75,642,110,17:05:00,2012-07-31
451620,121560,-45.333332,642,110,17:04:52,2012-07-31
451690,121565,-44.0,642,110,17:05:01,2012-07-31
451595,121570,-47.25,642,110,17:04:49,2012-07-31
451605,121570,-47.599998,642,110,17:04:50,2012-07-31
451695,121570,-43.666668,642,110,17:05:02,2012-07-31
451575,121585,-52.0,642,110,17:04:46,2012-07-31
451580,121585,-47.666668,642,110,17:04:48,2012-07-31
451700,121585,-42.0,642,110,17:05:03,2012-07-31
451565,121590,-54.0,642,110,17:04:45,2012-07-31
451705,121590,-40.0,642,110,17:05:04,2012-07-31
451555,121595,-54.0,642,110,17:04:45,2012-07-31
451545,121600,-54.0,642,110,17:04:43,2012-07-31
451710,121600,-40.0,642,110,17:05:05,2012-07-31
451530,121605,-54.0,642,110,17:04:42,2012-07-31
451520,121610,-54.0,642,110,17:04:41,2012-07-31
451715,121610,-40.333332,642,110,17:05:06,2012-07-31
451515,121615,-54.0,642,110,17:04:41,2012-07-31
451720,121620,-41.0,642,110,17:05:07,2012-07-31
451725,121625,-41.0,642,110,17:05:08,2012-07-31
451725,121630,-41.0,642,110,17:05:08,2012-07-31
451730,121630,-41.0,642,110,17:05:08,2012-07-31
451930,121630,-46.0,642,110,18:45:25,2012-07-27
451935,121630,-46.0,642,110,18:45:27,2012-07-27
451940,121630,-46.375,642,110,18:45:28,2012-07-27
452135,121630,-72.0,642,110,18:46:43,2012-07-27
451730,121635,-41.0,642,110,17:05:09,2012-07-31
451925,121635,-46.0,642,110,18:45:24,2012-07-27
451940,121635,-50.793652,642,110,18:45:31,2012-07-27
451945,121635,-51.648647,642,110,18:45:51,2012-07-27
452120,121635,-71.5,642,110,18:46:42,2012-07-27
452130,121635,-72.0,642,110,18:46:43,2012-07-27
451735,121640,-41.0,642,110,17:05:09,2012-07-31
451945,121640,-49.375,642,110,18:46:15,2012-07-27
452105,121640,-71.0,642,110,18:46:41,2012-07-27
452115,121640,-71.0,642,110,18:46:41,2012-07-27
451735,121645,-41.0,642,110,17:05:10,2012-07-31
451740,121645,-41.333332,642,110,17:05:10,2012-07-31
451940,121645,-47.5,642,110,18:46:16,2012-07-27
452105,121645,-69.0,642,110,18:46:40,2012-07-27
452075,121650,-63.0,642,110,18:46:38,2012-07-27
452085,121650,-64.666664,642,110,18:46:39,2012-07-27
451930,121655,-46.25,642,110,18:46:18,2012-07-27
452060,121655,-58.0,642,110,18:46:37,2012-07-27
452065,121655,-59.0,642,110,18:46:37,2012-07-27
451745,121660,-42.0,642,110,17:05:12,2012-07-31
451750,121660,-42.0,642,110,17:05:12,2012-07-31
452045,121660,-56.0,642,110,18:46:36,2012-07-27
451750,121665,-42.0,642,110,17:05:12,2012-07-31
451930,121665,-48.333332,642,110,18:46:20,2012-07-27
452030,121665,-52.333332,642,110,18:46:35,2012-07-27
452035,121665,-55.0,642,110,18:46:35,2012-07-27
451930,121670,-49.0,642,110,18:46:22,2012-07-27
452010,121670,-51.0,642,110,18:46:33,2012-07-27
452015,121670,-51.0,642,110,18:46:33,2012-07-27
452020,121670,-51.0,642,110,18:46:34,2012-07-27
451755,121675,-42.0,642,110,17:05:13,2012-07-31
451935,121675,-49.333332,642,110,18:46:23,2012-07-27
451995,121675,-51.0,642,110,18:46:32,2012-07-27
452000,121675,-51.0,642,110,18:46:32,2012-07-27
452005,121675,-51.0,642,110,18:46:33,2012-07-27
451940,121680,-50.0,642,110,18:46:25,2012-07-27
451985,121680,-51.0,642,110,18:46:30,2012-07-27
451760,121685,-42.0,642,110,17:05:14,2012-07-31
451945,121685,-50.0,642,110,18:46:26,2012-07-27
451965,121685,-51.0,642,110,18:46:29,2012-07-27
451765,121690,-42.0,642,110,17:05:14,2012-07-31
451955,121690,-50.5,642,110,18:46:27,2012-07-27
451770,121700,-42.0,642,110,17:05:16,2012-07-31
451775,121705,-42.0,642,110,17:05:16,2012-07-31
451785,121720,-42.5,642,110,17:05:17,2012-07-31
451790,121730,-43.0,642,110,17:05:19,2012-07-31
451795,121745,-43.5,642,110,17:05:20,2012-07-31
451800,121755,-44.444443,642,110,17:05:21,2012-07-31
451810,121770,-46.200001,642,110,17:05:23,2012-07-31
451815,121775,-47.0,642,110,17:05:24,2012-07-31
451825,121795,-47.400002,642,110,17:05:26,2012-07-31
451830,121800,-48.0,642,110,17:05:27,2012-07-31
451840,121820,-47.5,642,110,17:05:29,2012-07-31
451845,121830,-47.333332,642,110,17:05:29,2012-07-31
451855,121840,-48.0,642,110,17:05:31,2012-07-31
452015,122115,-42.0,642,110,17:06:17,2012-07-31
451090,121320,-55.0,642,110,17:02:27,2012-07-31
451080,121330,-55.0,642,110,17:02:28,2012-07-31
451075,121335,-55.0,642,110,17:02:29,2012-07-31
451070,121345,-55.0,642,110,17:02:30,2012-07-31
451065,121355,-55.0,642,110,17:02:31,2012-07-31
451055,121370,-58.666668,642,110,17:02:33,2012-07-31
451050,121380,-66.0,642,110,17:02:33,2012-07-31
451045,121385,-66.25,642,110,17:02:34,2012-07-31
451035,121395,-68.0,642,110,17:02:36,2012-07-31
451025,121410,-70.0,642,110,17:02:37,2012-07-31
451025,121415,-70.0,642,110,17:02:37,2012-07-31
451020,121420,-69.714287,642,110,17:02:38,2012-07-31
451015,121425,-69.0,642,110,17:02:39,2012-07-31
451020,121425,-69.0,642,110,17:02:39,2012-07-31
451015,121430,-69.0,642,110,17:02:39,2012-07-31
451010,121435,-66.0,642,110,17:02:40,2012-07-31
451015,121435,-68.0,642,110,17:02:40,2012-07-31
451005,121440,-69.0,642,110,17:02:41,2012-07-31
451010,121440,-66.75,642,110,17:02:41,2012-07-31
451005,121445,-69.0,642,110,17:02:42,2012-07-31
451000,121450,-69.0,642,110,17:02:42,2012-07-31
451650,121545,-44.25,642,110,17:04:56,2012-07-31
451660,121545,-45.0,642,110,17:04:57,2012-07-31
451670,121545,-45.0,642,110,17:04:58,2012-07-31
451640,121550,-43.0,642,110,17:04:54,2012-07-31
451650,121550,-43.333332,642,110,17:04:55,2012-07-31
451680,121550,-45.0,642,110,17:04:59,2012-07-31
451630,121555,-42.25,642,110,17:04:53,2012-07-31
451685,121555,-44.75,642,110,17:05:00,2012-07-31
451620,121560,-45.333332,642,110,17:04:52,2012-07-31
451690,121565,-44.0,642,110,17:05:01,2012-07-31
451595,121570,-47.25,642,110,17:04:49,2012-07-31
451605,121570,-47.599998,642,110,17:04:50,2012-07-31
451695,121570,-43.666668,642,110,17:05:02,2012-07-31
451575,121585,-52.0,642,110,17:04:46,2012-07-31
451580,121585,-47.666668,642,110,17:04:48,2012-07-31
451700,121585,-42.0,642,110,17:05:03,2012-07-31
451565,121590,-54.0,642,110,17:04:45,2012-07-31
451705,121590,-40.0,642,110,17:05:04,2012-07-31
451555,121595,-54.0,642,110,17:04:45,2012-07-31
451545,121600,-54.0,642,110,17:04:43,2012-07-31
451710,121600,-40.0,642,110,17:05:05,2012-07-31
451530,121605,-54.0,642,110,17:04:42,2012-07-31
451520,121610,-54.0,642,110,17:04:41,2012-07-31
451715,121610,-40.333332,642,110,17:05:06,2012-07-31
451515,121615,-54.0,642,110,17:04:41,2012-07-31
451720,121620,-41.0,642,110,17:05:07,2012-07-31
451725,121625,-41.0,642,110,17:05:08,2012-07-31
451725,121630,-41.0,642,110,17:05:08,2012-07-31
451730,121630,-41.0,642,110,17:05:08,2012-07-31
451930,121630,-46.0,642,110,18:45:25,2012-07-27
451935,121630,-46.0,642,110,18:45:27,2012-07-27
451940,121630,-46.375,642,110,18:45:28,2012-07-27
452135,121630,-72.0,642,110,18:46:43,2012-07-27
451730,121635,-41.0,642,110,17:05:09,2012-07-31
451925,121635,-46.0,642,110,18:45:24,2012-07-27
451940,121635,-50.793652,642,110,18:45:31,2012-07-27
451945,121635,-51.648647,642,110,18:45:51,2012-07-27
452120,121635,-71.5,642,110,18:46:42,2012-07-27
452130,121635,-72.0,642,110,18:46:43,2012-07-27
451735,121640,-41.0,642,110,17:05:09,2012-07-31
451945,121640,-49.375,642,110,18:46:15,2012-07-27
452105,121640,-71.0,642,110,18:46:41,2012-07-27
452115,121640,-71.0,642,110,18:46:41,2012-07-27
451735,121645,-41.0,642,110,17:05:10,2012-07-31
451740,121645,-41.333332,642,110,17:05:10,2012-07-31
451940,121645,-47.5,642,110,18:46:16,2012-07-27
452105,121645,-69.0,642,110,18:46:40,2012-07-27
452075,121650,-63.0,642,110,18:46:38,2012-07-27
452085,121650,-64.666664,642,110,18:46:39,2012-07-27
451930,121655,-46.25,642,110,18:46:18,2012-07-27
452060,121655,-58.0,642,110,18:46:37,2012-07-27
452065,121655,-59.0,642,110,18:46:37,2012-07-27
451745,121660,-42.0,642,110,17:05:12,2012-07-31
451750,121660,-42.0,642,110,17:05:12,2012-07-31
452045,121660,-56.0,642,110,18:46:36,2012-07-27
451750,121665,-42.0,642,110,17:05:12,2012-07-31
451930,121665,-48.333332,642,110,18:46:20,2012-07-27
452030,121665,-52.333332,642,110,18:46:35,2012-07-27
452035,121665,-55.0,642,110,18:46:35,2012-07-27
451930,121670,-49.0,642,110,18:46:22,2012-07-27
452010,121670,-51.0,642,110,18:46:33,2012-07-27
452015,121670,-51.0,642,110,18:46:33,2012-07-27
452020,121670,-51.0,642,110,18:46:34,2012-07-27
451755,121675,-42.0,642,110,17:05:13,2012-07-31
451935,121675,-49.333332,642,110,18:46:23,2012-07-27
451995,121675,-51.0,642,110,18:46:32,2012-07-27
452000,121675,-51.0,642,110,18:46:32,2012-07-27
452005,121675,-51.0,642,110,18:46:33,2012-07-27
451940,121680,-50.0,642,110,18:46:25,2012-07-27
451985,121680,-51.0,642,110,18:46:30,2012-07-27
451760,121685,-42.0,642,110,17:05:14,2012-07-31
451945,121685,-50.0,642,110,18:46:26,2012-07-27
451965,121685,-51.0,642,110,18:46:29,2012-07-27
451765,121690,-42.0,642,110,17:05:14,2012-07-31
451955,121690,-50.5,642,110,18:46:27,2012-07-27
451770,121700,-42.0,642,110,17:05:16,2012-07-31
451775,121705,-42.0,642,110,17:05:16,2012-07-31
451785,121720,-42.5,642,110,17:05:17,2012-07-31
451790,121730,-43.0,642,110,17:05:19,2012-07-31
451795,121745,-43.5,642,110,17:05:20,2012-07-31
451800,121755,-44.444443,642,110,17:05:21,2012-07-31
451810,121770,-46.200001,642,110,17:05:23,2012-07-31
451815,121775,-47.0,642,110,17:05:24,2012-07-31
451825,121795,-47.400002,642,110,17:05:26,2012-07-31
451830,121800,-48.0,642,110,17:05:27,2012-07-31
451840,121820,-47.5,642,110,17:05:29,2012-07-31
451845,121830,-47.333332,642,110,17:05:29,2012-07-31
451855,121840,-48.0,642,110,17:05:31,2012-07-31
452015,122115,-42.0,642,110,17:06:17,2012-07-31
