439240,113350,-92.0,1405,112,12:19:34,2012-07-26
439245,113350,-92.0,1405,112,12:19:34,2012-07-26
439160,113355,-78.647057,1405,112,12:19:21,2012-07-26
439220,113355,-91.882355,1405,112,12:19:31,2012-07-26
439225,113355,-92.0,1405,112,12:19:32,2012-07-26
439230,113355,-92.0,1405,112,12:19:32,2012-07-26
439235,113355,-92.0,1405,112,12:19:32,2012-07-26
439240,113355,-92.0,1405,112,12:19:33,2012-07-26
439155,113360,-81.0,1405,112,12:19:17,2012-07-26
439205,113360,-89.0,1405,112,12:19:29,2012-07-26
439210,113360,-89.85714,1405,112,12:19:30,2012-07-26
439215,113360,-91.0,1405,112,12:19:30,2012-07-26
437860,113565,-73.0,1405,112,11:45:02,2012-07-26
437870,113565,-76.333336,1405,112,11:45:01,2012-07-26
437880,113565,-80.25,1405,112,11:45:00,2012-07-26
437885,113565,-84.199997,1405,112,11:44:58,2012-07-26
437900,113565,-89.0,1405,112,11:44:57,2012-07-26
437910,113565,-89.0,1405,112,11:44:56,2012-07-26
437925,113565,-89.0,1405,112,11:44:55,2012-07-26
437935,113565,-89.0,1405,112,11:44:53,2012-07-26
437840,113570,-71.0,1405,112,11:45:04,2012-07-26
437845,113570,-71.0,1405,112,11:45:03,2012-07-26
437855,113570,-72.5,1405,112,11:45:03,2012-07-26
437945,113570,-89.0,1405,112,11:44:53,2012-07-26
437820,113575,-76.0,1405,112,11:45:06,2012-07-26
437825,113575,-72.666664,1405,112,11:45:05,2012-07-26
437965,113575,-89.699997,1405,112,11:44:50,2012-07-26
437565,113580,-84.0,1405,112,11:45:35,2012-07-26
437810,113580,-76.0,1405,112,11:45:07,2012-07-26
437970,113580,-90.0,1405,112,11:44:50,2012-07-26
437570,113585,-84.0,1405,112,11:45:35,2012-07-26
437575,113585,-84.0,1405,112,11:45:35,2012-07-26
437580,113585,-84.0,1405,112,11:45:34,2012-07-26
437795,113585,-76.25,1405,112,11:45:08,2012-07-26
437805,113585,-76.0,1405,112,11:45:07,2012-07-26
437580,113590,-84.0,1405,112,11:45:34,2012-07-26
437585,113590,-83.333336,1405,112,11:45:34,2012-07-26
437790,113590,-77.0,1405,112,11:45:09,2012-07-26
437795,113590,-77.0,1405,112,11:45:09,2012-07-26
437590,113595,-83.0,1405,112,11:45:33,2012-07-26
437595,113595,-81.5,1405,112,11:45:32,2012-07-26
437785,113595,-79.285713,1405,112,11:45:10,2012-07-26
437605,113600,-81.0,1405,112,11:45:31,2012-07-26
437780,113600,-81.0,1405,112,11:45:10,2012-07-26
437610,113605,-80.333336,1405,112,11:45:31,2012-07-26
437770,113605,-83.0,1405,112,11:45:12,2012-07-26
437775,113605,-81.800003,1405,112,11:45:11,2012-07-26
437625,113610,-80.0,1405,112,11:45:29,2012-07-26
437665,113610,-77.0,1405,112,11:45:24,2012-07-26
437675,113610,-77.0,1405,112,11:45:24,2012-07-26
437680,113610,-77.0,1405,112,11:45:23,2012-07-26
437685,113610,-77.0,1405,112,11:45:22,2012-07-26
437690,113610,-77.0,1405,112,11:45:22,2012-07-26
437770,113610,-83.0,1405,112,11:45:12,2012-07-26
437630,113615,-80.0,1405,112,11:45:29,2012-07-26
437635,113615,-78.5,1405,112,11:45:28,2012-07-26
437645,113615,-78.0,1405,112,11:45:27,2012-07-26
437650,113615,-78.0,1405,112,11:45:27,2012-07-26
437660,113615,-77.333336,1405,112,11:45:25,2012-07-26
437695,113615,-77.75,1405,112,11:45:21,2012-07-26
437700,113615,-78.0,1405,112,11:45:20,2012-07-26
437755,113615,-85.0,1405,112,11:45:13,2012-07-26
437765,113615,-83.5,1405,112,11:45:12,2012-07-26
437705,113620,-81.75,1405,112,11:45:19,2012-07-26
437710,113620,-83.0,1405,112,11:45:19,2012-07-26
437745,113620,-85.0,1405,112,11:45:15,2012-07-26
437750,113620,-85.0,1405,112,11:45:14,2012-07-26
437715,113625,-84.5,1405,112,11:45:18,2012-07-26
437735,113625,-86.0,1405,112,11:45:16,2012-07-26
437740,113625,-85.25,1405,112,11:45:15,2012-07-26
437720,113630,-85.0,1405,112,11:45:17,2012-07-26
437725,113630,-85.599998,1405,112,11:45:17,2012-07-26
438760,113650,-83.0,1405,112,11:42:53,2012-07-26
438765,113650,-83.0,1405,112,11:42:52,2012-07-26
438770,113650,-86.75,1405,112,11:42:51,2012-07-26
438775,113650,-88.0,1405,112,11:42:51,2012-07-26
438780,113650,-88.666664,1405,112,11:42:50,2012-07-26
438750,113655,-83.25,1405,112,11:42:54,2012-07-26
438790,113655,-89.0,1405,112,11:42:49,2012-07-26
438490,113660,-82.333336,1405,112,11:43:22,2012-07-26
438500,113660,-83.0,1405,112,11:43:22,2012-07-26
438510,113660,-85.25,1405,112,11:43:21,2012-07-26
438515,113660,-88.666664,1405,112,11:43:20,2012-07-26
438665,113660,-79.5,1405,112,11:43:03,2012-07-26
438670,113660,-80.0,1405,112,11:43:02,2012-07-26
438735,113660,-83.5,1405,112,11:42:56,2012-07-26
438740,113660,-84.0,1405,112,11:42:55,2012-07-26
438790,113660,-89.571426,1405,112,11:42:47,2012-07-26
438480,113665,-81.0,1405,112,11:43:24,2012-07-26
438525,113665,-90.0,1405,112,11:43:19,2012-07-26
438650,113665,-78.0,1405,112,11:43:04,2012-07-26
438675,113665,-82.666664,1405,112,11:43:01,2012-07-26
438690,113665,-84.0,1405,112,11:43:00,2012-07-26
438705,113665,-82.5,1405,112,11:42:58,2012-07-26
438720,113665,-82.0,1405,112,11:42:57,2012-07-26
438730,113665,-82.0,1405,112,11:42:56,2012-07-26
438790,113665,-92.25,1405,112,11:42:46,2012-07-26
438470,113670,-81.0,1405,112,11:43:25,2012-07-26
438535,113670,-90.75,1405,112,11:43:18,2012-07-26
438790,113670,-91.5,1405,112,11:42:44,2012-07-26
438640,113675,-78.666664,1405,112,11:43:05,2012-07-26
438785,113675,-91.5,1405,112,11:42:43,2012-07-26
438450,113680,-82.0,1405,112,11:43:27,2012-07-26
438540,113680,-91.0,1405,112,11:43:17,2012-07-26
438630,113680,-80.0,1405,112,11:43:06,2012-07-26
438780,113680,-92.0,1405,112,11:42:42,2012-07-26
438445,113685,-85.0,1405,112,11:43:27,2012-07-26
438545,113685,-91.0,1405,112,11:43:16,2012-07-26
438625,113685,-81.0,1405,112,11:43:07,2012-07-26
438770,113685,-92.0,1405,112,11:42:41,2012-07-26
438775,113685,-92.0,1405,112,11:42:41,2012-07-26
438030,113690,-96.0,1405,112,11:44:37,2012-07-26
438435,113690,-86.199997,1405,112,11:43:28,2012-07-26
438560,113690,-92.777779,1405,112,11:43:14,2012-07-26
438615,113690,-84.5,1405,112,11:43:08,2012-07-26
438620,113690,-83.0,1405,112,11:43:08,2012-07-26
438770,113690,-92.0,1405,112,11:42:41,2012-07-26
438035,113695,-96.0,1405,112,11:44:36,2012-07-26
438430,113695,-88.5,1405,112,11:43:29,2012-07-26
438565,113695,-93.0,1405,112,11:43:13,2012-07-26
438570,113695,-93.0,1405,112,11:43:12,2012-07-26
438575,113695,-93.0,1405,112,11:43:12,2012-07-26
438605,113695,-89.0,1405,112,11:43:09,2012-07-26
438040,113700,-96.0,1405,112,11:44:36,2012-07-26
438580,113700,-93.0,1405,112,11:43:12,2012-07-26
438585,113700,-92.400002,1405,112,11:43:11,2012-07-26
438590,113700,-92.0,1405,112,11:43:11,2012-07-26
438595,113700,-92.0,1405,112,11:43:10,2012-07-26
438600,113700,-92.0,1405,112,11:43:10,2012-07-26
438605,113700,-90.5,1405,112,11:43:10,2012-07-26
438425,113705,-91.5,1405,112,11:43:31,2012-07-26
438045,113710,-96.0,1405,112,11:44:35,2012-07-26
438050,113710,-96.0,1405,112,11:44:34,2012-07-26
438415,113715,-93.0,1405,112,11:43:32,2012-07-26
438055,113720,-98.0,1405,112,11:44:33,2012-07-26
438405,113725,-92.5,1405,112,11:43:34,2012-07-26
438395,113730,-90.333336,1405,112,11:43:35,2012-07-26
438065,113735,-98.666664,1405,112,11:44:32,2012-07-26
438365,113735,-87.0,1405,112,11:43:39,2012-07-26
438375,113735,-88.5,1405,112,11:43:38,2012-07-26
438385,113735,-89.0,1405,112,11:43:36,2012-07-26
438350,113740,-87.0,1405,112,11:43:39,2012-07-26
438070,113745,-100.33334,1405,112,11:44:30,2012-07-26
438260,113745,-93.0,1405,112,11:43:51,2012-07-26
438265,113745,-93.0,1405,112,11:43:50,2012-07-26
438270,113745,-92.25,1405,112,11:43:49,2012-07-26
438275,113745,-92.0,1405,112,11:43:48,2012-07-26
438280,113745,-89.75,1405,112,11:43:48,2012-07-26
438285,113745,-89.0,1405,112,11:43:47,2012-07-26
438295,113745,-88.199997,1405,112,11:43:46,2012-07-26
438305,113745,-87.400002,1405,112,11:43:45,2012-07-26
438310,113745,-87.0,1405,112,11:43:44,2012-07-26
438315,113745,-87.75,1405,112,11:43:44,2012-07-26
438320,113745,-88.0,1405,112,11:43:43,2012-07-26
438330,113745,-87.333336,1405,112,11:43:42,2012-07-26
438335,113745,-87.0,1405,112,11:43:41,2012-07-26
438345,113745,-87.0,1405,112,11:43:41,2012-07-26
438075,113755,-101.0,1405,112,11:44:29,2012-07-26
438210,113770,-100.0,1405,112,11:44:03,2012-07-26
438215,113770,-99.545456,1405,112,11:44:02,2012-07-26
438210,113775,-100.57143,1405,112,11:44:05,2012-07-26
438130,113810,-101.0,1405,112,11:44:22,2012-07-26
438135,113815,-101.0,1405,112,11:44:21,2012-07-26
438140,113820,-100.25,1405,112,11:44:20,2012-07-26
438145,113820,-100.0,1405,112,11:44:19,2012-07-26
437585,114025,-83.666664,1405,112,11:53:56,2012-07-26
437590,114025,-83.0,1405,112,11:53:56,2012-07-26
437595,114025,-83.0,1405,112,11:53:57,2012-07-26
437535,114030,-85.0,1405,112,11:53:51,2012-07-26
437540,114030,-85.25,1405,112,11:53:51,2012-07-26
437545,114030,-86.0,1405,112,11:53:52,2012-07-26
437555,114030,-84.800003,1405,112,11:53:53,2012-07-26
437565,114030,-83.0,1405,112,11:53:53,2012-07-26
437570,114030,-83.333336,1405,112,11:53:54,2012-07-26
437535,114035,-85.0,1405,112,11:53:51,2012-07-26
437780,114075,-90.0,1405,112,11:54:17,2012-07-26
437780,114080,-90.0,1405,112,11:54:17,2012-07-26
437785,114085,-90.0,1405,112,11:54:18,2012-07-26
437955,114250,-77.85714,1405,112,11:54:44,2012-07-26
450050,117440,-73.0,1405,112,16:09:39,2012-08-01
450055,117440,-73.0,1405,112,16:09:39,2012-08-01
450065,117450,-73.0,1405,112,16:09:38,2012-08-01
450070,117460,-73.0,1405,112,16:09:38,2012-08-01
450075,117465,-73.0,1405,112,16:09:37,2012-08-01
450080,117470,-73.0,1405,112,16:09:37,2012-08-01
450085,117475,-73.0,1405,112,16:09:36,2012-08-01
450085,117480,-73.0,1405,112,16:09:36,2012-08-01
450090,117480,-73.0,1405,112,16:09:35,2012-08-01
450090,117485,-73.0,1405,112,16:09:35,2012-08-01
450095,117485,-73.0,1405,112,16:09:35,2012-08-01
450100,117490,-73.0,1405,112,16:09:34,2012-08-01
450100,117495,-73.0,1405,112,16:09:34,2012-08-01
450105,117495,-73.0,1405,112,16:09:34,2012-08-01
450105,117500,-73.0,1405,112,16:09:33,2012-08-01
450110,117500,-73.0,1405,112,16:09:33,2012-08-01
450110,117505,-73.0,1405,112,16:09:33,2012-08-01
450115,117510,-73.0,1405,112,16:09:32,2012-08-01
450120,117515,-73.0,1405,112,16:09:32,2012-08-01
450120,117520,-73.714287,1405,112,16:09:32,2012-08-01
450125,117520,-74.0,1405,112,16:09:32,2012-08-01
450125,117525,-74.0,1405,112,16:09:31,2012-08-01
450130,117525,-74.0,1405,112,16:09:31,2012-08-01
450130,117530,-74.699997,1405,112,16:09:31,2012-08-01
450135,117530,-75.0,1405,112,16:09:31,2012-08-01
450135,117535,-75.0,1405,112,16:09:31,2012-08-01
450185,117595,-49.0,1405,112,16:09:24,2012-08-01
450185,117600,-49.0,1405,112,16:09:23,2012-08-01
450195,117610,-49.0,1405,112,16:09:22,2012-08-01
450195,117615,-49.0,1405,112,16:09:22,2012-08-01
450200,117615,-49.0,1405,112,16:09:21,2012-08-01
450205,117620,-49.0,1405,112,16:09:20,2012-08-01
450205,117625,-49.0,1405,112,16:09:20,2012-08-01
450210,117625,-49.0,1405,112,16:09:20,2012-08-01
450210,117630,-49.0,1405,112,16:09:20,2012-08-01
451455,118565,-77.0,1405,112,18:52:40,2012-07-27
451450,118590,-77.875,1405,112,18:52:39,2012-07-27
451450,118600,-70.0,1405,112,18:52:38,2012-07-27
451445,118615,-74.0,1405,112,18:52:38,2012-07-27
451440,118635,-70.0,1405,112,18:52:37,2012-07-27
451440,118645,-70.0,1405,112,18:52:36,2012-07-27
451435,118650,-70.0,1405,112,18:52:36,2012-07-27
451435,118660,-70.0,1405,112,18:52:35,2012-07-27
451430,118685,-70.0,1405,112,18:52:34,2012-07-27
451425,118695,-70.0,1405,112,18:52:34,2012-07-27
451425,118700,-70.0,1405,112,18:52:34,2012-07-27
451425,118715,-70.0,1405,112,18:52:33,2012-07-27
451420,118720,-70.0,1405,112,18:52:33,2012-07-27
451420,118725,-70.0,1405,112,18:52:33,2012-07-27
451420,118730,-70.0,1405,112,18:52:32,2012-07-27
452230,119205,-64.0,1405,112,15:03:39,2012-07-27
452225,119210,-64.0,1405,112,15:03:41,2012-07-27
452215,119215,-64.0,1405,112,15:03:41,2012-07-27
452210,119220,-64.0,1405,112,15:03:42,2012-07-27
452205,119225,-64.0,1405,112,15:03:43,2012-07-27
452195,119230,-65.0,1405,112,15:03:45,2012-07-27
452180,119245,-67.0,1405,112,15:03:46,2012-07-27
452170,119250,-66.0,1405,112,15:03:48,2012-07-27
452165,119255,-67.0,1405,112,15:03:48,2012-07-27
452160,119260,-64.0,1405,112,15:03:48,2012-07-27
452150,119265,-64.0,1405,112,15:03:50,2012-07-27
452140,119275,-64.5,1405,112,15:03:50,2012-07-27
452130,119285,-66.0,1405,112,15:03:51,2012-07-27
452125,119295,-66.0,1405,112,15:03:53,2012-07-27
452115,119305,-66.333336,1405,112,15:03:53,2012-07-27
452105,119315,-67.666664,1405,112,15:03:55,2012-07-27
452090,119330,-70.0,1405,112,15:03:56,2012-07-27
452080,119340,-71.5,1405,112,15:03:58,2012-07-27
452070,119350,-73.400002,1405,112,15:03:58,2012-07-27
452060,119355,-75.0,1405,112,15:03:59,2012-07-27
452050,119365,-75.0,1405,112,15:04:00,2012-07-27
452040,119370,-75.199997,1405,112,15:04:01,2012-07-27
452015,119380,-75.333336,1405,112,15:04:03,2012-07-27
452005,119390,-72.5,1405,112,15:04:05,2012-07-27
451995,119395,-71.875,1405,112,15:04:06,2012-07-27
451980,119400,-70.875,1405,112,15:04:07,2012-07-27
451970,119410,-70.0,1405,112,15:04:08,2012-07-27
451965,119415,-70.0,1405,112,15:04:08,2012-07-27
451960,119420,-70.0,1405,112,15:04:09,2012-07-27
451130,119435,-66.0,1405,112,18:52:01,2012-07-27
451120,119455,-66.0,1405,112,18:52:00,2012-07-27
451110,119475,-66.0,1405,112,18:51:59,2012-07-27
451095,119505,-64.666664,1405,112,18:51:58,2012-07-27
451090,119525,-64.666664,1405,112,18:51:56,2012-07-27
451085,119535,-63.0,1405,112,18:51:55,2012-07-27
451075,119550,-64.0,1405,112,18:51:55,2012-07-27
451075,119560,-63.666668,1405,112,18:51:54,2012-07-27
451070,119570,-64.0,1405,112,18:51:53,2012-07-27
451065,119580,-63.25,1405,112,18:51:52,2012-07-27
451060,119590,-63.0,1405,112,18:51:52,2012-07-27
451055,119595,-63.0,1405,112,18:51:51,2012-07-27
451055,119600,-63.0,1405,112,18:51:51,2012-07-27
451050,119610,-63.0,1405,112,18:51:50,2012-07-27
451045,119620,-63.0,1405,112,18:51:49,2012-07-27
451035,119640,-63.0,1405,112,18:51:48,2012-07-27
451025,119660,-61.666668,1405,112,18:51:47,2012-07-27
451020,119670,-61.0,1405,112,18:51:46,2012-07-27
451015,119680,-60.25,1405,112,18:51:45,2012-07-27
451010,119695,-60.0,1405,112,18:51:44,2012-07-27
451010,119700,-60.0,1405,112,18:51:44,2012-07-27
451005,119705,-60.75,1405,112,18:51:44,2012-07-27
451000,119725,-59.0,1405,112,18:51:42,2012-07-27
451500,119725,-63.0,1405,112,15:05:01,2012-07-27
451490,119730,-63.0,1405,112,15:05:02,2012-07-27
450995,119735,-58.0,1405,112,18:51:41,2012-07-27
451490,119735,-63.0,1405,112,15:05:02,2012-07-27
450990,119740,-58.0,1405,112,18:51:41,2012-07-27
450985,119745,-58.0,1405,112,18:51:40,2012-07-27
451475,119745,-63.0,1405,112,15:05:04,2012-07-27
451470,119750,-63.0,1405,112,15:05:05,2012-07-27
451465,119755,-63.0,1405,112,15:05:05,2012-07-27
451470,119755,-63.0,1405,112,15:05:05,2012-07-27
450980,119760,-58.0,1405,112,18:51:39,2012-07-27
451460,119760,-63.0,1405,112,15:05:06,2012-07-27
451465,119760,-63.0,1405,112,15:05:06,2012-07-27
450980,119765,-58.0,1405,112,18:51:39,2012-07-27
451460,119765,-63.0,1405,112,15:05:06,2012-07-27
451455,119770,-64.0,1405,112,15:05:07,2012-07-27
450975,119775,-58.0,1405,112,18:51:38,2012-07-27
451455,119775,-65.0,1405,112,15:05:07,2012-07-27
451450,119780,-65.0,1405,112,15:05:08,2012-07-27
451445,119785,-65.0,1405,112,15:05:08,2012-07-27
451440,119790,-65.0,1405,112,15:05:09,2012-07-27
451445,119790,-65.0,1405,112,15:05:09,2012-07-27
450965,119795,-58.0,1405,112,18:51:37,2012-07-27
451440,119795,-65.0,1405,112,15:05:09,2012-07-27
451435,119800,-65.0,1405,112,15:05:10,2012-07-27
450955,119810,-59.333332,1405,112,18:51:35,2012-07-27
451430,119810,-65.25,1405,112,15:05:11,2012-07-27
451430,119815,-66.0,1405,112,15:05:12,2012-07-27
450950,119825,-60.666668,1405,112,18:51:34,2012-07-27
451425,119825,-65.333336,1405,112,15:05:12,2012-07-27
451420,119830,-65.0,1405,112,15:05:14,2012-07-27
450950,119835,-61.0,1405,112,18:51:33,2012-07-27
451420,119835,-64.0,1405,112,15:05:13,2012-07-27
450945,119840,-61.0,1405,112,18:51:33,2012-07-27
451415,119840,-64.0,1405,112,15:05:14,2012-07-27
450945,119845,-61.0,1405,112,18:51:32,2012-07-27
450940,119850,-61.0,1405,112,18:51:32,2012-07-27
451415,119850,-65.0,1405,112,15:05:14,2012-07-27
450935,119855,-61.0,1405,112,18:51:31,2012-07-27
451410,119855,-64.75,1405,112,15:05:15,2012-07-27
450935,119860,-60.333332,1405,112,18:51:31,2012-07-27
451400,119870,-64.0,1405,112,15:05:17,2012-07-27
450925,119875,-59.333332,1405,112,18:51:30,2012-07-27
451395,119880,-64.333336,1405,112,15:05:18,2012-07-27
450920,119890,-59.599998,1405,112,18:51:28,2012-07-27
451385,119890,-65.0,1405,112,15:05:19,2012-07-27
450915,119900,-60.0,1405,112,18:51:27,2012-07-27
451380,119900,-65.400002,1405,112,15:05:19,2012-07-27
451370,119910,-65.599998,1405,112,15:05:21,2012-07-27
450905,119925,-60.0,1405,112,18:51:27,2012-07-27
451360,119925,-65.333336,1405,112,15:05:22,2012-07-27
451350,119930,-66.0,1405,112,15:05:24,2012-07-27
450900,119935,-60.799999,1405,112,18:51:25,2012-07-27
450895,119950,-61.75,1405,112,18:51:24,2012-07-27
451330,119950,-66.0,1405,112,15:05:25,2012-07-27
451320,119960,-66.333336,1405,112,15:05:27,2012-07-27
450885,119970,-62.0,1405,112,18:51:23,2012-07-27
451315,119970,-67.199997,1405,112,15:05:27,2012-07-27
450880,119980,-61.0,1405,112,18:51:21,2012-07-27
451305,119980,-68.0,1405,112,15:05:28,2012-07-27
451290,119990,-66.5,1405,112,15:05:29,2012-07-27
450875,119995,-59.200001,1405,112,18:51:20,2012-07-27
451285,120000,-65.199997,1405,112,15:05:30,2012-07-27
451280,120005,-65.333336,1405,112,15:05:32,2012-07-27
450865,120025,-55.75,1405,112,18:51:18,2012-07-27
451255,120030,-64.0,1405,112,15:05:33,2012-07-27
450860,120035,-54.5,1405,112,18:51:17,2012-07-27
451250,120040,-63.57143,1405,112,15:05:35,2012-07-27
451240,120045,-63.0,1405,112,15:05:35,2012-07-27
450850,120050,-52.666668,1405,112,18:51:15,2012-07-27
451230,120055,-63.0,1405,112,15:05:36,2012-07-27
450845,120065,-52.0,1405,112,18:51:14,2012-07-27
451225,120065,-62.599998,1405,112,15:05:38,2012-07-27
450840,120075,-51.333332,1405,112,18:51:13,2012-07-27
451215,120075,-62.200001,1405,112,15:05:39,2012-07-27
451205,120085,-63.0,1405,112,15:05:40,2012-07-27
450835,120090,-51.0,1405,112,18:51:12,2012-07-27
451195,120095,-62.333332,1405,112,15:05:41,2012-07-27
450830,120105,-53.0,1405,112,18:51:11,2012-07-27
451180,120110,-61.25,1405,112,15:05:42,2012-07-27
450825,120115,-53.25,1405,112,18:51:09,2012-07-27
451175,120115,-62.0,1405,112,15:05:43,2012-07-27
451165,120125,-63.0,1405,112,15:05:43,2012-07-27
450820,120135,-50.0,1405,112,18:51:08,2012-07-27
451155,120140,-64.666664,1405,112,15:05:45,2012-07-27
450815,120145,-48.25,1405,112,18:51:07,2012-07-27
451145,120150,-65.5,1405,112,15:05:46,2012-07-27
450810,120155,-48.0,1405,112,18:51:06,2012-07-27
451140,120155,-64.0,1405,112,15:05:47,2012-07-27
451135,120160,-64.0,1405,112,15:05:47,2012-07-27
451135,120165,-64.75,1405,112,15:05:48,2012-07-27
450810,120170,-48.0,1405,112,18:51:05,2012-07-27
451130,120170,-67.0,1405,112,15:05:48,2012-07-27
451125,120175,-67.25,1405,112,15:05:49,2012-07-27
450805,120180,-46.0,1405,112,18:51:04,2012-07-27
450800,120195,-44.400002,1405,112,18:51:02,2012-07-27
451115,120195,-68.0,1405,112,15:05:51,2012-07-27
450800,120200,-44.0,1405,112,18:51:02,2012-07-27
450130,120205,-55.0,1405,112,12:44:07,2012-07-31
450795,120205,-45.333332,1405,112,18:51:01,2012-07-27
450800,120205,-44.0,1405,112,18:51:02,2012-07-27
450805,120205,-41.57143,1405,112,12:46:48,2012-07-31
450145,120210,-55.0,1405,112,12:44:08,2012-07-31
450805,120210,-39.666668,1405,112,12:46:44,2012-07-31
451110,120210,-67.333336,1405,112,15:05:52,2012-07-27
450150,120215,-55.0,1405,112,12:44:08,2012-07-31
450795,120215,-43.0,1405,112,16:05:01,2012-08-01
450805,120215,-43.0,1405,112,12:46:52,2012-07-31
450155,120220,-55.0,1405,112,12:44:08,2012-07-31
450795,120220,-38.0,1405,112,12:46:42,2012-07-31
450795,120220,-44.333332,1405,112,16:05:00,2012-08-01
450800,120220,-40.0,1405,112,12:46:53,2012-07-31
450805,120220,-42.25,1405,112,12:46:53,2012-07-31
450165,120225,-55.0,1405,112,12:44:09,2012-07-31
450790,120225,-46.0,1405,112,18:51:00,2012-07-27
450790,120225,-45.0,1405,112,16:05:00,2012-08-01
450800,120225,-39.799999,1405,112,12:46:54,2012-07-31
451105,120225,-65.5,1405,112,15:05:53,2012-07-27
450175,120230,-55.0,1405,112,12:44:10,2012-07-31
450180,120230,-55.0,1405,112,12:44:10,2012-07-31
450790,120230,-45.0,1405,112,16:05:00,2012-08-01
451100,120230,-64.0,1405,112,15:05:54,2012-07-27
450185,120235,-55.0,1405,112,12:44:10,2012-07-31
450790,120235,-38.0,1405,112,12:46:40,2012-07-31
450790,120235,-45.0,1405,112,16:04:59,2012-08-01
450795,120235,-38.200001,1405,112,12:46:56,2012-07-31
450190,120240,-55.0,1405,112,12:44:11,2012-07-31
450200,120240,-55.0,1405,112,12:44:12,2012-07-31
450785,120240,-45.333332,1405,112,18:50:58,2012-07-27
450795,120240,-37.0,1405,112,12:46:56,2012-07-31
451095,120240,-63.0,1405,112,15:05:55,2012-07-27
450205,120245,-55.0,1405,112,12:44:12,2012-07-31
450785,120245,-38.0,1405,112,12:46:39,2012-07-31
450785,120245,-43.5,1405,112,16:04:59,2012-08-01
450790,120245,-37.0,1405,112,12:46:57,2012-07-31
450210,120250,-55.666668,1405,112,12:44:12,2012-07-31
450220,120250,-57.0,1405,112,12:44:13,2012-07-31
450785,120250,-45.0,1405,112,18:50:58,2012-07-27
450785,120250,-43.0,1405,112,16:04:58,2012-08-01
450225,120255,-57.0,1405,112,12:44:13,2012-07-31
450230,120255,-56.333332,1405,112,12:44:14,2012-07-31
450785,120255,-43.0,1405,112,16:04:58,2012-08-01
450790,120255,-37.0,1405,112,12:46:58,2012-07-31
451090,120255,-61.333332,1405,112,15:05:56,2012-07-27
450235,120260,-55.0,1405,112,12:44:14,2012-07-31
450780,120260,-45.0,1405,112,18:50:57,2012-07-27
450780,120260,-37.333332,1405,112,12:46:37,2012-07-31
450780,120260,-43.0,1405,112,16:04:57,2012-08-01
450785,120260,-37.0,1405,112,12:46:58,2012-07-31
450785,120260,-43.0,1405,112,16:04:58,2012-08-01
450245,120265,-55.0,1405,112,12:44:15,2012-07-31
450250,120265,-54.75,1405,112,12:44:15,2012-07-31
450780,120265,-43.0,1405,112,16:04:57,2012-08-01
451080,120265,-62.0,1405,112,15:05:57,2012-07-27
450260,120270,-54.0,1405,112,12:44:16,2012-07-31
450780,120270,-43.0,1405,112,16:04:57,2012-08-01
450265,120275,-54.0,1405,112,12:44:17,2012-07-31
451075,120275,-61.75,1405,112,15:05:58,2012-07-27
450280,120280,-54.0,1405,112,12:44:18,2012-07-31
450775,120280,-45.0,1405,112,18:50:56,2012-07-27
450775,120280,-37.666668,1405,112,12:46:36,2012-07-31
450780,120280,-36.666668,1405,112,12:47:00,2012-07-31
450290,120285,-54.0,1405,112,12:44:18,2012-07-31
450775,120285,-43.0,1405,112,16:04:56,2012-08-01
451070,120285,-61.0,1405,112,15:05:58,2012-07-27
450295,120290,-54.0,1405,112,12:44:18,2012-07-31
450300,120290,-54.0,1405,112,12:44:19,2012-07-31
450305,120290,-54.0,1405,112,12:44:19,2012-07-31
450770,120290,-43.0,1405,112,16:04:56,2012-08-01
450775,120290,-43.0,1405,112,16:04:56,2012-08-01
451065,120290,-61.0,1405,112,15:05:59,2012-07-27
450305,120295,-54.0,1405,112,12:44:19,2012-07-31
450310,120295,-54.0,1405,112,12:44:19,2012-07-31
450315,120295,-54.0,1405,112,12:44:20,2012-07-31
450765,120295,-43.666668,1405,112,18:50:54,2012-07-27
450770,120295,-43.0,1405,112,16:04:55,2012-08-01
450775,120295,-36.0,1405,112,12:47:01,2012-07-31
450315,120300,-54.0,1405,112,12:44:20,2012-07-31
450320,120300,-54.0,1405,112,12:44:21,2012-07-31
450325,120300,-53.200001,1405,112,12:44:21,2012-07-31
450770,120300,-43.0,1405,112,16:04:55,2012-08-01
450325,120305,-52.0,1405,112,12:44:21,2012-07-31
450330,120305,-52.0,1405,112,12:44:22,2012-07-31
450765,120305,-43.0,1405,112,18:50:53,2012-07-27
450770,120305,-37.400002,1405,112,12:46:34,2012-07-31
450770,120305,-43.0,1405,112,16:04:55,2012-08-01
450775,120305,-36.0,1405,112,12:47:03,2012-07-31
451055,120305,-61.0,1405,112,15:06:00,2012-07-27
450340,120310,-52.0,1405,112,12:44:22,2012-07-31
450760,120310,-44.333332,1405,112,18:50:53,2012-07-27
450765,120310,-43.75,1405,112,16:04:55,2012-08-01
450350,120315,-52.0,1405,112,12:44:23,2012-07-31
450355,120315,-52.0,1405,112,12:44:23,2012-07-31
450760,120315,-45.0,1405,112,18:50:52,2012-07-27
450765,120315,-44.0,1405,112,16:04:54,2012-08-01
450360,120320,-51.666668,1405,112,12:44:24,2012-07-31
450365,120320,-51.0,1405,112,12:44:24,2012-07-31
450760,120320,-45.0,1405,112,18:50:52,2012-07-27
450765,120320,-37.0,1405,112,12:46:33,2012-07-31
450765,120320,-44.0,1405,112,16:04:54,2012-08-01
451045,120320,-61.0,1405,112,15:06:02,2012-07-27
450375,120325,-50.75,1405,112,12:44:25,2012-07-31
450760,120325,-45.0,1405,112,18:50:52,2012-07-27
450765,120325,-36.0,1405,112,12:47:04,2012-07-31
450765,120325,-44.444443,1405,112,16:04:54,2012-08-01
451040,120325,-61.0,1405,112,15:06:02,2012-07-27
450380,120330,-50.0,1405,112,12:44:26,2012-07-31
450385,120330,-49.0,1405,112,12:44:27,2012-07-31
450755,120330,-46.5,1405,112,18:50:51,2012-07-27
450760,120330,-45.0,1405,112,16:04:53,2012-08-01
450390,120335,-49.666668,1405,112,12:44:27,2012-07-31
450760,120335,-45.0,1405,112,16:04:53,2012-08-01
451035,120335,-60.25,1405,112,15:06:03,2012-07-27
450400,120340,-48.5,1405,112,12:44:28,2012-07-31
450760,120340,-46.909092,1405,112,16:04:53,2012-08-01
450765,120340,-36.0,1405,112,12:47:06,2012-07-31
450415,120345,-48.5,1405,112,12:44:29,2012-07-31
450750,120345,-48.333332,1405,112,18:50:50,2012-07-27
450755,120345,-38.599998,1405,112,12:46:33,2012-07-31
450755,120345,-48.0,1405,112,16:04:53,2012-08-01
450760,120345,-48.0,1405,112,16:04:53,2012-08-01
450425,120350,-49.25,1405,112,12:44:31,2012-07-31
450755,120350,-48.0,1405,112,16:04:52,2012-08-01
450760,120350,-36.0,1405,112,12:47:06,2012-07-31
451025,120350,-57.400002,1405,112,15:06:05,2012-07-27
450435,120355,-47.0,1405,112,12:44:32,2012-07-31
451020,120355,-56.25,1405,112,15:06:06,2012-07-27
450740,120360,-50.5,1405,112,18:50:49,2012-07-27
451020,120360,-57.0,1405,112,15:06:05,2012-07-27
450445,120365,-51.0,1405,112,15:27:11,2012-08-01
450455,120365,-47.666668,1405,112,12:44:32,2012-07-31
450750,120365,-38.333332,1405,112,12:46:32,2012-07-31
451015,120365,-56.25,1405,112,15:06:06,2012-07-27
450465,120370,-49.333332,1405,112,12:44:34,2012-07-31
450470,120375,-51.0,1405,112,15:27:13,2012-08-01
450480,120375,-50.666668,1405,112,12:44:35,2012-07-31
450730,120375,-51.0,1405,112,18:50:47,2012-07-27
451010,120375,-53.400002,1405,112,15:06:07,2012-07-27
450745,120380,-38.666668,1405,112,12:46:30,2012-07-31
450750,120380,-36.0,1405,112,12:47:08,2012-07-31
450495,120385,-51.666668,1405,112,12:44:36,2012-07-31
450725,120385,-51.0,1405,112,18:50:46,2012-07-27
450505,120390,-51.0,1405,112,12:44:37,2012-07-31
450720,120390,-50.25,1405,112,18:50:46,2012-07-27
451005,120390,-52.625,1405,112,15:06:09,2012-07-27
450520,120395,-50.75,1405,112,12:44:38,2012-07-31
450715,120395,-50.0,1405,112,18:50:45,2012-07-27
450745,120395,-36.0,1405,112,12:47:10,2012-07-31
450740,120400,-38.25,1405,112,12:46:29,2012-07-31
451000,120400,-52.0,1405,112,15:06:10,2012-07-27
450535,120405,-48.666668,1405,112,12:44:39,2012-07-31
450710,120405,-47.333332,1405,112,18:50:44,2012-07-27
450540,120410,-45.666668,1405,112,12:44:41,2012-07-31
450550,120410,-43.333332,1405,112,12:44:42,2012-07-31
450570,120410,-39.0,1405,112,18:50:23,2012-07-27
450700,120410,-46.0,1405,112,18:50:44,2012-07-27
450740,120410,-36.0,1405,112,12:47:10,2012-07-31
450570,120415,-39.0,1405,112,18:50:22,2012-07-27
450575,120415,-39.333332,1405,112,18:50:25,2012-07-27
450695,120415,-44.5,1405,112,18:50:43,2012-07-27
450560,120420,-39.5,1405,112,12:44:44,2012-07-31
450565,120420,-39.0,1405,112,18:50:20,2012-07-27
450565,120420,-43.0,1405,112,15:27:20,2012-08-01
450570,120420,-38.333332,1405,112,18:50:19,2012-07-27
450570,120420,-42.200001,1405,112,15:27:20,2012-08-01
450575,120420,-42.0,1405,112,15:27:21,2012-08-01
450580,120420,-40.0,1405,112,18:50:26,2012-07-27
450565,120425,-39.0,1405,112,12:44:45,2012-07-31
450570,120425,-38.0,1405,112,18:50:18,2012-07-27
450575,120425,-42.0,1405,112,15:27:21,2012-08-01
450580,120425,-40.0,1405,112,18:50:27,2012-07-27
450580,120425,-42.0,1405,112,15:27:21,2012-08-01
450585,120425,-40.0,1405,112,18:50:29,2012-07-27
450585,120425,-42.714287,1405,112,15:27:21,2012-08-01
450735,120425,-38.0,1405,112,12:46:28,2012-07-31
450740,120425,-36.0,1405,112,12:47:13,2012-07-31
450990,120425,-52.0,1405,112,15:06:12,2012-07-27
450570,120430,-39.0,1405,112,12:44:46,2012-07-31
450575,120430,-37.714287,1405,112,18:50:16,2012-07-27
450580,120430,-39.0,1405,112,18:50:15,2012-07-27
450585,120430,-43.0,1405,112,15:27:22,2012-08-01
450590,120430,-40.0,1405,112,18:50:30,2012-07-27
450590,120430,-43.0,1405,112,15:27:22,2012-08-01
450595,120430,-43.0,1405,112,15:27:22,2012-08-01
450685,120430,-44.0,1405,112,18:50:42,2012-07-27
450565,120435,-38.666668,1405,112,12:44:48,2012-07-31
450600,120435,-40.0,1405,112,18:50:31,2012-07-27
450600,120435,-43.0,1405,112,15:27:23,2012-08-01
450605,120435,-40.0,1405,112,18:50:31,2012-07-27
450985,120435,-52.333332,1405,112,15:06:13,2012-07-27
450595,120440,-38.333332,1405,112,18:50:13,2012-07-27
450605,120440,-38.0,1405,112,18:50:12,2012-07-27
450610,120440,-40.0,1405,112,18:50:32,2012-07-27
450610,120440,-43.0,1405,112,15:27:24,2012-08-01
450615,120440,-43.0,1405,112,15:27:24,2012-08-01
450620,120440,-40.0,1405,112,18:50:34,2012-07-27
450730,120440,-38.75,1405,112,12:46:27,2012-07-31
450565,120445,-38.0,1405,112,12:44:48,2012-07-31
450620,120445,-42.333332,1405,112,15:27:25,2012-08-01
450625,120445,-42.0,1405,112,15:27:25,2012-08-01
450630,120445,-41.0,1405,112,18:50:34,2012-07-27
450670,120445,-42.666668,1405,112,18:50:40,2012-07-27
450560,120450,-39.25,1405,112,12:44:49,2012-07-31
450620,120450,-40.666668,1405,112,18:50:10,2012-07-27
450630,120450,-42.0,1405,112,15:27:26,2012-08-01
450635,120450,-42.0,1405,112,18:50:36,2012-07-27
450635,120450,-40.799999,1405,112,15:27:26,2012-08-01
450650,120450,-42.0,1405,112,18:50:37,2012-07-27
450655,120450,-42.0,1405,112,18:50:39,2012-07-27
450730,120450,-36.0,1405,112,12:47:14,2012-07-31
450645,120455,-39.799999,1405,112,15:27:28,2012-08-01
450555,120460,-42.857143,1405,112,12:44:51,2012-07-31
450640,120460,-42.0,1405,112,18:50:09,2012-07-27
450720,120460,-59.0,1405,112,16:04:45,2012-08-01
450970,120460,-53.0,1405,112,15:06:14,2012-07-27
450660,120465,-38.666668,1405,112,15:27:29,2012-08-01
450720,120465,-41.0,1405,112,12:46:26,2012-07-31
450720,120465,-59.0,1405,112,16:04:45,2012-08-01
450725,120465,-36.25,1405,112,12:47:15,2012-07-31
450660,120470,-43.5,1405,112,18:50:08,2012-07-27
450675,120470,-38.0,1405,112,15:27:30,2012-08-01
450965,120470,-54.333332,1405,112,15:06:16,2012-07-27
450545,120475,-44.0,1405,112,12:44:52,2012-07-31
450670,120475,-44.0,1405,112,18:50:07,2012-07-27
450675,120475,-45.333332,1405,112,18:50:06,2012-07-27
450720,120475,-37.5,1405,112,12:47:16,2012-07-31
450720,120475,-59.0,1405,112,16:04:44,2012-08-01
450695,120480,-40.142857,1405,112,15:27:32,2012-08-01
450715,120480,-42.0,1405,112,12:46:24,2012-07-31
450960,120480,-57.0,1405,112,15:06:16,2012-07-27
450540,120485,-44.25,1405,112,12:44:53,2012-07-31
450545,120485,-44.0,1405,112,12:44:53,2012-07-31
450695,120485,-47.333332,1405,112,18:50:05,2012-07-27
450715,120485,-59.0,1405,112,16:04:43,2012-08-01
450715,120490,-59.0,1405,112,16:04:43,2012-08-01
450720,120490,-39.0,1405,112,12:47:17,2012-07-31
450955,120490,-56.666668,1405,112,15:06:17,2012-07-27
450710,120495,-48.0,1405,112,18:50:04,2012-07-27
450710,120495,-59.0,1405,112,16:04:43,2012-08-01
450715,120495,-45.0,1405,112,18:50:03,2012-07-27
450720,120495,-44.0,1405,112,18:50:03,2012-07-27
450535,120500,-44.666668,1405,112,12:44:55,2012-07-31
450710,120500,-42.0,1405,112,12:46:23,2012-07-31
450720,120500,-44.0,1405,112,18:50:03,2012-07-27
450730,120500,-44.0,1405,112,18:50:02,2012-07-27
450710,120505,-59.0,1405,112,16:04:42,2012-08-01
450735,120505,-44.0,1405,112,18:50:02,2012-07-27
450740,120505,-44.0,1405,112,18:50:02,2012-07-27
450950,120505,-55.799999,1405,112,15:06:19,2012-07-27
450530,120510,-44.0,1405,112,12:44:56,2012-07-31
450710,120510,-59.0,1405,112,16:04:42,2012-08-01
450715,120510,-39.0,1405,112,12:47:18,2012-07-31
450740,120510,-44.0,1405,112,18:50:02,2012-07-27
450950,120510,-55.0,1405,112,15:06:19,2012-07-27
450525,120515,-43.25,1405,112,12:44:56,2012-07-31
450710,120515,-42.0,1405,112,12:46:22,2012-07-31
450755,120515,-43.333332,1405,112,18:50:01,2012-07-27
450765,120520,-43.0,1405,112,18:50:00,2012-07-27
450945,120520,-54.599998,1405,112,15:06:20,2012-07-27
450525,120525,-41.0,1405,112,12:44:57,2012-07-31
450710,120525,-39.400002,1405,112,12:47:20,2012-07-31
450775,120525,-42.25,1405,112,18:49:59,2012-07-27
450520,120530,-40.0,1405,112,12:44:58,2012-07-31
450785,120530,-42.0,1405,112,18:49:58,2012-07-27
450705,120535,-40.333332,1405,112,12:47:21,2012-07-31
450795,120535,-41.333332,1405,112,18:49:58,2012-07-27
450810,120540,-41.666668,1405,112,18:49:56,2012-07-27
450935,120540,-52.5,1405,112,15:06:22,2012-07-27
450515,120545,-38.666668,1405,112,12:44:59,2012-07-31
450695,120550,-42.0,1405,112,12:46:20,2012-07-31
450700,120550,-41.0,1405,112,12:47:22,2012-07-31
450835,120550,-41.25,1405,112,18:49:55,2012-07-27
450930,120550,-48.666668,1405,112,15:06:23,2012-07-27
450845,120555,-41.0,1405,112,18:49:54,2012-07-27
450515,120560,-40.333332,1405,112,12:45:01,2012-07-31
450695,120560,-40.599998,1405,112,12:47:22,2012-07-31
450855,120560,-40.333332,1405,112,18:49:54,2012-07-27
450925,120560,-43.400002,1405,112,15:06:24,2012-07-27
450870,120565,-40.0,1405,112,18:49:53,2012-07-27
450520,120575,-42.0,1405,112,12:45:02,2012-07-31
450695,120575,-39.57143,1405,112,12:47:24,2012-07-31
450880,120575,-48.0,1405,112,18:49:52,2012-07-27
450920,120575,-41.0,1405,112,15:06:25,2012-07-27
450900,120580,-52.0,1405,112,18:49:50,2012-07-27
450915,120585,-40.666668,1405,112,15:06:26,2012-07-27
450525,120590,-44.0,1405,112,12:45:03,2012-07-31
450690,120595,-39.0,1405,112,12:47:25,2012-07-31
450930,120595,-52.0,1405,112,18:49:48,2012-07-27
450910,120600,-39.5,1405,112,15:06:27,2012-07-27
450945,120600,-52.0,1405,112,18:49:47,2012-07-27
450530,120605,-44.0,1405,112,12:45:05,2012-07-31
450685,120605,-39.400002,1405,112,12:47:26,2012-07-31
450960,120605,-52.0,1405,112,18:49:46,2012-07-27
450530,120615,-44.333332,1405,112,12:45:06,2012-07-31
450900,120615,-38.0,1405,112,15:06:28,2012-07-27
450530,120625,-45.0,1405,112,12:45:07,2012-07-31
450530,120630,-46.0,1405,112,12:45:08,2012-07-31
450675,120635,-42.5,1405,112,12:47:28,2012-07-31
450530,120640,-49.0,1405,112,12:45:08,2012-07-31
450890,120640,-38.0,1405,112,15:06:30,2012-07-27
450530,120645,-48.75,1405,112,12:45:09,2012-07-31
450670,120645,-45.0,1405,112,12:47:30,2012-07-31
450525,120650,-48.0,1405,112,12:45:10,2012-07-31
450885,120650,-38.333332,1405,112,15:06:31,2012-07-27
450525,120655,-50.0,1405,112,12:45:10,2012-07-31
450520,120670,-55.333332,1405,112,12:45:12,2012-07-31
450660,120670,-48.333332,1405,112,12:47:31,2012-07-31
450880,120670,-39.333332,1405,112,15:06:33,2012-07-27
450515,120680,-58.333332,1405,112,12:45:13,2012-07-31
450875,120680,-40.5,1405,112,15:06:34,2012-07-27
450655,120685,-50.25,1405,112,12:47:32,2012-07-31
450510,120690,-60.0,1405,112,12:45:15,2012-07-31
450865,120690,-42.0,1405,112,15:06:35,2012-07-27
450655,120695,-54.0,1405,112,12:47:33,2012-07-31
450505,120700,-63.666668,1405,112,12:45:16,2012-07-31
450650,120700,-54.5,1405,112,12:47:34,2012-07-31
450505,120705,-67.0,1405,112,12:45:17,2012-07-31
450860,120705,-42.0,1405,112,15:06:36,2012-07-27
450645,120710,-56.0,1405,112,12:47:34,2012-07-31
450500,120715,-67.0,1405,112,12:45:18,2012-07-31
450855,120715,-42.0,1405,112,15:06:37,2012-07-27
450645,120720,-56.0,1405,112,12:47:35,2012-07-31
450845,120735,-42.0,1405,112,15:06:38,2012-07-27
450635,120740,-56.0,1405,112,12:47:37,2012-07-31
450840,120740,-42.0,1405,112,15:06:38,2012-07-27
450630,120745,-56.0,1405,112,12:47:37,2012-07-31
450835,120745,-42.0,1405,112,15:06:39,2012-07-27
450630,120750,-56.0,1405,112,12:47:38,2012-07-31
450835,120750,-42.0,1405,112,15:06:40,2012-07-27
450625,120755,-56.42857,1405,112,12:47:38,2012-07-31
450830,120755,-42.0,1405,112,15:06:40,2012-07-27
450625,120760,-57.0,1405,112,12:47:39,2012-07-31
450830,120760,-42.0,1405,112,15:06:40,2012-07-27
450620,120765,-57.0,1405,112,12:47:39,2012-07-31
450820,120770,-41.333332,1405,112,15:06:41,2012-07-27
450815,120780,-40.0,1405,112,15:06:42,2012-07-27
450810,120785,-40.666668,1405,112,15:06:43,2012-07-27
450800,120800,-43.0,1405,112,15:06:44,2012-07-27
450790,120810,-46.666668,1405,112,15:06:46,2012-07-27
450785,120815,-50.0,1405,112,15:06:46,2012-07-27
450780,120820,-50.0,1405,112,15:06:47,2012-07-27
450775,120825,-51.599998,1405,112,15:06:47,2012-07-27
450770,120830,-54.0,1405,112,15:06:48,2012-07-27
450775,120830,-54.0,1405,112,15:06:47,2012-07-27
450765,120835,-54.0,1405,112,15:06:48,2012-07-27
450770,120835,-54.0,1405,112,15:06:48,2012-07-27
439240,113350,-92.0,1405,112,12:19:34,2012-07-26
439245,113350,-92.0,1405,112,12:19:34,2012-07-26
439160,113355,-78.647057,1405,112,12:19:21,2012-07-26
439220,113355,-91.882355,1405,112,12:19:31,2012-07-26
439225,113355,-92.0,1405,112,12:19:32,2012-07-26
439230,113355,-92.0,1405,112,12:19:32,2012-07-26
439235,113355,-92.0,1405,112,12:19:32,2012-07-26
439240,113355,-92.0,1405,112,12:19:33,2012-07-26
439155,113360,-81.0,1405,112,12:19:17,2012-07-26
439205,113360,-89.0,1405,112,12:19:29,2012-07-26
439210,113360,-89.85714,1405,112,12:19:30,2012-07-26
439215,113360,-91.0,1405,112,12:19:30,2012-07-26
437860,113565,-73.0,1405,112,11:45:02,2012-07-26
437870,113565,-76.333336,1405,112,11:45:01,2012-07-26
437880,113565,-80.25,1405,112,11:45:00,2012-07-26
437885,113565,-84.199997,1405,112,11:44:58,2012-07-26
437900,113565,-89.0,1405,112,11:44:57,2012-07-26
437910,113565,-89.0,1405,112,11:44:56,2012-07-26
437925,113565,-89.0,1405,112,11:44:55,2012-07-26
437935,113565,-89.0,1405,112,11:44:53,2012-07-26
437840,113570,-71.0,1405,112,11:45:04,2012-07-26
437845,113570,-71.0,1405,112,11:45:03,2012-07-26
437855,113570,-72.5,1405,112,11:45:03,2012-07-26
437945,113570,-89.0,1405,112,11:44:53,2012-07-26
437820,113575,-76.0,1405,112,11:45:06,2012-07-26
437825,113575,-72.666664,1405,112,11:45:05,2012-07-26
437965,113575,-89.699997,1405,112,11:44:50,2012-07-26
437565,113580,-84.0,1405,112,11:45:35,2012-07-26
437810,113580,-76.0,1405,112,11:45:07,2012-07-26
437970,113580,-90.0,1405,112,11:44:50,2012-07-26
437570,113585,-84.0,1405,112,11:45:35,2012-07-26
437575,113585,-84.0,1405,112,11:45:35,2012-07-26
437580,113585,-84.0,1405,112,11:45:34,2012-07-26
437795,113585,-76.25,1405,112,11:45:08,2012-07-26
437805,113585,-76.0,1405,112,11:45:07,2012-07-26
437580,113590,-84.0,1405,112,11:45:34,2012-07-26
437585,113590,-83.333336,1405,112,11:45:34,2012-07-26
437790,113590,-77.0,1405,112,11:45:09,2012-07-26
437795,113590,-77.0,1405,112,11:45:09,2012-07-26
437590,113595,-83.0,1405,112,11:45:33,2012-07-26
437595,113595,-81.5,1405,112,11:45:32,2012-07-26
437785,113595,-79.285713,1405,112,11:45:10,2012-07-26
437605,113600,-81.0,1405,112,11:45:31,2012-07-26
437780,113600,-81.0,1405,112,11:45:10,2012-07-26
437610,113605,-80.333336,1405,112,11:45:31,2012-07-26
437770,113605,-83.0,1405,112,11:45:12,2012-07-26
437775,113605,-81.800003,1405,112,11:45:11,2012-07-26
437625,113610,-80.0,1405,112,11:45:29,2012-07-26
437665,113610,-77.0,1405,112,11:45:24,2012-07-26
437675,113610,-77.0,1405,112,11:45:24,2012-07-26
437680,113610,-77.0,1405,112,11:45:23,2012-07-26
437685,113610,-77.0,1405,112,11:45:22,2012-07-26
437690,113610,-77.0,1405,112,11:45:22,2012-07-26
437770,113610,-83.0,1405,112,11:45:12,2012-07-26
437630,113615,-80.0,1405,112,11:45:29,2012-07-26
437635,113615,-78.5,1405,112,11:45:28,2012-07-26
437645,113615,-78.0,1405,112,11:45:27,2012-07-26
437650,113615,-78.0,1405,112,11:45:27,2012-07-26
437660,113615,-77.333336,1405,112,11:45:25,2012-07-26
437695,113615,-77.75,1405,112,11:45:21,2012-07-26
437700,113615,-78.0,1405,112,11:45:20,2012-07-26
437755,113615,-85.0,1405,112,11:45:13,2012-07-26
437765,113615,-83.5,1405,112,11:45:12,2012-07-26
437705,113620,-81.75,1405,112,11:45:19,2012-07-26
437710,113620,-83.0,1405,112,11:45:19,2012-07-26
437745,113620,-85.0,1405,112,11:45:15,2012-07-26
437750,113620,-85.0,1405,112,11:45:14,2012-07-26
437715,113625,-84.5,1405,112,11:45:18,2012-07-26
437735,113625,-86.0,1405,112,11:45:16,2012-07-26
437740,113625,-85.25,1405,112,11:45:15,2012-07-26
437720,113630,-85.0,1405,112,11:45:17,2012-07-26
437725,113630,-85.599998,1405,112,11:45:17,2012-07-26
438760,113650,-83.0,1405,112,11:42:53,2012-07-26
438765,113650,-83.0,1405,112,11:42:52,2012-07-26
438770,113650,-86.75,1405,112,11:42:51,2012-07-26
438775,113650,-88.0,1405,112,11:42:51,2012-07-26
438780,113650,-88.666664,1405,112,11:42:50,2012-07-26
438750,113655,-83.25,1405,112,11:42:54,2012-07-26
438790,113655,-89.0,1405,112,11:42:49,2012-07-26
438490,113660,-82.333336,1405,112,11:43:22,2012-07-26
438500,113660,-83.0,1405,112,11:43:22,2012-07-26
438510,113660,-85.25,1405,112,11:43:21,2012-07-26
438515,113660,-88.666664,1405,112,11:43:20,2012-07-26
438665,113660,-79.5,1405,112,11:43:03,2012-07-26
438670,113660,-80.0,1405,112,11:43:02,2012-07-26
438735,113660,-83.5,1405,112,11:42:56,2012-07-26
438740,113660,-84.0,1405,112,11:42:55,2012-07-26
438790,113660,-89.571426,1405,112,11:42:47,2012-07-26
438480,113665,-81.0,1405,112,11:43:24,2012-07-26
438525,113665,-90.0,1405,112,11:43:19,2012-07-26
438650,113665,-78.0,1405,112,11:43:04,2012-07-26
438675,113665,-82.666664,1405,112,11:43:01,2012-07-26
438690,113665,-84.0,1405,112,11:43:00,2012-07-26
438705,113665,-82.5,1405,112,11:42:58,2012-07-26
438720,113665,-82.0,1405,112,11:42:57,2012-07-26
438730,113665,-82.0,1405,112,11:42:56,2012-07-26
438790,113665,-92.25,1405,112,11:42:46,2012-07-26
438470,113670,-81.0,1405,112,11:43:25,2012-07-26
438535,113670,-90.75,1405,112,11:43:18,2012-07-26
438790,113670,-91.5,1405,112,11:42:44,2012-07-26
438640,113675,-78.666664,1405,112,11:43:05,2012-07-26
438785,113675,-91.5,1405,112,11:42:43,2012-07-26
438450,113680,-82.0,1405,112,11:43:27,2012-07-26
438540,113680,-91.0,1405,112,11:43:17,2012-07-26
438630,113680,-80.0,1405,112,11:43:06,2012-07-26
438780,113680,-92.0,1405,112,11:42:42,2012-07-26
438445,113685,-85.0,1405,112,11:43:27,2012-07-26
438545,113685,-91.0,1405,112,11:43:16,2012-07-26
438625,113685,-81.0,1405,112,11:43:07,2012-07-26
438770,113685,-92.0,1405,112,11:42:41,2012-07-26
438775,113685,-92.0,1405,112,11:42:41,2012-07-26
438030,113690,-96.0,1405,112,11:44:37,2012-07-26
438435,113690,-86.199997,1405,112,11:43:28,2012-07-26
438560,113690,-92.777779,1405,112,11:43:14,2012-07-26
438615,113690,-84.5,1405,112,11:43:08,2012-07-26
438620,113690,-83.0,1405,112,11:43:08,2012-07-26
438770,113690,-92.0,1405,112,11:42:41,2012-07-26
438035,113695,-96.0,1405,112,11:44:36,2012-07-26
438430,113695,-88.5,1405,112,11:43:29,2012-07-26
438565,113695,-93.0,1405,112,11:43:13,2012-07-26
438570,113695,-93.0,1405,112,11:43:12,2012-07-26
438575,113695,-93.0,1405,112,11:43:12,2012-07-26
438605,113695,-89.0,1405,112,11:43:09,2012-07-26
438040,113700,-96.0,1405,112,11:44:36,2012-07-26
438580,113700,-93.0,1405,112,11:43:12,2012-07-26
438585,113700,-92.400002,1405,112,11:43:11,2012-07-26
438590,113700,-92.0,1405,112,11:43:11,2012-07-26
438595,113700,-92.0,1405,112,11:43:10,2012-07-26
438600,113700,-92.0,1405,112,11:43:10,2012-07-26
438605,113700,-90.5,1405,112,11:43:10,2012-07-26
438425,113705,-91.5,1405,112,11:43:31,2012-07-26
438045,113710,-96.0,1405,112,11:44:35,2012-07-26
438050,113710,-96.0,1405,112,11:44:34,2012-07-26
438415,113715,-93.0,1405,112,11:43:32,2012-07-26
438055,113720,-98.0,1405,112,11:44:33,2012-07-26
438405,113725,-92.5,1405,112,11:43:34,2012-07-26
438395,113730,-90.333336,1405,112,11:43:35,2012-07-26
438065,113735,-98.666664,1405,112,11:44:32,2012-07-26
438365,113735,-87.0,1405,112,11:43:39,2012-07-26
438375,113735,-88.5,1405,112,11:43:38,2012-07-26
438385,113735,-89.0,1405,112,11:43:36,2012-07-26
438350,113740,-87.0,1405,112,11:43:39,2012-07-26
438070,113745,-100.33334,1405,112,11:44:30,2012-07-26
438260,113745,-93.0,1405,112,11:43:51,2012-07-26
438265,113745,-93.0,1405,112,11:43:50,2012-07-26
438270,113745,-92.25,1405,112,11:43:49,2012-07-26
438275,113745,-92.0,1405,112,11:43:48,2012-07-26
438280,113745,-89.75,1405,112,11:43:48,2012-07-26
438285,113745,-89.0,1405,112,11:43:47,2012-07-26
438295,113745,-88.199997,1405,112,11:43:46,2012-07-26
438305,113745,-87.400002,1405,112,11:43:45,2012-07-26
438310,113745,-87.0,1405,112,11:43:44,2012-07-26
438315,113745,-87.75,1405,112,11:43:44,2012-07-26
438320,113745,-88.0,1405,112,11:43:43,2012-07-26
438330,113745,-87.333336,1405,112,11:43:42,2012-07-26
438335,113745,-87.0,1405,112,11:43:41,2012-07-26
438345,113745,-87.0,1405,112,11:43:41,2012-07-26
438075,113755,-101.0,1405,112,11:44:29,2012-07-26
438210,113770,-100.0,1405,112,11:44:03,2012-07-26
438215,113770,-99.545456,1405,112,11:44:02,2012-07-26
438210,113775,-100.57143,1405,112,11:44:05,2012-07-26
438130,113810,-101.0,1405,112,11:44:22,2012-07-26
438135,113815,-101.0,1405,112,11:44:21,2012-07-26
438140,113820,-100.25,1405,112,11:44:20,2012-07-26
438145,113820,-100.0,1405,112,11:44:19,2012-07-26
437585,114025,-83.666664,1405,112,11:53:56,2012-07-26
437590,114025,-83.0,1405,112,11:53:56,2012-07-26
437595,114025,-83.0,1405,112,11:53:57,2012-07-26
437535,114030,-85.0,1405,112,11:53:51,2012-07-26
437540,114030,-85.25,1405,112,11:53:51,2012-07-26
437545,114030,-86.0,1405,112,11:53:52,2012-07-26
437555,114030,-84.800003,1405,112,11:53:53,2012-07-26
437565,114030,-83.0,1405,112,11:53:53,2012-07-26
437570,114030,-83.333336,1405,112,11:53:54,2012-07-26
437535,114035,-85.0,1405,112,11:53:51,2012-07-26
437780,114075,-90.0,1405,112,11:54:17,2012-07-26
437780,114080,-90.0,1405,112,11:54:17,2012-07-26
437785,114085,-90.0,1405,112,11:54:18,2012-07-26
437955,114250,-77.85714,1405,112,11:54:44,2012-07-26
450050,117440,-73.0,1405,112,16:09:39,2012-08-01
450055,117440,-73.0,1405,112,16:09:39,2012-08-01
450065,117450,-73.0,1405,112,16:09:38,2012-08-01
450070,117460,-73.0,1405,112,16:09:38,2012-08-01
450075,117465,-73.0,1405,112,16:09:37,2012-08-01
450080,117470,-73.0,1405,112,16:09:37,2012-08-01
450085,117475,-73.0,1405,112,16:09:36,2012-08-01
450085,117480,-73.0,1405,112,16:09:36,2012-08-01
450090,117480,-73.0,1405,112,16:09:35,2012-08-01
450090,117485,-73.0,1405,112,16:09:35,2012-08-01
450095,117485,-73.0,1405,112,16:09:35,2012-08-01
450100,117490,-73.0,1405,112,16:09:34,2012-08-01
450100,117495,-73.0,1405,112,16:09:34,2012-08-01
450105,117495,-73.0,1405,112,16:09:34,2012-08-01
450105,117500,-73.0,1405,112,16:09:33,2012-08-01
450110,117500,-73.0,1405,112,16:09:33,2012-08-01
450110,117505,-73.0,1405,112,16:09:33,2012-08-01
450115,117510,-73.0,1405,112,16:09:32,2012-08-01
450120,117515,-73.0,1405,112,16:09:32,2012-08-01
450120,117520,-73.714287,1405,112,16:09:32,2012-08-01
450125,117520,-74.0,1405,112,16:09:32,2012-08-01
450125,117525,-74.0,1405,112,16:09:31,2012-08-01
450130,117525,-74.0,1405,112,16:09:31,2012-08-01
450130,117530,-74.699997,1405,112,16:09:31,2012-08-01
450135,117530,-75.0,1405,112,16:09:31,2012-08-01
450135,117535,-75.0,1405,112,16:09:31,2012-08-01
450185,117595,-49.0,1405,112,16:09:24,2012-08-01
450185,117600,-49.0,1405,112,16:09:23,2012-08-01
450195,117610,-49.0,1405,112,16:09:22,2012-08-01
450195,117615,-49.0,1405,112,16:09:22,2012-08-01
450200,117615,-49.0,1405,112,16:09:21,2012-08-01
450205,117620,-49.0,1405,112,16:09:20,2012-08-01
450205,117625,-49.0,1405,112,16:09:20,2012-08-01
450210,117625,-49.0,1405,112,16:09:20,2012-08-01
450210,117630,-49.0,1405,112,16:09:20,2012-08-01
451455,118565,-77.0,1405,112,18:52:40,2012-07-27
451450,118590,-77.875,1405,112,18:52:39,2012-07-27
451450,118600,-70.0,1405,112,18:52:38,2012-07-27
451445,118615,-74.0,1405,112,18:52:38,2012-07-27
451440,118635,-70.0,1405,112,18:52:37,2012-07-27
451440,118645,-70.0,1405,112,18:52:36,2012-07-27
451435,118650,-70.0,1405,112,18:52:36,2012-07-27
451435,118660,-70.0,1405,112,18:52:35,2012-07-27
451430,118685,-70.0,1405,112,18:52:34,2012-07-27
451425,118695,-70.0,1405,112,18:52:34,2012-07-27
451425,118700,-70.0,1405,112,18:52:34,2012-07-27
451425,118715,-70.0,1405,112,18:52:33,2012-07-27
451420,118720,-70.0,1405,112,18:52:33,2012-07-27
451420,118725,-70.0,1405,112,18:52:33,2012-07-27
451420,118730,-70.0,1405,112,18:52:32,2012-07-27
452230,119205,-64.0,1405,112,15:03:39,2012-07-27
452225,119210,-64.0,1405,112,15:03:41,2012-07-27
452215,119215,-64.0,1405,112,15:03:41,2012-07-27
452210,119220,-64.0,1405,112,15:03:42,2012-07-27
452205,119225,-64.0,1405,112,15:03:43,2012-07-27
452195,119230,-65.0,1405,112,15:03:45,2012-07-27
452180,119245,-67.0,1405,112,15:03:46,2012-07-27
452170,119250,-66.0,1405,112,15:03:48,2012-07-27
452165,119255,-67.0,1405,112,15:03:48,2012-07-27
452160,119260,-64.0,1405,112,15:03:48,2012-07-27
452150,119265,-64.0,1405,112,15:03:50,2012-07-27
452140,119275,-64.5,1405,112,15:03:50,2012-07-27
452130,119285,-66.0,1405,112,15:03:51,2012-07-27
452125,119295,-66.0,1405,112,15:03:53,2012-07-27
452115,119305,-66.333336,1405,112,15:03:53,2012-07-27
452105,119315,-67.666664,1405,112,15:03:55,2012-07-27
452090,119330,-70.0,1405,112,15:03:56,2012-07-27
452080,119340,-71.5,1405,112,15:03:58,2012-07-27
452070,119350,-73.400002,1405,112,15:03:58,2012-07-27
452060,119355,-75.0,1405,112,15:03:59,2012-07-27
452050,119365,-75.0,1405,112,15:04:00,2012-07-27
452040,119370,-75.199997,1405,112,15:04:01,2012-07-27
452015,119380,-75.333336,1405,112,15:04:03,2012-07-27
452005,119390,-72.5,1405,112,15:04:05,2012-07-27
451995,119395,-71.875,1405,112,15:04:06,2012-07-27
451980,119400,-70.875,1405,112,15:04:07,2012-07-27
451970,119410,-70.0,1405,112,15:04:08,2012-07-27
451965,119415,-70.0,1405,112,15:04:08,2012-07-27
451960,119420,-70.0,1405,112,15:04:09,2012-07-27
451130,119435,-66.0,1405,112,18:52:01,2012-07-27
451120,119455,-66.0,1405,112,18:52:00,2012-07-27
451110,119475,-66.0,1405,112,18:51:59,2012-07-27
451095,119505,-64.666664,1405,112,18:51:58,2012-07-27
451090,119525,-64.666664,1405,112,18:51:56,2012-07-27
451085,119535,-63.0,1405,112,18:51:55,2012-07-27
451075,119550,-64.0,1405,112,18:51:55,2012-07-27
451075,119560,-63.666668,1405,112,18:51:54,2012-07-27
451070,119570,-64.0,1405,112,18:51:53,2012-07-27
451065,119580,-63.25,1405,112,18:51:52,2012-07-27
451060,119590,-63.0,1405,112,18:51:52,2012-07-27
451055,119595,-63.0,1405,112,18:51:51,2012-07-27
451055,119600,-63.0,1405,112,18:51:51,2012-07-27
451050,119610,-63.0,1405,112,18:51:50,2012-07-27
451045,119620,-63.0,1405,112,18:51:49,2012-07-27
451035,119640,-63.0,1405,112,18:51:48,2012-07-27
451025,119660,-61.666668,1405,112,18:51:47,2012-07-27
451020,119670,-61.0,1405,112,18:51:46,2012-07-27
451015,119680,-60.25,1405,112,18:51:45,2012-07-27
451010,119695,-60.0,1405,112,18:51:44,2012-07-27
451010,119700,-60.0,1405,112,18:51:44,2012-07-27
451005,119705,-60.75,1405,112,18:51:44,2012-07-27
451000,119725,-59.0,1405,112,18:51:42,2012-07-27
451500,119725,-63.0,1405,112,15:05:01,2012-07-27
451490,119730,-63.0,1405,112,15:05:02,2012-07-27
450995,119735,-58.0,1405,112,18:51:41,2012-07-27
451490,119735,-63.0,1405,112,15:05:02,2012-07-27
450990,119740,-58.0,1405,112,18:51:41,2012-07-27
450985,119745,-58.0,1405,112,18:51:40,2012-07-27
451475,119745,-63.0,1405,112,15:05:04,2012-07-27
451470,119750,-63.0,1405,112,15:05:05,2012-07-27
451465,119755,-63.0,1405,112,15:05:05,2012-07-27
451470,119755,-63.0,1405,112,15:05:05,2012-07-27
450980,119760,-58.0,1405,112,18:51:39,2012-07-27
451460,119760,-63.0,1405,112,15:05:06,2012-07-27
451465,119760,-63.0,1405,112,15:05:06,2012-07-27
450980,119765,-58.0,1405,112,18:51:39,2012-07-27
451460,119765,-63.0,1405,112,15:05:06,2012-07-27
451455,119770,-64.0,1405,112,15:05:07,2012-07-27
450975,119775,-58.0,1405,112,18:51:38,2012-07-27
451455,119775,-65.0,1405,112,15:05:07,2012-07-27
451450,119780,-65.0,1405,112,15:05:08,2012-07-27
451445,119785,-65.0,1405,112,15:05:08,2012-07-27
451440,119790,-65.0,1405,112,15:05:09,2012-07-27
451445,119790,-65.0,1405,112,15:05:09,2012-07-27
450965,119795,-58.0,1405,112,18:51:37,2012-07-27
451440,119795,-65.0,1405,112,15:05:09,2012-07-27
451435,119800,-65.0,1405,112,15:05:10,2012-07-27
450955,119810,-59.333332,1405,112,18:51:35,2012-07-27
451430,119810,-65.25,1405,112,15:05:11,2012-07-27
451430,119815,-66.0,1405,112,15:05:12,2012-07-27
450950,119825,-60.666668,1405,112,18:51:34,2012-07-27
451425,119825,-65.333336,1405,112,15:05:12,2012-07-27
451420,119830,-65.0,1405,112,15:05:14,2012-07-27
450950,119835,-61.0,1405,112,18:51:33,2012-07-27
451420,119835,-64.0,1405,112,15:05:13,2012-07-27
450945,119840,-61.0,1405,112,18:51:33,2012-07-27
451415,119840,-64.0,1405,112,15:05:14,2012-07-27
450945,119845,-61.0,1405,112,18:51:32,2012-07-27
450940,119850,-61.0,1405,112,18:51:32,2012-07-27
451415,119850,-65.0,1405,112,15:05:14,2012-07-27
450935,119855,-61.0,1405,112,18:51:31,2012-07-27
451410,119855,-64.75,1405,112,15:05:15,2012-07-27
450935,119860,-60.333332,1405,112,18:51:31,2012-07-27
451400,119870,-64.0,1405,112,15:05:17,2012-07-27
450925,119875,-59.333332,1405,112,18:51:30,2012-07-27
451395,119880,-64.333336,1405,112,15:05:18,2012-07-27
450920,119890,-59.599998,1405,112,18:51:28,2012-07-27
451385,119890,-65.0,1405,112,15:05:19,2012-07-27
450915,119900,-60.0,1405,112,18:51:27,2012-07-27
451380,119900,-65.400002,1405,112,15:05:19,2012-07-27
451370,119910,-65.599998,1405,112,15:05:21,2012-07-27
450905,119925,-60.0,1405,112,18:51:27,2012-07-27
451360,119925,-65.333336,1405,112,15:05:22,2012-07-27
451350,119930,-66.0,1405,112,15:05:24,2012-07-27
450900,119935,-60.799999,1405,112,18:51:25,2012-07-27
450895,119950,-61.75,1405,112,18:51:24,2012-07-27
451330,119950,-66.0,1405,112,15:05:25,2012-07-27
451320,119960,-66.333336,1405,112,15:05:27,2012-07-27
450885,119970,-62.0,1405,112,18:51:23,2012-07-27
451315,119970,-67.199997,1405,112,15:05:27,2012-07-27
450880,119980,-61.0,1405,112,18:51:21,2012-07-27
451305,119980,-68.0,1405,112,15:05:28,2012-07-27
451290,119990,-66.5,1405,112,15:05:29,2012-07-27
450875,119995,-59.200001,1405,112,18:51:20,2012-07-27
451285,120000,-65.199997,1405,112,15:05:30,2012-07-27
451280,120005,-65.333336,1405,112,15:05:32,2012-07-27
450865,120025,-55.75,1405,112,18:51:18,2012-07-27
451255,120030,-64.0,1405,112,15:05:33,2012-07-27
450860,120035,-54.5,1405,112,18:51:17,2012-07-27
451250,120040,-63.57143,1405,112,15:05:35,2012-07-27
451240,120045,-63.0,1405,112,15:05:35,2012-07-27
450850,120050,-52.666668,1405,112,18:51:15,2012-07-27
451230,120055,-63.0,1405,112,15:05:36,2012-07-27
450845,120065,-52.0,1405,112,18:51:14,2012-07-27
451225,120065,-62.599998,1405,112,15:05:38,2012-07-27
450840,120075,-51.333332,1405,112,18:51:13,2012-07-27
451215,120075,-62.200001,1405,112,15:05:39,2012-07-27
451205,120085,-63.0,1405,112,15:05:40,2012-07-27
450835,120090,-51.0,1405,112,18:51:12,2012-07-27
451195,120095,-62.333332,1405,112,15:05:41,2012-07-27
450830,120105,-53.0,1405,112,18:51:11,2012-07-27
451180,120110,-61.25,1405,112,15:05:42,2012-07-27
450825,120115,-53.25,1405,112,18:51:09,2012-07-27
451175,120115,-62.0,1405,112,15:05:43,2012-07-27
451165,120125,-63.0,1405,112,15:05:43,2012-07-27
450820,120135,-50.0,1405,112,18:51:08,2012-07-27
451155,120140,-64.666664,1405,112,15:05:45,2012-07-27
450815,120145,-48.25,1405,112,18:51:07,2012-07-27
451145,120150,-65.5,1405,112,15:05:46,2012-07-27
450810,120155,-48.0,1405,112,18:51:06,2012-07-27
451140,120155,-64.0,1405,112,15:05:47,2012-07-27
451135,120160,-64.0,1405,112,15:05:47,2012-07-27
451135,120165,-64.75,1405,112,15:05:48,2012-07-27
450810,120170,-48.0,1405,112,18:51:05,2012-07-27
451130,120170,-67.0,1405,112,15:05:48,2012-07-27
451125,120175,-67.25,1405,112,15:05:49,2012-07-27
450805,120180,-46.0,1405,112,18:51:04,2012-07-27
450800,120195,-44.400002,1405,112,18:51:02,2012-07-27
451115,120195,-68.0,1405,112,15:05:51,2012-07-27
450800,120200,-44.0,1405,112,18:51:02,2012-07-27
450130,120205,-55.0,1405,112,12:44:07,2012-07-31
450795,120205,-45.333332,1405,112,18:51:01,2012-07-27
450800,120205,-44.0,1405,112,18:51:02,2012-07-27
450805,120205,-41.57143,1405,112,12:46:48,2012-07-31
450145,120210,-55.0,1405,112,12:44:08,2012-07-31
450805,120210,-39.666668,1405,112,12:46:44,2012-07-31
451110,120210,-67.333336,1405,112,15:05:52,2012-07-27
450150,120215,-55.0,1405,112,12:44:08,2012-07-31
450795,120215,-43.0,1405,112,16:05:01,2012-08-01
450805,120215,-43.0,1405,112,12:46:52,2012-07-31
450155,120220,-55.0,1405,112,12:44:08,2012-07-31
450795,120220,-38.0,1405,112,12:46:42,2012-07-31
450795,120220,-44.333332,1405,112,16:05:00,2012-08-01
450800,120220,-40.0,1405,112,12:46:53,2012-07-31
450805,120220,-42.25,1405,112,12:46:53,2012-07-31
450165,120225,-55.0,1405,112,12:44:09,2012-07-31
450790,120225,-46.0,1405,112,18:51:00,2012-07-27
450790,120225,-45.0,1405,112,16:05:00,2012-08-01
450800,120225,-39.799999,1405,112,12:46:54,2012-07-31
451105,120225,-65.5,1405,112,15:05:53,2012-07-27
450175,120230,-55.0,1405,112,12:44:10,2012-07-31
450180,120230,-55.0,1405,112,12:44:10,2012-07-31
450790,120230,-45.0,1405,112,16:05:00,2012-08-01
451100,120230,-64.0,1405,112,15:05:54,2012-07-27
450185,120235,-55.0,1405,112,12:44:10,2012-07-31
450790,120235,-38.0,1405,112,12:46:40,2012-07-31
450790,120235,-45.0,1405,112,16:04:59,2012-08-01
450795,120235,-38.200001,1405,112,12:46:56,2012-07-31
450190,120240,-55.0,1405,112,12:44:11,2012-07-31
450200,120240,-55.0,1405,112,12:44:12,2012-07-31
450785,120240,-45.333332,1405,112,18:50:58,2012-07-27
450795,120240,-37.0,1405,112,12:46:56,2012-07-31
451095,120240,-63.0,1405,112,15:05:55,2012-07-27
450205,120245,-55.0,1405,112,12:44:12,2012-07-31
450785,120245,-38.0,1405,112,12:46:39,2012-07-31
450785,120245,-43.5,1405,112,16:04:59,2012-08-01
450790,120245,-37.0,1405,112,12:46:57,2012-07-31
450210,120250,-55.666668,1405,112,12:44:12,2012-07-31
450220,120250,-57.0,1405,112,12:44:13,2012-07-31
450785,120250,-45.0,1405,112,18:50:58,2012-07-27
450785,120250,-43.0,1405,112,16:04:58,2012-08-01
450225,120255,-57.0,1405,112,12:44:13,2012-07-31
450230,120255,-56.333332,1405,112,12:44:14,2012-07-31
450785,120255,-43.0,1405,112,16:04:58,2012-08-01
450790,120255,-37.0,1405,112,12:46:58,2012-07-31
451090,120255,-61.333332,1405,112,15:05:56,2012-07-27
450235,120260,-55.0,1405,112,12:44:14,2012-07-31
450780,120260,-45.0,1405,112,18:50:57,2012-07-27
450780,120260,-37.333332,1405,112,12:46:37,2012-07-31
450780,120260,-43.0,1405,112,16:04:57,2012-08-01
450785,120260,-37.0,1405,112,12:46:58,2012-07-31
450785,120260,-43.0,1405,112,16:04:58,2012-08-01
450245,120265,-55.0,1405,112,12:44:15,2012-07-31
450250,120265,-54.75,1405,112,12:44:15,2012-07-31
450780,120265,-43.0,1405,112,16:04:57,2012-08-01
451080,120265,-62.0,1405,112,15:05:57,2012-07-27
450260,120270,-54.0,1405,112,12:44:16,2012-07-31
450780,120270,-43.0,1405,112,16:04:57,2012-08-01
450265,120275,-54.0,1405,112,12:44:17,2012-07-31
451075,120275,-61.75,1405,112,15:05:58,2012-07-27
450280,120280,-54.0,1405,112,12:44:18,2012-07-31
450775,120280,-45.0,1405,112,18:50:56,2012-07-27
450775,120280,-37.666668,1405,112,12:46:36,2012-07-31
450780,120280,-36.666668,1405,112,12:47:00,2012-07-31
450290,120285,-54.0,1405,112,12:44:18,2012-07-31
450775,120285,-43.0,1405,112,16:04:56,2012-08-01
451070,120285,-61.0,1405,112,15:05:58,2012-07-27
450295,120290,-54.0,1405,112,12:44:18,2012-07-31
450300,120290,-54.0,1405,112,12:44:19,2012-07-31
450305,120290,-54.0,1405,112,12:44:19,2012-07-31
450770,120290,-43.0,1405,112,16:04:56,2012-08-01
450775,120290,-43.0,1405,112,16:04:56,2012-08-01
451065,120290,-61.0,1405,112,15:05:59,2012-07-27
450305,120295,-54.0,1405,112,12:44:19,2012-07-31
450310,120295,-54.0,1405,112,12:44:19,2012-07-31
450315,120295,-54.0,1405,112,12:44:20,2012-07-31
450765,120295,-43.666668,1405,112,18:50:54,2012-07-27
450770,120295,-43.0,1405,112,16:04:55,2012-08-01
450775,120295,-36.0,1405,112,12:47:01,2012-07-31
450315,120300,-54.0,1405,112,12:44:20,2012-07-31
450320,120300,-54.0,1405,112,12:44:21,2012-07-31
450325,120300,-53.200001,1405,112,12:44:21,2012-07-31
450770,120300,-43.0,1405,112,16:04:55,2012-08-01
450325,120305,-52.0,1405,112,12:44:21,2012-07-31
450330,120305,-52.0,1405,112,12:44:22,2012-07-31
450765,120305,-43.0,1405,112,18:50:53,2012-07-27
450770,120305,-37.400002,1405,112,12:46:34,2012-07-31
450770,120305,-43.0,1405,112,16:04:55,2012-08-01
450775,120305,-36.0,1405,112,12:47:03,2012-07-31
451055,120305,-61.0,1405,112,15:06:00,2012-07-27
450340,120310,-52.0,1405,112,12:44:22,2012-07-31
450760,120310,-44.333332,1405,112,18:50:53,2012-07-27
450765,120310,-43.75,1405,112,16:04:55,2012-08-01
450350,120315,-52.0,1405,112,12:44:23,2012-07-31
450355,120315,-52.0,1405,112,12:44:23,2012-07-31
450760,120315,-45.0,1405,112,18:50:52,2012-07-27
450765,120315,-44.0,1405,112,16:04:54,2012-08-01
450360,120320,-51.666668,1405,112,12:44:24,2012-07-31
450365,120320,-51.0,1405,112,12:44:24,2012-07-31
450760,120320,-45.0,1405,112,18:50:52,2012-07-27
450765,120320,-37.0,1405,112,12:46:33,2012-07-31
450765,120320,-44.0,1405,112,16:04:54,2012-08-01
451045,120320,-61.0,1405,112,15:06:02,2012-07-27
450375,120325,-50.75,1405,112,12:44:25,2012-07-31
450760,120325,-45.0,1405,112,18:50:52,2012-07-27
450765,120325,-36.0,1405,112,12:47:04,2012-07-31
450765,120325,-44.444443,1405,112,16:04:54,2012-08-01
451040,120325,-61.0,1405,112,15:06:02,2012-07-27
450380,120330,-50.0,1405,112,12:44:26,2012-07-31
450385,120330,-49.0,1405,112,12:44:27,2012-07-31
450755,120330,-46.5,1405,112,18:50:51,2012-07-27
450760,120330,-45.0,1405,112,16:04:53,2012-08-01
450390,120335,-49.666668,1405,112,12:44:27,2012-07-31
450760,120335,-45.0,1405,112,16:04:53,2012-08-01
451035,120335,-60.25,1405,112,15:06:03,2012-07-27
450400,120340,-48.5,1405,112,12:44:28,2012-07-31
450760,120340,-46.909092,1405,112,16:04:53,2012-08-01
450765,120340,-36.0,1405,112,12:47:06,2012-07-31
450415,120345,-48.5,1405,112,12:44:29,2012-07-31
450750,120345,-48.333332,1405,112,18:50:50,2012-07-27
450755,120345,-38.599998,1405,112,12:46:33,2012-07-31
450755,120345,-48.0,1405,112,16:04:53,2012-08-01
450760,120345,-48.0,1405,112,16:04:53,2012-08-01
450425,120350,-49.25,1405,112,12:44:31,2012-07-31
450755,120350,-48.0,1405,112,16:04:52,2012-08-01
450760,120350,-36.0,1405,112,12:47:06,2012-07-31
451025,120350,-57.400002,1405,112,15:06:05,2012-07-27
450435,120355,-47.0,1405,112,12:44:32,2012-07-31
451020,120355,-56.25,1405,112,15:06:06,2012-07-27
450740,120360,-50.5,1405,112,18:50:49,2012-07-27
451020,120360,-57.0,1405,112,15:06:05,2012-07-27
450445,120365,-51.0,1405,112,15:27:11,2012-08-01
450455,120365,-47.666668,1405,112,12:44:32,2012-07-31
450750,120365,-38.333332,1405,112,12:46:32,2012-07-31
451015,120365,-56.25,1405,112,15:06:06,2012-07-27
450465,120370,-49.333332,1405,112,12:44:34,2012-07-31
450470,120375,-51.0,1405,112,15:27:13,2012-08-01
450480,120375,-50.666668,1405,112,12:44:35,2012-07-31
450730,120375,-51.0,1405,112,18:50:47,2012-07-27
451010,120375,-53.400002,1405,112,15:06:07,2012-07-27
450745,120380,-38.666668,1405,112,12:46:30,2012-07-31
450750,120380,-36.0,1405,112,12:47:08,2012-07-31
450495,120385,-51.666668,1405,112,12:44:36,2012-07-31
450725,120385,-51.0,1405,112,18:50:46,2012-07-27
450505,120390,-51.0,1405,112,12:44:37,2012-07-31
450720,120390,-50.25,1405,112,18:50:46,2012-07-27
451005,120390,-52.625,1405,112,15:06:09,2012-07-27
450520,120395,-50.75,1405,112,12:44:38,2012-07-31
450715,120395,-50.0,1405,112,18:50:45,2012-07-27
450745,120395,-36.0,1405,112,12:47:10,2012-07-31
450740,120400,-38.25,1405,112,12:46:29,2012-07-31
451000,120400,-52.0,1405,112,15:06:10,2012-07-27
450535,120405,-48.666668,1405,112,12:44:39,2012-07-31
450710,120405,-47.333332,1405,112,18:50:44,2012-07-27
450540,120410,-45.666668,1405,112,12:44:41,2012-07-31
450550,120410,-43.333332,1405,112,12:44:42,2012-07-31
450570,120410,-39.0,1405,112,18:50:23,2012-07-27
450700,120410,-46.0,1405,112,18:50:44,2012-07-27
450740,120410,-36.0,1405,112,12:47:10,2012-07-31
450570,120415,-39.0,1405,112,18:50:22,2012-07-27
450575,120415,-39.333332,1405,112,18:50:25,2012-07-27
450695,120415,-44.5,1405,112,18:50:43,2012-07-27
450560,120420,-39.5,1405,112,12:44:44,2012-07-31
450565,120420,-39.0,1405,112,18:50:20,2012-07-27
450565,120420,-43.0,1405,112,15:27:20,2012-08-01
450570,120420,-38.333332,1405,112,18:50:19,2012-07-27
450570,120420,-42.200001,1405,112,15:27:20,2012-08-01
450575,120420,-42.0,1405,112,15:27:21,2012-08-01
450580,120420,-40.0,1405,112,18:50:26,2012-07-27
450565,120425,-39.0,1405,112,12:44:45,2012-07-31
450570,120425,-38.0,1405,112,18:50:18,2012-07-27
450575,120425,-42.0,1405,112,15:27:21,2012-08-01
450580,120425,-40.0,1405,112,18:50:27,2012-07-27
450580,120425,-42.0,1405,112,15:27:21,2012-08-01
450585,120425,-40.0,1405,112,18:50:29,2012-07-27
450585,120425,-42.714287,1405,112,15:27:21,2012-08-01
450735,120425,-38.0,1405,112,12:46:28,2012-07-31
450740,120425,-36.0,1405,112,12:47:13,2012-07-31
450990,120425,-52.0,1405,112,15:06:12,2012-07-27
450570,120430,-39.0,1405,112,12:44:46,2012-07-31
450575,120430,-37.714287,1405,112,18:50:16,2012-07-27
450580,120430,-39.0,1405,112,18:50:15,2012-07-27
450585,120430,-43.0,1405,112,15:27:22,2012-08-01
450590,120430,-40.0,1405,112,18:50:30,2012-07-27
450590,120430,-43.0,1405,112,15:27:22,2012-08-01
450595,120430,-43.0,1405,112,15:27:22,2012-08-01
450685,120430,-44.0,1405,112,18:50:42,2012-07-27
450565,120435,-38.666668,1405,112,12:44:48,2012-07-31
450600,120435,-40.0,1405,112,18:50:31,2012-07-27
450600,120435,-43.0,1405,112,15:27:23,2012-08-01
450605,120435,-40.0,1405,112,18:50:31,2012-07-27
450985,120435,-52.333332,1405,112,15:06:13,2012-07-27
450595,120440,-38.333332,1405,112,18:50:13,2012-07-27
450605,120440,-38.0,1405,112,18:50:12,2012-07-27
450610,120440,-40.0,1405,112,18:50:32,2012-07-27
450610,120440,-43.0,1405,112,15:27:24,2012-08-01
450615,120440,-43.0,1405,112,15:27:24,2012-08-01
450620,120440,-40.0,1405,112,18:50:34,2012-07-27
450730,120440,-38.75,1405,112,12:46:27,2012-07-31
450565,120445,-38.0,1405,112,12:44:48,2012-07-31
450620,120445,-42.333332,1405,112,15:27:25,2012-08-01
450625,120445,-42.0,1405,112,15:27:25,2012-08-01
450630,120445,-41.0,1405,112,18:50:34,2012-07-27
450670,120445,-42.666668,1405,112,18:50:40,2012-07-27
450560,120450,-39.25,1405,112,12:44:49,2012-07-31
450620,120450,-40.666668,1405,112,18:50:10,2012-07-27
450630,120450,-42.0,1405,112,15:27:26,2012-08-01
450635,120450,-42.0,1405,112,18:50:36,2012-07-27
450635,120450,-40.799999,1405,112,15:27:26,2012-08-01
450650,120450,-42.0,1405,112,18:50:37,2012-07-27
450655,120450,-42.0,1405,112,18:50:39,2012-07-27
450730,120450,-36.0,1405,112,12:47:14,2012-07-31
450645,120455,-39.799999,1405,112,15:27:28,2012-08-01
450555,120460,-42.857143,1405,112,12:44:51,2012-07-31
450640,120460,-42.0,1405,112,18:50:09,2012-07-27
450720,120460,-59.0,1405,112,16:04:45,2012-08-01
450970,120460,-53.0,1405,112,15:06:14,2012-07-27
450660,120465,-38.666668,1405,112,15:27:29,2012-08-01
450720,120465,-41.0,1405,112,12:46:26,2012-07-31
450720,120465,-59.0,1405,112,16:04:45,2012-08-01
450725,120465,-36.25,1405,112,12:47:15,2012-07-31
450660,120470,-43.5,1405,112,18:50:08,2012-07-27
450675,120470,-38.0,1405,112,15:27:30,2012-08-01
450965,120470,-54.333332,1405,112,15:06:16,2012-07-27
450545,120475,-44.0,1405,112,12:44:52,2012-07-31
450670,120475,-44.0,1405,112,18:50:07,2012-07-27
450675,120475,-45.333332,1405,112,18:50:06,2012-07-27
450720,120475,-37.5,1405,112,12:47:16,2012-07-31
450720,120475,-59.0,1405,112,16:04:44,2012-08-01
450695,120480,-40.142857,1405,112,15:27:32,2012-08-01
450715,120480,-42.0,1405,112,12:46:24,2012-07-31
450960,120480,-57.0,1405,112,15:06:16,2012-07-27
450540,120485,-44.25,1405,112,12:44:53,2012-07-31
450545,120485,-44.0,1405,112,12:44:53,2012-07-31
450695,120485,-47.333332,1405,112,18:50:05,2012-07-27
450715,120485,-59.0,1405,112,16:04:43,2012-08-01
450715,120490,-59.0,1405,112,16:04:43,2012-08-01
450720,120490,-39.0,1405,112,12:47:17,2012-07-31
450955,120490,-56.666668,1405,112,15:06:17,2012-07-27
450710,120495,-48.0,1405,112,18:50:04,2012-07-27
450710,120495,-59.0,1405,112,16:04:43,2012-08-01
450715,120495,-45.0,1405,112,18:50:03,2012-07-27
450720,120495,-44.0,1405,112,18:50:03,2012-07-27
450535,120500,-44.666668,1405,112,12:44:55,2012-07-31
450710,120500,-42.0,1405,112,12:46:23,2012-07-31
450720,120500,-44.0,1405,112,18:50:03,2012-07-27
450730,120500,-44.0,1405,112,18:50:02,2012-07-27
450710,120505,-59.0,1405,112,16:04:42,2012-08-01
450735,120505,-44.0,1405,112,18:50:02,2012-07-27
450740,120505,-44.0,1405,112,18:50:02,2012-07-27
450950,120505,-55.799999,1405,112,15:06:19,2012-07-27
450530,120510,-44.0,1405,112,12:44:56,2012-07-31
450710,120510,-59.0,1405,112,16:04:42,2012-08-01
450715,120510,-39.0,1405,112,12:47:18,2012-07-31
450740,120510,-44.0,1405,112,18:50:02,2012-07-27
450950,120510,-55.0,1405,112,15:06:19,2012-07-27
450525,120515,-43.25,1405,112,12:44:56,2012-07-31
450710,120515,-42.0,1405,112,12:46:22,2012-07-31
450755,120515,-43.333332,1405,112,18:50:01,2012-07-27
450765,120520,-43.0,1405,112,18:50:00,2012-07-27
450945,120520,-54.599998,1405,112,15:06:20,2012-07-27
450525,120525,-41.0,1405,112,12:44:57,2012-07-31
450710,120525,-39.400002,1405,112,12:47:20,2012-07-31
450775,120525,-42.25,1405,112,18:49:59,2012-07-27
450520,120530,-40.0,1405,112,12:44:58,2012-07-31
450785,120530,-42.0,1405,112,18:49:58,2012-07-27
450705,120535,-40.333332,1405,112,12:47:21,2012-07-31
450795,120535,-41.333332,1405,112,18:49:58,2012-07-27
450810,120540,-41.666668,1405,112,18:49:56,2012-07-27
450935,120540,-52.5,1405,112,15:06:22,2012-07-27
450515,120545,-38.666668,1405,112,12:44:59,2012-07-31
450695,120550,-42.0,1405,112,12:46:20,2012-07-31
450700,120550,-41.0,1405,112,12:47:22,2012-07-31
450835,120550,-41.25,1405,112,18:49:55,2012-07-27
450930,120550,-48.666668,1405,112,15:06:23,2012-07-27
450845,120555,-41.0,1405,112,18:49:54,2012-07-27
450515,120560,-40.333332,1405,112,12:45:01,2012-07-31
450695,120560,-40.599998,1405,112,12:47:22,2012-07-31
450855,120560,-40.333332,1405,112,18:49:54,2012-07-27
450925,120560,-43.400002,1405,112,15:06:24,2012-07-27
450870,120565,-40.0,1405,112,18:49:53,2012-07-27
450520,120575,-42.0,1405,112,12:45:02,2012-07-31
450695,120575,-39.57143,1405,112,12:47:24,2012-07-31
450880,120575,-48.0,1405,112,18:49:52,2012-07-27
450920,120575,-41.0,1405,112,15:06:25,2012-07-27
450900,120580,-52.0,1405,112,18:49:50,2012-07-27
450915,120585,-40.666668,1405,112,15:06:26,2012-07-27
450525,120590,-44.0,1405,112,12:45:03,2012-07-31
450690,120595,-39.0,1405,112,12:47:25,2012-07-31
450930,120595,-52.0,1405,112,18:49:48,2012-07-27
450910,120600,-39.5,1405,112,15:06:27,2012-07-27
450945,120600,-52.0,1405,112,18:49:47,2012-07-27
450530,120605,-44.0,1405,112,12:45:05,2012-07-31
450685,120605,-39.400002,1405,112,12:47:26,2012-07-31
450960,120605,-52.0,1405,112,18:49:46,2012-07-27
450530,120615,-44.333332,1405,112,12:45:06,2012-07-31
450900,120615,-38.0,1405,112,15:06:28,2012-07-27
450530,120625,-45.0,1405,112,12:45:07,2012-07-31
450530,120630,-46.0,1405,112,12:45:08,2012-07-31
450675,120635,-42.5,1405,112,12:47:28,2012-07-31
450530,120640,-49.0,1405,112,12:45:08,2012-07-31
450890,120640,-38.0,1405,112,15:06:30,2012-07-27
450530,120645,-48.75,1405,112,12:45:09,2012-07-31
450670,120645,-45.0,1405,112,12:47:30,2012-07-31
450525,120650,-48.0,1405,112,12:45:10,2012-07-31
450885,120650,-38.333332,1405,112,15:06:31,2012-07-27
450525,120655,-50.0,1405,112,12:45:10,2012-07-31
450520,120670,-55.333332,1405,112,12:45:12,2012-07-31
450660,120670,-48.333332,1405,112,12:47:31,2012-07-31
450880,120670,-39.333332,1405,112,15:06:33,2012-07-27
450515,120680,-58.333332,1405,112,12:45:13,2012-07-31
450875,120680,-40.5,1405,112,15:06:34,2012-07-27
450655,120685,-50.25,1405,112,12:47:32,2012-07-31
450510,120690,-60.0,1405,112,12:45:15,2012-07-31
450865,120690,-42.0,1405,112,15:06:35,2012-07-27
450655,120695,-54.0,1405,112,12:47:33,2012-07-31
450505,120700,-63.666668,1405,112,12:45:16,2012-07-31
450650,120700,-54.5,1405,112,12:47:34,2012-07-31
450505,120705,-67.0,1405,112,12:45:17,2012-07-31
450860,120705,-42.0,1405,112,15:06:36,2012-07-27
450645,120710,-56.0,1405,112,12:47:34,2012-07-31
450500,120715,-67.0,1405,112,12:45:18,2012-07-31
450855,120715,-42.0,1405,112,15:06:37,2012-07-27
450645,120720,-56.0,1405,112,12:47:35,2012-07-31
450845,120735,-42.0,1405,112,15:06:38,2012-07-27
450635,120740,-56.0,1405,112,12:47:37,2012-07-31
450840,120740,-42.0,1405,112,15:06:38,2012-07-27
450630,120745,-56.0,1405,112,12:47:37,2012-07-31
450835,120745,-42.0,1405,112,15:06:39,2012-07-27
450630,120750,-56.0,1405,112,12:47:38,2012-07-31
450835,120750,-42.0,1405,112,15:06:40,2012-07-27
450625,120755,-56.42857,1405,112,12:47:38,2012-07-31
450830,120755,-42.0,1405,112,15:06:40,2012-07-27
450625,120760,-57.0,1405,112,12:47:39,2012-07-31
450830,120760,-42.0,1405,112,15:06:40,2012-07-27
450620,120765,-57.0,1405,112,12:47:39,2012-07-31
450820,120770,-41.333332,1405,112,15:06:41,2012-07-27
450815,120780,-40.0,1405,112,15:06:42,2012-07-27
450810,120785,-40.666668,1405,112,15:06:43,2012-07-27
450800,120800,-43.0,1405,112,15:06:44,2012-07-27
450790,120810,-46.666668,1405,112,15:06:46,2012-07-27
450785,120815,-50.0,1405,112,15:06:46,2012-07-27
450780,120820,-50.0,1405,112,15:06:47,2012-07-27
450775,120825,-51.599998,1405,112,15:06:47,2012-07-27
450770,120830,-54.0,1405,112,15:06:48,2012-07-27
450775,120830,-54.0,1405,112,15:06:47,2012-07-27
450765,120835,-54.0,1405,112,15:06:48,2012-07-27
450770,120835,-54.0,1405,112,15:06:48,2012-07-27
