462700,101965,-61.0,1170,108,15:13:18,2012-07-30
462700,101980,-61.0,1170,108,15:13:17,2012-07-30
462705,101985,-64.0,1170,108,15:02:37,2012-07-26
462710,102000,-64.0,1170,108,15:02:36,2012-07-26
462710,102015,-64.599998,1170,108,15:02:34,2012-07-26
462715,102020,-65.0,1170,108,15:02:34,2012-07-26
462715,102030,-65.0,1170,108,15:02:33,2012-07-26
462720,102030,-65.0,1170,108,15:02:33,2012-07-26
462720,102035,-65.0,1170,108,15:02:32,2012-07-26
462720,102040,-65.0,1170,108,15:02:32,2012-07-26
462675,102290,-64.0,1170,108,15:02:02,2012-07-26
462675,102300,-64.0,1170,108,15:02:01,2012-07-26
450690,120570,-55.0,1170,108,12:46:18,2012-07-31
450685,120585,-53.888889,1170,108,12:46:17,2012-07-31
450685,120600,-53.0,1170,108,12:46:17,2012-07-31
450680,120610,-53.0,1170,108,12:46:16,2012-07-31
450980,120615,-62.57143,1170,108,18:49:45,2012-07-27
450995,120620,-63.0,1170,108,18:49:44,2012-07-27
451020,120630,-63.666668,1170,108,18:49:42,2012-07-27
450670,120635,-52.25,1170,108,12:46:14,2012-07-31
451035,120640,-63.333332,1170,108,18:49:41,2012-07-27
450665,120645,-52.0,1170,108,12:46:13,2012-07-31
451070,120655,-62.25,1170,108,18:49:39,2012-07-27
450660,120660,-52.0,1170,108,12:46:12,2012-07-31
451085,120660,-59.333332,1170,108,18:49:38,2012-07-27
451105,120670,-56.5,1170,108,18:49:37,2012-07-27
450655,120675,-51.333332,1170,108,12:46:11,2012-07-31
451135,120685,-53.0,1170,108,18:49:35,2012-07-27
451150,120690,-50.666668,1170,108,18:49:34,2012-07-27
450645,120700,-48.75,1170,108,12:46:08,2012-07-31
451170,120700,-50.0,1170,108,18:49:33,2012-07-27
450645,120705,-48.0,1170,108,12:46:08,2012-07-31
451185,120705,-49.090908,1170,108,18:49:31,2012-07-27
450640,120710,-48.0,1170,108,12:46:07,2012-07-31
450640,120715,-46.5,1170,108,12:46:06,2012-07-31
451210,120715,-49.0,1170,108,18:49:31,2012-07-27
450635,120720,-46.0,1170,108,12:46:05,2012-07-31
450635,120725,-45.333332,1170,108,12:46:05,2012-07-31
451225,120725,-49.666668,1170,108,18:49:30,2012-07-27
450620,120730,-43.466667,1170,108,12:45:56,2012-07-31
450625,120730,-44.333332,1170,108,12:46:02,2012-07-31
450630,120730,-45.0,1170,108,12:46:03,2012-07-31
450605,120735,-54.25,1170,108,12:45:52,2012-07-31
450610,120735,-51.0,1170,108,12:45:53,2012-07-31
450620,120735,-47.666668,1170,108,12:45:55,2012-07-31
450525,120740,-45.0,1170,108,12:45:28,2012-07-31
450530,120740,-45.0,1170,108,12:45:28,2012-07-31
450600,120740,-56.599998,1170,108,12:45:51,2012-07-31
451255,120740,-48.666668,1170,108,18:49:28,2012-07-27
450535,120745,-45.0,1170,108,12:45:30,2012-07-31
450595,120745,-57.0,1170,108,12:45:50,2012-07-31
451275,120745,-48.0,1170,108,18:49:27,2012-07-27
450540,120750,-45.0,1170,108,12:45:32,2012-07-31
450590,120750,-58.555557,1170,108,12:45:49,2012-07-31
450540,120755,-45.0,1170,108,12:45:34,2012-07-31
451290,120755,-49.799999,1170,108,18:49:25,2012-07-27
450540,120760,-45.0,1170,108,12:45:35,2012-07-31
450585,120760,-50.0,1170,108,12:45:46,2012-07-31
450590,120760,-55.0,1170,108,12:45:48,2012-07-31
451310,120760,-52.333332,1170,108,18:49:24,2012-07-27
450585,120765,-47.5,1170,108,12:45:45,2012-07-31
451325,120765,-53.0,1170,108,18:49:23,2012-07-27
450545,120770,-45.0,1170,108,12:45:37,2012-07-31
450550,120770,-45.0,1170,108,12:45:37,2012-07-31
450575,120770,-42.0,1170,108,12:45:42,2012-07-31
450580,120770,-45.0,1170,108,12:45:44,2012-07-31
451335,120770,-55.666668,1170,108,18:49:23,2012-07-27
450555,120775,-45.0,1170,108,12:45:39,2012-07-31
450560,120775,-44.75,1170,108,12:45:39,2012-07-31
450565,120775,-43.0,1170,108,12:45:41,2012-07-31
450610,120785,-46.0,1170,108,12:47:41,2012-07-31
451355,120785,-59.0,1170,108,18:49:21,2012-07-27
450605,120795,-46.0,1170,108,12:47:42,2012-07-31
451380,120795,-60.75,1170,108,18:49:20,2012-07-27
450605,120800,-46.0,1170,108,12:47:42,2012-07-31
451390,120800,-61.0,1170,108,18:49:19,2012-07-27
451395,120805,-62.5,1170,108,18:49:18,2012-07-27
450595,120815,-46.0,1170,108,12:47:44,2012-07-31
451420,120815,-63.666668,1170,108,18:49:17,2012-07-27
450590,120820,-46.0,1170,108,12:47:44,2012-07-31
451430,120820,-64.0,1170,108,18:49:16,2012-07-27
451445,120830,-62.5,1170,108,18:49:15,2012-07-27
450585,120835,-46.0,1170,108,12:47:45,2012-07-31
451465,120840,-62.666668,1170,108,18:49:14,2012-07-27
450760,120845,-47.0,1170,108,15:06:49,2012-07-27
450575,120850,-48.0,1170,108,12:47:46,2012-07-31
451480,120850,-63.0,1170,108,18:49:12,2012-07-27
450570,120855,-52.0,1170,108,12:47:47,2012-07-31
451490,120855,-63.0,1170,108,18:49:12,2012-07-27
451495,120855,-63.0,1170,108,18:49:12,2012-07-27
450745,120860,-47.0,1170,108,15:06:51,2012-07-27
450565,120865,-53.0,1170,108,12:47:48,2012-07-31
450570,120865,-52.25,1170,108,12:47:48,2012-07-31
450740,120865,-47.0,1170,108,15:06:51,2012-07-27
450745,120865,-47.0,1170,108,15:06:51,2012-07-27
451505,120865,-62.25,1170,108,18:49:11,2012-07-27
450565,120870,-53.0,1170,108,12:47:49,2012-07-31
450735,120870,-47.0,1170,108,15:06:52,2012-07-27
450560,120875,-53.0,1170,108,12:47:49,2012-07-31
450730,120875,-47.0,1170,108,15:06:53,2012-07-27
451520,120875,-59.333332,1170,108,18:49:10,2012-07-27
450560,120880,-55.400002,1170,108,12:47:49,2012-07-31
450730,120880,-47.0,1170,108,15:06:53,2012-07-27
451535,120880,-57.25,1170,108,18:49:08,2012-07-27
450555,120890,-57.0,1170,108,12:47:50,2012-07-31
450720,120890,-47.0,1170,108,15:06:53,2012-07-27
451545,120890,-57.0,1170,108,18:49:07,2012-07-27
450715,120895,-47.0,1170,108,15:06:54,2012-07-27
451550,120895,-56.333332,1170,108,18:49:07,2012-07-27
450550,120900,-57.333332,1170,108,12:47:51,2012-07-31
450710,120900,-48.5,1170,108,15:06:55,2012-07-27
451565,120900,-56.0,1170,108,18:49:06,2012-07-27
451570,120905,-54.0,1170,108,18:49:06,2012-07-27
450700,120910,-54.666668,1170,108,15:06:56,2012-07-27
451580,120910,-53.0,1170,108,18:49:05,2012-07-27
450540,120915,-58.5,1170,108,12:47:52,2012-07-31
451585,120915,-51.5,1170,108,18:49:04,2012-07-27
450535,120920,-60.0,1170,108,12:47:53,2012-07-31
451590,120920,-51.0,1170,108,18:49:03,2012-07-27
451595,120920,-53.400002,1170,108,18:49:03,2012-07-27
450685,120925,-59.0,1170,108,15:06:58,2012-07-27
450690,120925,-61.0,1170,108,15:06:58,2012-07-27
451600,120925,-54.0,1170,108,18:49:02,2012-07-27
450535,120930,-60.0,1170,108,12:47:54,2012-07-31
451605,120930,-54.666668,1170,108,18:49:01,2012-07-27
450530,120935,-60.0,1170,108,12:47:54,2012-07-31
450680,120935,-62.5,1170,108,15:06:59,2012-07-27
451610,120935,-55.0,1170,108,18:49:00,2012-07-27
451615,120940,-55.0,1170,108,18:48:59,2012-07-27
451620,120940,-55.0,1170,108,18:48:59,2012-07-27
450525,120945,-60.25,1170,108,12:47:55,2012-07-31
451620,120945,-55.0,1170,108,18:48:58,2012-07-27
450520,120950,-61.0,1170,108,12:47:56,2012-07-31
450670,120950,-64.0,1170,108,15:07:00,2012-07-27
451630,120950,-55.0,1170,108,18:48:57,2012-07-27
450520,120955,-60.0,1170,108,12:47:56,2012-07-31
450660,120955,-63.0,1170,108,15:07:01,2012-07-27
450665,120955,-63.666668,1170,108,15:07:00,2012-07-27
451635,120955,-55.0,1170,108,18:48:56,2012-07-27
451645,120960,-55.0,1170,108,18:48:56,2012-07-27
450655,120965,-62.0,1170,108,15:07:02,2012-07-27
450515,120970,-59.5,1170,108,12:47:58,2012-07-31
450645,120980,-59.25,1170,108,15:07:03,2012-07-27
450505,120985,-59.75,1170,108,12:47:59,2012-07-31
450635,120985,-57.0,1170,108,15:07:04,2012-07-27
450500,120995,-59.25,1170,108,12:48:01,2012-07-31
450625,120995,-58.0,1170,108,15:07:05,2012-07-27
450630,120995,-57.400002,1170,108,15:07:05,2012-07-27
450625,121000,-58.0,1170,108,15:07:05,2012-07-27
450620,121005,-58.0,1170,108,15:07:06,2012-07-27
450495,121010,-60.0,1170,108,12:48:01,2012-07-31
450615,121010,-58.0,1170,108,15:07:07,2012-07-27
450610,121015,-58.0,1170,108,15:07:07,2012-07-27
450605,121020,-62.0,1170,108,15:07:08,2012-07-27
450610,121020,-59.333332,1170,108,15:07:08,2012-07-27
450485,121025,-60.0,1170,108,12:48:02,2012-07-31
450595,121030,-62.0,1170,108,15:07:09,2012-07-27
450590,121035,-62.0,1170,108,15:07:09,2012-07-27
450590,121040,-62.0,1170,108,15:07:10,2012-07-27
450575,121045,-61.0,1170,108,15:07:11,2012-07-27
450580,121045,-61.599998,1170,108,15:07:10,2012-07-27
450570,121050,-61.0,1170,108,15:07:11,2012-07-27
450575,121050,-61.0,1170,108,15:07:11,2012-07-27
451185,121065,-49.666668,1170,108,17:00:33,2012-07-31
451200,121065,-51.333332,1170,108,17:00:34,2012-07-31
451225,121065,-52.333332,1170,108,17:00:35,2012-07-31
450465,121070,-54.0,1170,108,15:08:01,2012-07-27
451160,121070,-51.0,1170,108,17:00:30,2012-07-31
451165,121070,-50.5,1170,108,17:00:31,2012-07-31
451240,121070,-53.5,1170,108,17:00:37,2012-07-31
451245,121070,-55.0,1170,108,17:00:37,2012-07-31
450460,121075,-54.0,1170,108,15:08:02,2012-07-27
451155,121075,-51.0,1170,108,17:00:30,2012-07-31
451245,121075,-55.0,1170,108,17:00:37,2012-07-31
451250,121075,-55.0,1170,108,17:00:38,2012-07-31
451255,121075,-55.333332,1170,108,17:00:38,2012-07-31
450455,121080,-54.0,1170,108,15:08:03,2012-07-27
451255,121080,-56.0,1170,108,17:00:39,2012-07-31
451260,121080,-56.0,1170,108,17:00:39,2012-07-31
451135,121085,-51.0,1170,108,17:00:28,2012-07-31
451260,121085,-55.799999,1170,108,17:00:40,2012-07-31
451265,121085,-55.0,1170,108,17:00:40,2012-07-31
451270,121090,-53.633335,1170,108,17:00:44,2012-07-31
451275,121090,-52.23077,1170,108,17:00:45,2012-07-31
450450,121095,-54.0,1170,108,15:08:04,2012-07-27
451125,121095,-51.0,1170,108,17:00:27,2012-07-31
451270,121095,-52.450382,1170,108,17:01:11,2012-07-31
451275,121095,-53.900002,1170,108,17:00:59,2012-07-31
451115,121100,-51.0,1170,108,17:00:26,2012-07-31
451275,121100,-54.099998,1170,108,17:01:44,2012-07-31
451280,121100,-55.0,1170,108,17:01:45,2012-07-31
450445,121105,-54.0,1170,108,15:08:05,2012-07-27
451110,121105,-51.0,1170,108,17:00:26,2012-07-31
451280,121105,-56.297298,1170,108,17:01:46,2012-07-31
451280,121110,-57.333332,1170,108,17:01:57,2012-07-31
450440,121115,-54.42857,1170,108,15:08:06,2012-07-27
451280,121115,-57.666668,1170,108,17:01:59,2012-07-31
451100,121120,-50.333332,1170,108,17:00:24,2012-07-31
451270,121125,-57.0,1170,108,17:02:01,2012-07-31
451275,121125,-57.0,1170,108,17:02:00,2012-07-31
451085,121130,-48.666668,1170,108,17:00:23,2012-07-31
451265,121130,-57.0,1170,108,17:02:02,2012-07-31
450420,121140,-57.333332,1170,108,15:08:08,2012-07-27
451260,121140,-56.333332,1170,108,17:02:03,2012-07-31
451070,121145,-48.666668,1170,108,17:00:21,2012-07-31
450415,121150,-58.75,1170,108,15:08:10,2012-07-27
451250,121155,-54.666668,1170,108,17:02:04,2012-07-31
450405,121160,-61.0,1170,108,15:08:10,2012-07-27
451060,121160,-50.333332,1170,108,17:00:20,2012-07-31
451250,121160,-54.0,1170,108,17:02:05,2012-07-31
451055,121165,-51.0,1170,108,17:00:19,2012-07-31
451245,121165,-54.25,1170,108,17:02:06,2012-07-31
451050,121170,-53.25,1170,108,17:00:18,2012-07-31
451230,121175,-54.0,1170,108,17:02:07,2012-07-31
451235,121175,-54.75,1170,108,17:02:07,2012-07-31
451035,121180,-53.25,1170,108,17:00:17,2012-07-31
451040,121180,-54.0,1170,108,17:00:18,2012-07-31
451225,121180,-54.0,1170,108,17:02:08,2012-07-31
450390,121185,-62.200001,1170,108,15:08:12,2012-07-27
451220,121185,-54.25,1170,108,17:02:09,2012-07-31
451030,121190,-53.0,1170,108,17:00:16,2012-07-31
451210,121190,-55.0,1170,108,17:02:09,2012-07-31
451215,121190,-55.0,1170,108,17:02:09,2012-07-31
450380,121195,-64.800003,1170,108,15:08:14,2012-07-27
451020,121195,-54.333332,1170,108,17:00:16,2012-07-31
451205,121195,-55.0,1170,108,17:02:10,2012-07-31
451205,121200,-54.599998,1170,108,17:02:10,2012-07-31
451200,121205,-53.0,1170,108,17:02:11,2012-07-31
451010,121210,-55.75,1170,108,17:00:14,2012-07-31
451195,121210,-53.599998,1170,108,17:02:11,2012-07-31
450355,121215,-66.5,1170,108,15:08:15,2012-07-27
450360,121215,-66.0,1170,108,15:08:15,2012-07-27
451000,121215,-56.0,1170,108,17:00:14,2012-07-31
451185,121215,-53.666668,1170,108,17:02:13,2012-07-31
450355,121220,-67.0,1170,108,15:08:16,2012-07-27
450995,121225,-56.666668,1170,108,17:00:13,2012-07-31
451170,121230,-53.333332,1170,108,17:02:14,2012-07-31
450975,121240,-57.0,1170,108,17:00:11,2012-07-31
451160,121240,-55.0,1170,108,17:02:16,2012-07-31
451145,121250,-56.333332,1170,108,17:02:17,2012-07-31
450965,121255,-57.599998,1170,108,17:00:10,2012-07-31
451140,121255,-57.666668,1170,108,17:02:18,2012-07-31
450955,121265,-58.0,1170,108,17:00:09,2012-07-31
451130,121265,-59.666668,1170,108,17:02:20,2012-07-31
451125,121275,-61.0,1170,108,17:02:20,2012-07-31
451120,121280,-61.5,1170,108,17:02:21,2012-07-31
450935,121285,-58.200001,1170,108,17:00:07,2012-07-31
451115,121285,-62.166668,1170,108,17:02:22,2012-07-31
450925,121295,-59.0,1170,108,17:00:06,2012-07-31
451110,121295,-63.166668,1170,108,17:02:23,2012-07-31
450910,121305,-58.25,1170,108,17:00:06,2012-07-31
450900,121315,-58.0,1170,108,17:00:04,2012-07-31
450890,121325,-59.333332,1170,108,17:00:03,2012-07-31
450870,121340,-60.666668,1170,108,17:00:02,2012-07-31
450860,121350,-62.333332,1170,108,17:00:00,2012-07-31
450835,121365,-65.25,1170,108,16:59:59,2012-07-31
450825,121375,-66.0,1170,108,16:59:57,2012-07-31
450815,121380,-66.666664,1170,108,16:59:56,2012-07-31
450805,121390,-67.0,1170,108,16:59:55,2012-07-31
450795,121395,-67.75,1170,108,16:59:54,2012-07-31
450785,121400,-66.5,1170,108,16:59:53,2012-07-31
450770,121410,-66.0,1170,108,16:59:52,2012-07-31
450760,121415,-66.0,1170,108,16:59:51,2012-07-31
450750,121420,-66.0,1170,108,16:59:50,2012-07-31
450740,121425,-65.25,1170,108,16:59:49,2012-07-31
450735,121430,-65.0,1170,108,16:59:48,2012-07-31
450720,121440,-64.199997,1170,108,16:59:47,2012-07-31
450705,121445,-68.666664,1170,108,16:59:45,2012-07-31
450710,121445,-66.666664,1170,108,16:59:46,2012-07-31
450685,121455,-69.666664,1170,108,16:59:43,2012-07-31
451000,121455,-64.0,1170,108,17:02:43,2012-07-31
450995,121460,-64.0,1170,108,17:02:43,2012-07-31
450990,121465,-64.0,1170,108,17:02:45,2012-07-31
450665,121470,-70.0,1170,108,16:59:41,2012-07-31
450655,121475,-70.0,1170,108,16:59:40,2012-07-31
450985,121475,-64.0,1170,108,17:02:45,2012-07-31
450645,121480,-70.0,1170,108,16:59:39,2012-07-31
450985,121480,-64.0,1170,108,17:02:46,2012-07-31
450635,121485,-70.800003,1170,108,16:59:39,2012-07-31
450630,121490,-71.0,1170,108,16:59:37,2012-07-31
450980,121490,-64.0,1170,108,17:02:47,2012-07-31
450620,121495,-71.0,1170,108,16:59:36,2012-07-31
450975,121495,-64.0,1170,108,17:02:47,2012-07-31
450610,121500,-71.0,1170,108,16:59:35,2012-07-31
450615,121500,-71.0,1170,108,16:59:35,2012-07-31
450975,121500,-64.0,1170,108,17:02:48,2012-07-31
450610,121505,-71.0,1170,108,16:59:35,2012-07-31
450595,121510,-71.0,1170,108,16:59:33,2012-07-31
450600,121510,-71.0,1170,108,16:59:34,2012-07-31
450970,121510,-64.0,1170,108,17:02:49,2012-07-31
450595,121515,-71.0,1170,108,16:59:33,2012-07-31
450965,121515,-63.666668,1170,108,17:02:51,2012-07-31
450960,121525,-63.0,1170,108,17:02:51,2012-07-31
450955,121535,-64.875,1170,108,17:02:52,2012-07-31
454075,127980,-79.5,1170,108,13:57:51,2012-07-31
454080,127985,-79.0,1170,108,13:57:50,2012-07-31
454080,127990,-79.0,1170,108,13:57:50,2012-07-31
454085,127990,-79.0,1170,108,13:57:50,2012-07-31
454085,127995,-79.5,1170,108,13:57:49,2012-07-31
454095,128005,-80.0,1170,108,13:57:49,2012-07-31
454100,128005,-80.0,1170,108,13:57:48,2012-07-31
454105,128010,-80.0,1170,108,13:57:47,2012-07-31
454110,128015,-80.0,1170,108,13:57:47,2012-07-31
454120,128030,-80.0,1170,108,13:57:45,2012-07-31
454125,128040,-80.0,1170,108,13:57:45,2012-07-31
454130,128045,-80.75,1170,108,13:57:44,2012-07-31
454140,128060,-80.333336,1170,108,13:57:42,2012-07-31
454150,128075,-78.666664,1170,108,13:57:41,2012-07-31
454160,128085,-78.0,1170,108,13:57:40,2012-07-31
454170,128090,-78.0,1170,108,13:57:39,2012-07-31
454180,128095,-78.0,1170,108,13:57:38,2012-07-31
454185,128100,-78.0,1170,108,13:57:37,2012-07-31
454195,128105,-78.0,1170,108,13:57:37,2012-07-31
454210,128110,-78.0,1170,108,13:57:35,2012-07-31
454220,128110,-78.0,1170,108,13:57:35,2012-07-31
454225,128115,-78.0,1170,108,13:57:34,2012-07-31
454245,128120,-78.0,1170,108,13:57:33,2012-07-31
452630,130040,-86.0,1170,108,13:30:19,2012-07-31
452635,130040,-86.0,1170,108,13:30:20,2012-07-31
452640,130040,-87.199997,1170,108,13:30:20,2012-07-31
452625,130045,-86.0,1170,108,13:30:19,2012-07-31
452630,130045,-86.0,1170,108,13:30:19,2012-07-31
452620,130050,-85.0,1170,108,13:30:18,2012-07-31
452615,130055,-84.0,1170,108,13:30:18,2012-07-31
452605,130065,-80.666664,1170,108,13:30:16,2012-07-31
452595,130080,-70.333336,1170,108,13:30:15,2012-07-31
452585,130095,-66.0,1170,108,13:30:14,2012-07-31
452570,130115,-66.0,1170,108,13:30:12,2012-07-31
452565,130120,-66.0,1170,108,13:30:12,2012-07-31
452560,130125,-66.0,1170,108,13:30:11,2012-07-31
452550,130135,-66.0,1170,108,13:30:10,2012-07-31
452555,130135,-66.0,1170,108,13:30:10,2012-07-31
452545,130140,-66.0,1170,108,13:30:09,2012-07-31
452490,130490,-70.0,1170,108,13:21:45,2012-07-31
452470,130530,-70.0,1170,108,13:21:48,2012-07-31
452465,130545,-70.0,1170,108,13:21:49,2012-07-31
452465,130550,-70.0,1170,108,13:21:49,2012-07-31
452465,130565,-70.0,1170,108,13:21:50,2012-07-31
452455,130595,-73.0,1170,108,13:21:51,2012-07-31
452455,130610,-73.0,1170,108,13:21:52,2012-07-31
452455,130615,-72.5,1170,108,13:21:52,2012-07-31
452455,130620,-72.0,1170,108,13:21:53,2012-07-31
452455,130630,-72.0,1170,108,13:21:54,2012-07-31
462700,101965,-61.0,1170,108,15:13:18,2012-07-30
462700,101980,-61.0,1170,108,15:13:17,2012-07-30
462705,101985,-64.0,1170,108,15:02:37,2012-07-26
462710,102000,-64.0,1170,108,15:02:36,2012-07-26
462710,102015,-64.599998,1170,108,15:02:34,2012-07-26
462715,102020,-65.0,1170,108,15:02:34,2012-07-26
462715,102030,-65.0,1170,108,15:02:33,2012-07-26
462720,102030,-65.0,1170,108,15:02:33,2012-07-26
462720,102035,-65.0,1170,108,15:02:32,2012-07-26
462720,102040,-65.0,1170,108,15:02:32,2012-07-26
462675,102290,-64.0,1170,108,15:02:02,2012-07-26
462675,102300,-64.0,1170,108,15:02:01,2012-07-26
450690,120570,-55.0,1170,108,12:46:18,2012-07-31
450685,120585,-53.888889,1170,108,12:46:17,2012-07-31
450685,120600,-53.0,1170,108,12:46:17,2012-07-31
450680,120610,-53.0,1170,108,12:46:16,2012-07-31
450980,120615,-62.57143,1170,108,18:49:45,2012-07-27
450995,120620,-63.0,1170,108,18:49:44,2012-07-27
451020,120630,-63.666668,1170,108,18:49:42,2012-07-27
450670,120635,-52.25,1170,108,12:46:14,2012-07-31
451035,120640,-63.333332,1170,108,18:49:41,2012-07-27
450665,120645,-52.0,1170,108,12:46:13,2012-07-31
451070,120655,-62.25,1170,108,18:49:39,2012-07-27
450660,120660,-52.0,1170,108,12:46:12,2012-07-31
451085,120660,-59.333332,1170,108,18:49:38,2012-07-27
451105,120670,-56.5,1170,108,18:49:37,2012-07-27
450655,120675,-51.333332,1170,108,12:46:11,2012-07-31
451135,120685,-53.0,1170,108,18:49:35,2012-07-27
451150,120690,-50.666668,1170,108,18:49:34,2012-07-27
450645,120700,-48.75,1170,108,12:46:08,2012-07-31
451170,120700,-50.0,1170,108,18:49:33,2012-07-27
450645,120705,-48.0,1170,108,12:46:08,2012-07-31
451185,120705,-49.090908,1170,108,18:49:31,2012-07-27
450640,120710,-48.0,1170,108,12:46:07,2012-07-31
450640,120715,-46.5,1170,108,12:46:06,2012-07-31
451210,120715,-49.0,1170,108,18:49:31,2012-07-27
450635,120720,-46.0,1170,108,12:46:05,2012-07-31
450635,120725,-45.333332,1170,108,12:46:05,2012-07-31
451225,120725,-49.666668,1170,108,18:49:30,2012-07-27
450620,120730,-43.466667,1170,108,12:45:56,2012-07-31
450625,120730,-44.333332,1170,108,12:46:02,2012-07-31
450630,120730,-45.0,1170,108,12:46:03,2012-07-31
450605,120735,-54.25,1170,108,12:45:52,2012-07-31
450610,120735,-51.0,1170,108,12:45:53,2012-07-31
450620,120735,-47.666668,1170,108,12:45:55,2012-07-31
450525,120740,-45.0,1170,108,12:45:28,2012-07-31
450530,120740,-45.0,1170,108,12:45:28,2012-07-31
450600,120740,-56.599998,1170,108,12:45:51,2012-07-31
451255,120740,-48.666668,1170,108,18:49:28,2012-07-27
450535,120745,-45.0,1170,108,12:45:30,2012-07-31
450595,120745,-57.0,1170,108,12:45:50,2012-07-31
451275,120745,-48.0,1170,108,18:49:27,2012-07-27
450540,120750,-45.0,1170,108,12:45:32,2012-07-31
450590,120750,-58.555557,1170,108,12:45:49,2012-07-31
450540,120755,-45.0,1170,108,12:45:34,2012-07-31
451290,120755,-49.799999,1170,108,18:49:25,2012-07-27
450540,120760,-45.0,1170,108,12:45:35,2012-07-31
450585,120760,-50.0,1170,108,12:45:46,2012-07-31
450590,120760,-55.0,1170,108,12:45:48,2012-07-31
451310,120760,-52.333332,1170,108,18:49:24,2012-07-27
450585,120765,-47.5,1170,108,12:45:45,2012-07-31
451325,120765,-53.0,1170,108,18:49:23,2012-07-27
450545,120770,-45.0,1170,108,12:45:37,2012-07-31
450550,120770,-45.0,1170,108,12:45:37,2012-07-31
450575,120770,-42.0,1170,108,12:45:42,2012-07-31
450580,120770,-45.0,1170,108,12:45:44,2012-07-31
451335,120770,-55.666668,1170,108,18:49:23,2012-07-27
450555,120775,-45.0,1170,108,12:45:39,2012-07-31
450560,120775,-44.75,1170,108,12:45:39,2012-07-31
450565,120775,-43.0,1170,108,12:45:41,2012-07-31
450610,120785,-46.0,1170,108,12:47:41,2012-07-31
451355,120785,-59.0,1170,108,18:49:21,2012-07-27
450605,120795,-46.0,1170,108,12:47:42,2012-07-31
451380,120795,-60.75,1170,108,18:49:20,2012-07-27
450605,120800,-46.0,1170,108,12:47:42,2012-07-31
451390,120800,-61.0,1170,108,18:49:19,2012-07-27
451395,120805,-62.5,1170,108,18:49:18,2012-07-27
450595,120815,-46.0,1170,108,12:47:44,2012-07-31
451420,120815,-63.666668,1170,108,18:49:17,2012-07-27
450590,120820,-46.0,1170,108,12:47:44,2012-07-31
451430,120820,-64.0,1170,108,18:49:16,2012-07-27
451445,120830,-62.5,1170,108,18:49:15,2012-07-27
450585,120835,-46.0,1170,108,12:47:45,2012-07-31
451465,120840,-62.666668,1170,108,18:49:14,2012-07-27
450760,120845,-47.0,1170,108,15:06:49,2012-07-27
450575,120850,-48.0,1170,108,12:47:46,2012-07-31
451480,120850,-63.0,1170,108,18:49:12,2012-07-27
450570,120855,-52.0,1170,108,12:47:47,2012-07-31
451490,120855,-63.0,1170,108,18:49:12,2012-07-27
451495,120855,-63.0,1170,108,18:49:12,2012-07-27
450745,120860,-47.0,1170,108,15:06:51,2012-07-27
450565,120865,-53.0,1170,108,12:47:48,2012-07-31
450570,120865,-52.25,1170,108,12:47:48,2012-07-31
450740,120865,-47.0,1170,108,15:06:51,2012-07-27
450745,120865,-47.0,1170,108,15:06:51,2012-07-27
451505,120865,-62.25,1170,108,18:49:11,2012-07-27
450565,120870,-53.0,1170,108,12:47:49,2012-07-31
450735,120870,-47.0,1170,108,15:06:52,2012-07-27
450560,120875,-53.0,1170,108,12:47:49,2012-07-31
450730,120875,-47.0,1170,108,15:06:53,2012-07-27
451520,120875,-59.333332,1170,108,18:49:10,2012-07-27
450560,120880,-55.400002,1170,108,12:47:49,2012-07-31
450730,120880,-47.0,1170,108,15:06:53,2012-07-27
451535,120880,-57.25,1170,108,18:49:08,2012-07-27
450555,120890,-57.0,1170,108,12:47:50,2012-07-31
450720,120890,-47.0,1170,108,15:06:53,2012-07-27
451545,120890,-57.0,1170,108,18:49:07,2012-07-27
450715,120895,-47.0,1170,108,15:06:54,2012-07-27
451550,120895,-56.333332,1170,108,18:49:07,2012-07-27
450550,120900,-57.333332,1170,108,12:47:51,2012-07-31
450710,120900,-48.5,1170,108,15:06:55,2012-07-27
451565,120900,-56.0,1170,108,18:49:06,2012-07-27
451570,120905,-54.0,1170,108,18:49:06,2012-07-27
450700,120910,-54.666668,1170,108,15:06:56,2012-07-27
451580,120910,-53.0,1170,108,18:49:05,2012-07-27
450540,120915,-58.5,1170,108,12:47:52,2012-07-31
451585,120915,-51.5,1170,108,18:49:04,2012-07-27
450535,120920,-60.0,1170,108,12:47:53,2012-07-31
451590,120920,-51.0,1170,108,18:49:03,2012-07-27
451595,120920,-53.400002,1170,108,18:49:03,2012-07-27
450685,120925,-59.0,1170,108,15:06:58,2012-07-27
450690,120925,-61.0,1170,108,15:06:58,2012-07-27
451600,120925,-54.0,1170,108,18:49:02,2012-07-27
450535,120930,-60.0,1170,108,12:47:54,2012-07-31
451605,120930,-54.666668,1170,108,18:49:01,2012-07-27
450530,120935,-60.0,1170,108,12:47:54,2012-07-31
450680,120935,-62.5,1170,108,15:06:59,2012-07-27
451610,120935,-55.0,1170,108,18:49:00,2012-07-27
451615,120940,-55.0,1170,108,18:48:59,2012-07-27
451620,120940,-55.0,1170,108,18:48:59,2012-07-27
450525,120945,-60.25,1170,108,12:47:55,2012-07-31
451620,120945,-55.0,1170,108,18:48:58,2012-07-27
450520,120950,-61.0,1170,108,12:47:56,2012-07-31
450670,120950,-64.0,1170,108,15:07:00,2012-07-27
451630,120950,-55.0,1170,108,18:48:57,2012-07-27
450520,120955,-60.0,1170,108,12:47:56,2012-07-31
450660,120955,-63.0,1170,108,15:07:01,2012-07-27
450665,120955,-63.666668,1170,108,15:07:00,2012-07-27
451635,120955,-55.0,1170,108,18:48:56,2012-07-27
451645,120960,-55.0,1170,108,18:48:56,2012-07-27
450655,120965,-62.0,1170,108,15:07:02,2012-07-27
450515,120970,-59.5,1170,108,12:47:58,2012-07-31
450645,120980,-59.25,1170,108,15:07:03,2012-07-27
450505,120985,-59.75,1170,108,12:47:59,2012-07-31
450635,120985,-57.0,1170,108,15:07:04,2012-07-27
450500,120995,-59.25,1170,108,12:48:01,2012-07-31
450625,120995,-58.0,1170,108,15:07:05,2012-07-27
450630,120995,-57.400002,1170,108,15:07:05,2012-07-27
450625,121000,-58.0,1170,108,15:07:05,2012-07-27
450620,121005,-58.0,1170,108,15:07:06,2012-07-27
450495,121010,-60.0,1170,108,12:48:01,2012-07-31
450615,121010,-58.0,1170,108,15:07:07,2012-07-27
450610,121015,-58.0,1170,108,15:07:07,2012-07-27
450605,121020,-62.0,1170,108,15:07:08,2012-07-27
450610,121020,-59.333332,1170,108,15:07:08,2012-07-27
450485,121025,-60.0,1170,108,12:48:02,2012-07-31
450595,121030,-62.0,1170,108,15:07:09,2012-07-27
450590,121035,-62.0,1170,108,15:07:09,2012-07-27
450590,121040,-62.0,1170,108,15:07:10,2012-07-27
450575,121045,-61.0,1170,108,15:07:11,2012-07-27
450580,121045,-61.599998,1170,108,15:07:10,2012-07-27
450570,121050,-61.0,1170,108,15:07:11,2012-07-27
450575,121050,-61.0,1170,108,15:07:11,2012-07-27
451185,121065,-49.666668,1170,108,17:00:33,2012-07-31
451200,121065,-51.333332,1170,108,17:00:34,2012-07-31
451225,121065,-52.333332,1170,108,17:00:35,2012-07-31
450465,121070,-54.0,1170,108,15:08:01,2012-07-27
451160,121070,-51.0,1170,108,17:00:30,2012-07-31
451165,121070,-50.5,1170,108,17:00:31,2012-07-31
451240,121070,-53.5,1170,108,17:00:37,2012-07-31
451245,121070,-55.0,1170,108,17:00:37,2012-07-31
450460,121075,-54.0,1170,108,15:08:02,2012-07-27
451155,121075,-51.0,1170,108,17:00:30,2012-07-31
451245,121075,-55.0,1170,108,17:00:37,2012-07-31
451250,121075,-55.0,1170,108,17:00:38,2012-07-31
451255,121075,-55.333332,1170,108,17:00:38,2012-07-31
450455,121080,-54.0,1170,108,15:08:03,2012-07-27
451255,121080,-56.0,1170,108,17:00:39,2012-07-31
451260,121080,-56.0,1170,108,17:00:39,2012-07-31
451135,121085,-51.0,1170,108,17:00:28,2012-07-31
451260,121085,-55.799999,1170,108,17:00:40,2012-07-31
451265,121085,-55.0,1170,108,17:00:40,2012-07-31
451270,121090,-53.633335,1170,108,17:00:44,2012-07-31
451275,121090,-52.23077,1170,108,17:00:45,2012-07-31
450450,121095,-54.0,1170,108,15:08:04,2012-07-27
451125,121095,-51.0,1170,108,17:00:27,2012-07-31
451270,121095,-52.450382,1170,108,17:01:11,2012-07-31
451275,121095,-53.900002,1170,108,17:00:59,2012-07-31
451115,121100,-51.0,1170,108,17:00:26,2012-07-31
451275,121100,-54.099998,1170,108,17:01:44,2012-07-31
451280,121100,-55.0,1170,108,17:01:45,2012-07-31
450445,121105,-54.0,1170,108,15:08:05,2012-07-27
451110,121105,-51.0,1170,108,17:00:26,2012-07-31
451280,121105,-56.297298,1170,108,17:01:46,2012-07-31
451280,121110,-57.333332,1170,108,17:01:57,2012-07-31
450440,121115,-54.42857,1170,108,15:08:06,2012-07-27
451280,121115,-57.666668,1170,108,17:01:59,2012-07-31
451100,121120,-50.333332,1170,108,17:00:24,2012-07-31
451270,121125,-57.0,1170,108,17:02:01,2012-07-31
451275,121125,-57.0,1170,108,17:02:00,2012-07-31
451085,121130,-48.666668,1170,108,17:00:23,2012-07-31
451265,121130,-57.0,1170,108,17:02:02,2012-07-31
450420,121140,-57.333332,1170,108,15:08:08,2012-07-27
451260,121140,-56.333332,1170,108,17:02:03,2012-07-31
451070,121145,-48.666668,1170,108,17:00:21,2012-07-31
450415,121150,-58.75,1170,108,15:08:10,2012-07-27
451250,121155,-54.666668,1170,108,17:02:04,2012-07-31
450405,121160,-61.0,1170,108,15:08:10,2012-07-27
451060,121160,-50.333332,1170,108,17:00:20,2012-07-31
451250,121160,-54.0,1170,108,17:02:05,2012-07-31
451055,121165,-51.0,1170,108,17:00:19,2012-07-31
451245,121165,-54.25,1170,108,17:02:06,2012-07-31
451050,121170,-53.25,1170,108,17:00:18,2012-07-31
451230,121175,-54.0,1170,108,17:02:07,2012-07-31
451235,121175,-54.75,1170,108,17:02:07,2012-07-31
451035,121180,-53.25,1170,108,17:00:17,2012-07-31
451040,121180,-54.0,1170,108,17:00:18,2012-07-31
451225,121180,-54.0,1170,108,17:02:08,2012-07-31
450390,121185,-62.200001,1170,108,15:08:12,2012-07-27
451220,121185,-54.25,1170,108,17:02:09,2012-07-31
451030,121190,-53.0,1170,108,17:00:16,2012-07-31
451210,121190,-55.0,1170,108,17:02:09,2012-07-31
451215,121190,-55.0,1170,108,17:02:09,2012-07-31
450380,121195,-64.800003,1170,108,15:08:14,2012-07-27
451020,121195,-54.333332,1170,108,17:00:16,2012-07-31
451205,121195,-55.0,1170,108,17:02:10,2012-07-31
451205,121200,-54.599998,1170,108,17:02:10,2012-07-31
451200,121205,-53.0,1170,108,17:02:11,2012-07-31
451010,121210,-55.75,1170,108,17:00:14,2012-07-31
451195,121210,-53.599998,1170,108,17:02:11,2012-07-31
450355,121215,-66.5,1170,108,15:08:15,2012-07-27
450360,121215,-66.0,1170,108,15:08:15,2012-07-27
451000,121215,-56.0,1170,108,17:00:14,2012-07-31
451185,121215,-53.666668,1170,108,17:02:13,2012-07-31
450355,121220,-67.0,1170,108,15:08:16,2012-07-27
450995,121225,-56.666668,1170,108,17:00:13,2012-07-31
451170,121230,-53.333332,1170,108,17:02:14,2012-07-31
450975,121240,-57.0,1170,108,17:00:11,2012-07-31
451160,121240,-55.0,1170,108,17:02:16,2012-07-31
451145,121250,-56.333332,1170,108,17:02:17,2012-07-31
450965,121255,-57.599998,1170,108,17:00:10,2012-07-31
451140,121255,-57.666668,1170,108,17:02:18,2012-07-31
450955,121265,-58.0,1170,108,17:00:09,2012-07-31
451130,121265,-59.666668,1170,108,17:02:20,2012-07-31
451125,121275,-61.0,1170,108,17:02:20,2012-07-31
451120,121280,-61.5,1170,108,17:02:21,2012-07-31
450935,121285,-58.200001,1170,108,17:00:07,2012-07-31
451115,121285,-62.166668,1170,108,17:02:22,2012-07-31
450925,121295,-59.0,1170,108,17:00:06,2012-07-31
451110,121295,-63.166668,1170,108,17:02:23,2012-07-31
450910,121305,-58.25,1170,108,17:00:06,2012-07-31
450900,121315,-58.0,1170,108,17:00:04,2012-07-31
450890,121325,-59.333332,1170,108,17:00:03,2012-07-31
450870,121340,-60.666668,1170,108,17:00:02,2012-07-31
450860,121350,-62.333332,1170,108,17:00:00,2012-07-31
450835,121365,-65.25,1170,108,16:59:59,2012-07-31
450825,121375,-66.0,1170,108,16:59:57,2012-07-31
450815,121380,-66.666664,1170,108,16:59:56,2012-07-31
450805,121390,-67.0,1170,108,16:59:55,2012-07-31
450795,121395,-67.75,1170,108,16:59:54,2012-07-31
450785,121400,-66.5,1170,108,16:59:53,2012-07-31
450770,121410,-66.0,1170,108,16:59:52,2012-07-31
450760,121415,-66.0,1170,108,16:59:51,2012-07-31
450750,121420,-66.0,1170,108,16:59:50,2012-07-31
450740,121425,-65.25,1170,108,16:59:49,2012-07-31
450735,121430,-65.0,1170,108,16:59:48,2012-07-31
450720,121440,-64.199997,1170,108,16:59:47,2012-07-31
450705,121445,-68.666664,1170,108,16:59:45,2012-07-31
450710,121445,-66.666664,1170,108,16:59:46,2012-07-31
450685,121455,-69.666664,1170,108,16:59:43,2012-07-31
451000,121455,-64.0,1170,108,17:02:43,2012-07-31
450995,121460,-64.0,1170,108,17:02:43,2012-07-31
450990,121465,-64.0,1170,108,17:02:45,2012-07-31
450665,121470,-70.0,1170,108,16:59:41,2012-07-31
450655,121475,-70.0,1170,108,16:59:40,2012-07-31
450985,121475,-64.0,1170,108,17:02:45,2012-07-31
450645,121480,-70.0,1170,108,16:59:39,2012-07-31
450985,121480,-64.0,1170,108,17:02:46,2012-07-31
450635,121485,-70.800003,1170,108,16:59:39,2012-07-31
450630,121490,-71.0,1170,108,16:59:37,2012-07-31
450980,121490,-64.0,1170,108,17:02:47,2012-07-31
450620,121495,-71.0,1170,108,16:59:36,2012-07-31
450975,121495,-64.0,1170,108,17:02:47,2012-07-31
450610,121500,-71.0,1170,108,16:59:35,2012-07-31
450615,121500,-71.0,1170,108,16:59:35,2012-07-31
450975,121500,-64.0,1170,108,17:02:48,2012-07-31
450610,121505,-71.0,1170,108,16:59:35,2012-07-31
450595,121510,-71.0,1170,108,16:59:33,2012-07-31
450600,121510,-71.0,1170,108,16:59:34,2012-07-31
450970,121510,-64.0,1170,108,17:02:49,2012-07-31
450595,121515,-71.0,1170,108,16:59:33,2012-07-31
450965,121515,-63.666668,1170,108,17:02:51,2012-07-31
450960,121525,-63.0,1170,108,17:02:51,2012-07-31
450955,121535,-64.875,1170,108,17:02:52,2012-07-31
454075,127980,-79.5,1170,108,13:57:51,2012-07-31
454080,127985,-79.0,1170,108,13:57:50,2012-07-31
454080,127990,-79.0,1170,108,13:57:50,2012-07-31
454085,127990,-79.0,1170,108,13:57:50,2012-07-31
454085,127995,-79.5,1170,108,13:57:49,2012-07-31
454095,128005,-80.0,1170,108,13:57:49,2012-07-31
454100,128005,-80.0,1170,108,13:57:48,2012-07-31
454105,128010,-80.0,1170,108,13:57:47,2012-07-31
454110,128015,-80.0,1170,108,13:57:47,2012-07-31
454120,128030,-80.0,1170,108,13:57:45,2012-07-31
454125,128040,-80.0,1170,108,13:57:45,2012-07-31
454130,128045,-80.75,1170,108,13:57:44,2012-07-31
454140,128060,-80.333336,1170,108,13:57:42,2012-07-31
454150,128075,-78.666664,1170,108,13:57:41,2012-07-31
454160,128085,-78.0,1170,108,13:57:40,2012-07-31
454170,128090,-78.0,1170,108,13:57:39,2012-07-31
454180,128095,-78.0,1170,108,13:57:38,2012-07-31
454185,128100,-78.0,1170,108,13:57:37,2012-07-31
454195,128105,-78.0,1170,108,13:57:37,2012-07-31
454210,128110,-78.0,1170,108,13:57:35,2012-07-31
454220,128110,-78.0,1170,108,13:57:35,2012-07-31
454225,128115,-78.0,1170,108,13:57:34,2012-07-31
454245,128120,-78.0,1170,108,13:57:33,2012-07-31
452630,130040,-86.0,1170,108,13:30:19,2012-07-31
452635,130040,-86.0,1170,108,13:30:20,2012-07-31
452640,130040,-87.199997,1170,108,13:30:20,2012-07-31
452625,130045,-86.0,1170,108,13:30:19,2012-07-31
452630,130045,-86.0,1170,108,13:30:19,2012-07-31
452620,130050,-85.0,1170,108,13:30:18,2012-07-31
452615,130055,-84.0,1170,108,13:30:18,2012-07-31
452605,130065,-80.666664,1170,108,13:30:16,2012-07-31
452595,130080,-70.333336,1170,108,13:30:15,2012-07-31
452585,130095,-66.0,1170,108,13:30:14,2012-07-31
452570,130115,-66.0,1170,108,13:30:12,2012-07-31
452565,130120,-66.0,1170,108,13:30:12,2012-07-31
452560,130125,-66.0,1170,108,13:30:11,2012-07-31
452550,130135,-66.0,1170,108,13:30:10,2012-07-31
452555,130135,-66.0,1170,108,13:30:10,2012-07-31
452545,130140,-66.0,1170,108,13:30:09,2012-07-31
452490,130490,-70.0,1170,108,13:21:45,2012-07-31
452470,130530,-70.0,1170,108,13:21:48,2012-07-31
452465,130545,-70.0,1170,108,13:21:49,2012-07-31
452465,130550,-70.0,1170,108,13:21:49,2012-07-31
452465,130565,-70.0,1170,108,13:21:50,2012-07-31
452455,130595,-73.0,1170,108,13:21:51,2012-07-31
452455,130610,-73.0,1170,108,13:21:52,2012-07-31
452455,130615,-72.5,1170,108,13:21:52,2012-07-31
452455,130620,-72.0,1170,108,13:21:53,2012-07-31
452455,130630,-72.0,1170,108,13:21:54,2012-07-31
