445030,118925,-81.0,400,120,11:50:13,2012-07-30
445035,118930,-81.0,400,120,11:50:18,2012-07-30
445020,118960,-81.0,400,120,11:50:01,2012-07-30
445020,118965,-81.0,400,120,11:50:00,2012-07-30
445020,118970,-81.0,400,120,11:50:00,2012-07-30
445020,118975,-81.0,400,120,11:49:59,2012-07-30
445020,118985,-81.0,400,120,11:49:58,2012-07-30
445025,118995,-81.0,400,120,11:49:57,2012-07-30
445025,119000,-83.285713,400,120,11:49:56,2012-07-30
445020,119010,-86.0,400,120,11:50:41,2012-07-30
445025,119010,-79.0,400,120,11:49:55,2012-07-30
445020,119015,-86.0,400,120,11:50:42,2012-07-30
445025,119015,-79.666664,400,120,11:49:54,2012-07-30
445015,119025,-86.0,400,120,11:50:43,2012-07-30
445020,119025,-86.0,400,120,11:50:43,2012-07-30
445020,119030,-77.0,400,120,11:49:52,2012-07-30
445020,119040,-73.0,400,120,11:49:52,2012-07-30
445010,119045,-86.0,400,120,11:50:44,2012-07-30
445015,119050,-73.0,400,120,11:49:50,2012-07-30
445005,119060,-83.666664,400,120,11:50:46,2012-07-30
445010,119060,-73.0,400,120,11:49:49,2012-07-30
445005,119065,-79.0,400,120,11:50:46,2012-07-30
445010,119065,-73.0,400,120,11:49:48,2012-07-30
445005,119070,-79.0,400,120,11:50:47,2012-07-30
445005,119075,-79.0,400,120,11:50:47,2012-07-30
445010,119075,-73.0,400,120,11:49:47,2012-07-30
445000,119080,-79.0,400,120,11:50:47,2012-07-30
445005,119085,-73.0,400,120,11:49:46,2012-07-30
444995,119095,-79.0,400,120,11:50:49,2012-07-30
444995,119100,-79.0,400,120,11:50:49,2012-07-30
445005,119105,-73.0,400,120,11:49:44,2012-07-30
444995,119110,-79.0,400,120,11:50:50,2012-07-30
444995,119115,-79.0,400,120,11:50:50,2012-07-30
445000,119115,-71.400002,400,120,11:49:43,2012-07-30
444995,119125,-78.666664,400,120,11:50:51,2012-07-30
445000,119125,-71.0,400,120,11:49:42,2012-07-30
444995,119130,-78.0,400,120,11:50:52,2012-07-30
445000,119130,-70.333336,400,120,11:49:42,2012-07-30
444995,119135,-77.599998,400,120,11:50:53,2012-07-30
445000,119140,-70.400002,400,120,11:49:40,2012-07-30
444995,119145,-76.0,400,120,11:50:54,2012-07-30
444825,119150,-89.0,400,120,11:51:13,2012-07-30
444840,119150,-89.0,400,120,11:51:12,2012-07-30
444995,119150,-76.199997,400,120,11:50:55,2012-07-30
444855,119155,-89.0,400,120,11:51:10,2012-07-30
444865,119155,-89.0,400,120,11:51:10,2012-07-30
444870,119155,-89.0,400,120,11:51:09,2012-07-30
444885,119155,-89.0,400,120,11:51:08,2012-07-30
444895,119155,-89.0,400,120,11:51:08,2012-07-30
444910,119155,-89.0,400,120,11:51:06,2012-07-30
444920,119155,-88.5,400,120,11:51:05,2012-07-30
444930,119155,-88.0,400,120,11:51:04,2012-07-30
444945,119155,-88.0,400,120,11:51:04,2012-07-30
444955,119155,-87.199997,400,120,11:51:02,2012-07-30
444960,119155,-86.0,400,120,11:51:01,2012-07-30
444970,119155,-84.0,400,120,11:51:00,2012-07-30
444985,119155,-79.0,400,120,11:50:57,2012-07-30
444990,119155,-77.0,400,120,11:50:56,2012-07-30
445000,119155,-72.333336,400,120,11:49:39,2012-07-30
444995,119160,-74.333336,400,120,11:49:37,2012-07-30
444995,119170,-76.0,400,120,11:49:36,2012-07-30
444995,119175,-77.699997,400,120,11:49:32,2012-07-30
441875,121975,-84.0,400,120,10:59:04,2012-07-30
441880,121975,-84.0,400,120,10:59:04,2012-07-30
441835,121980,-84.0,400,120,10:58:56,2012-07-30
441840,121980,-84.0,400,120,10:58:57,2012-07-30
441845,121980,-84.0,400,120,10:58:58,2012-07-30
441860,121980,-84.0,400,120,10:59:01,2012-07-30
441865,121980,-84.0,400,120,10:59:02,2012-07-30
441870,121980,-84.0,400,120,10:59:03,2012-07-30
441850,121985,-84.0,400,120,10:58:59,2012-07-30
441855,121985,-84.0,400,120,10:59:00,2012-07-30
454990,122315,-68.714287,400,120,18:32:33,2012-07-31
455000,122315,-68.0,400,120,18:32:32,2012-07-31
455030,122315,-68.0,400,120,18:32:32,2012-07-31
455055,122315,-68.0,400,120,18:32:30,2012-07-31
455070,122315,-68.0,400,120,18:32:27,2012-07-31
454950,122320,-67.666664,400,120,18:32:35,2012-07-31
454900,122325,-64.300003,400,120,18:32:37,2012-07-31
454930,122325,-66.0,400,120,18:32:36,2012-07-31
454575,122330,-71.0,400,120,18:32:57,2012-07-31
454580,122330,-71.0,400,120,18:32:56,2012-07-31
454590,122330,-70.400002,400,120,18:32:56,2012-07-31
454595,122330,-70.0,400,120,18:32:55,2012-07-31
454600,122330,-70.0,400,120,18:32:55,2012-07-31
454615,122330,-68.800003,400,120,18:32:54,2012-07-31
454630,122330,-68.0,400,120,18:32:54,2012-07-31
454645,122330,-66.400002,400,120,18:32:52,2012-07-31
454660,122330,-64.0,400,120,18:32:52,2012-07-31
454685,122330,-62.333332,400,120,18:32:50,2012-07-31
454700,122330,-60.666668,400,120,18:32:49,2012-07-31
454735,122330,-60.0,400,120,18:32:47,2012-07-31
454760,122330,-59.200001,400,120,18:32:45,2012-07-31
454775,122330,-58.25,400,120,18:32:44,2012-07-31
454795,122330,-58.0,400,120,18:32:43,2012-07-31
454825,122330,-58.0,400,120,18:32:42,2012-07-31
454840,122330,-58.0,400,120,18:32:41,2012-07-31
454860,122330,-61.333332,400,120,18:32:40,2012-07-31
454880,122330,-63.200001,400,120,18:32:39,2012-07-31
445030,118925,-81.0,400,120,11:50:13,2012-07-30
445035,118930,-81.0,400,120,11:50:18,2012-07-30
445020,118960,-81.0,400,120,11:50:01,2012-07-30
445020,118965,-81.0,400,120,11:50:00,2012-07-30
445020,118970,-81.0,400,120,11:50:00,2012-07-30
445020,118975,-81.0,400,120,11:49:59,2012-07-30
445020,118985,-81.0,400,120,11:49:58,2012-07-30
445025,118995,-81.0,400,120,11:49:57,2012-07-30
445025,119000,-83.285713,400,120,11:49:56,2012-07-30
445020,119010,-86.0,400,120,11:50:41,2012-07-30
445025,119010,-79.0,400,120,11:49:55,2012-07-30
445020,119015,-86.0,400,120,11:50:42,2012-07-30
445025,119015,-79.666664,400,120,11:49:54,2012-07-30
445015,119025,-86.0,400,120,11:50:43,2012-07-30
445020,119025,-86.0,400,120,11:50:43,2012-07-30
445020,119030,-77.0,400,120,11:49:52,2012-07-30
445020,119040,-73.0,400,120,11:49:52,2012-07-30
445010,119045,-86.0,400,120,11:50:44,2012-07-30
445015,119050,-73.0,400,120,11:49:50,2012-07-30
445005,119060,-83.666664,400,120,11:50:46,2012-07-30
445010,119060,-73.0,400,120,11:49:49,2012-07-30
445005,119065,-79.0,400,120,11:50:46,2012-07-30
445010,119065,-73.0,400,120,11:49:48,2012-07-30
445005,119070,-79.0,400,120,11:50:47,2012-07-30
445005,119075,-79.0,400,120,11:50:47,2012-07-30
445010,119075,-73.0,400,120,11:49:47,2012-07-30
445000,119080,-79.0,400,120,11:50:47,2012-07-30
445005,119085,-73.0,400,120,11:49:46,2012-07-30
444995,119095,-79.0,400,120,11:50:49,2012-07-30
444995,119100,-79.0,400,120,11:50:49,2012-07-30
445005,119105,-73.0,400,120,11:49:44,2012-07-30
444995,119110,-79.0,400,120,11:50:50,2012-07-30
444995,119115,-79.0,400,120,11:50:50,2012-07-30
445000,119115,-71.400002,400,120,11:49:43,2012-07-30
444995,119125,-78.666664,400,120,11:50:51,2012-07-30
445000,119125,-71.0,400,120,11:49:42,2012-07-30
444995,119130,-78.0,400,120,11:50:52,2012-07-30
445000,119130,-70.333336,400,120,11:49:42,2012-07-30
444995,119135,-77.599998,400,120,11:50:53,2012-07-30
445000,119140,-70.400002,400,120,11:49:40,2012-07-30
444995,119145,-76.0,400,120,11:50:54,2012-07-30
444825,119150,-89.0,400,120,11:51:13,2012-07-30
444840,119150,-89.0,400,120,11:51:12,2012-07-30
444995,119150,-76.199997,400,120,11:50:55,2012-07-30
444855,119155,-89.0,400,120,11:51:10,2012-07-30
444865,119155,-89.0,400,120,11:51:10,2012-07-30
444870,119155,-89.0,400,120,11:51:09,2012-07-30
444885,119155,-89.0,400,120,11:51:08,2012-07-30
444895,119155,-89.0,400,120,11:51:08,2012-07-30
444910,119155,-89.0,400,120,11:51:06,2012-07-30
444920,119155,-88.5,400,120,11:51:05,2012-07-30
444930,119155,-88.0,400,120,11:51:04,2012-07-30
444945,119155,-88.0,400,120,11:51:04,2012-07-30
444955,119155,-87.199997,400,120,11:51:02,2012-07-30
444960,119155,-86.0,400,120,11:51:01,2012-07-30
444970,119155,-84.0,400,120,11:51:00,2012-07-30
444985,119155,-79.0,400,120,11:50:57,2012-07-30
444990,119155,-77.0,400,120,11:50:56,2012-07-30
445000,119155,-72.333336,400,120,11:49:39,2012-07-30
444995,119160,-74.333336,400,120,11:49:37,2012-07-30
444995,119170,-76.0,400,120,11:49:36,2012-07-30
444995,119175,-77.699997,400,120,11:49:32,2012-07-30
441875,121975,-84.0,400,120,10:59:04,2012-07-30
441880,121975,-84.0,400,120,10:59:04,2012-07-30
441835,121980,-84.0,400,120,10:58:56,2012-07-30
441840,121980,-84.0,400,120,10:58:57,2012-07-30
441845,121980,-84.0,400,120,10:58:58,2012-07-30
441860,121980,-84.0,400,120,10:59:01,2012-07-30
441865,121980,-84.0,400,120,10:59:02,2012-07-30
441870,121980,-84.0,400,120,10:59:03,2012-07-30
441850,121985,-84.0,400,120,10:58:59,2012-07-30
441855,121985,-84.0,400,120,10:59:00,2012-07-30
454990,122315,-68.714287,400,120,18:32:33,2012-07-31
455000,122315,-68.0,400,120,18:32:32,2012-07-31
455030,122315,-68.0,400,120,18:32:32,2012-07-31
455055,122315,-68.0,400,120,18:32:30,2012-07-31
455070,122315,-68.0,400,120,18:32:27,2012-07-31
454950,122320,-67.666664,400,120,18:32:35,2012-07-31
454900,122325,-64.300003,400,120,18:32:37,2012-07-31
454930,122325,-66.0,400,120,18:32:36,2012-07-31
454575,122330,-71.0,400,120,18:32:57,2012-07-31
454580,122330,-71.0,400,120,18:32:56,2012-07-31
454590,122330,-70.400002,400,120,18:32:56,2012-07-31
454595,122330,-70.0,400,120,18:32:55,2012-07-31
454600,122330,-70.0,400,120,18:32:55,2012-07-31
454615,122330,-68.800003,400,120,18:32:54,2012-07-31
454630,122330,-68.0,400,120,18:32:54,2012-07-31
454645,122330,-66.400002,400,120,18:32:52,2012-07-31
454660,122330,-64.0,400,120,18:32:52,2012-07-31
454685,122330,-62.333332,400,120,18:32:50,2012-07-31
454700,122330,-60.666668,400,120,18:32:49,2012-07-31
454735,122330,-60.0,400,120,18:32:47,2012-07-31
454760,122330,-59.200001,400,120,18:32:45,2012-07-31
454775,122330,-58.25,400,120,18:32:44,2012-07-31
454795,122330,-58.0,400,120,18:32:43,2012-07-31
454825,122330,-58.0,400,120,18:32:42,2012-07-31
454840,122330,-58.0,400,120,18:32:41,2012-07-31
454860,122330,-61.333332,400,120,18:32:40,2012-07-31
454880,122330,-63.200001,400,120,18:32:39,2012-07-31
