451655,112860,-81.0,1527,121,11:00:29,2012-07-26
451645,112865,-81.0,1527,121,11:00:29,2012-07-26
451630,112870,-81.0,1527,121,11:00:31,2012-07-26
451625,112875,-81.0,1527,121,11:00:31,2012-07-26
451605,112880,-81.0,1527,121,11:00:33,2012-07-26
451615,112880,-81.0,1527,121,11:00:32,2012-07-26
451580,112890,-82.5,1527,121,11:00:36,2012-07-26
451585,112890,-81.333336,1527,121,11:00:35,2012-07-26
451570,112895,-82.5,1527,121,11:00:36,2012-07-26
451550,112900,-83.0,1527,121,11:00:37,2012-07-26
451510,112905,-82.777779,1527,121,11:00:41,2012-07-26
451520,112905,-83.0,1527,121,11:00:40,2012-07-26
451490,112910,-81.0,1527,121,11:00:42,2012-07-26
451475,112915,-79.800003,1527,121,11:00:43,2012-07-26
451465,112920,-79.400002,1527,121,11:00:44,2012-07-26
453350,112955,-76.0,1527,121,14:22:40,2012-07-27
451085,113305,-74.0,1527,121,11:01:16,2012-07-26
451090,113305,-74.0,1527,121,11:01:16,2012-07-26
451080,113315,-74.0,1527,121,11:01:17,2012-07-26
451075,113325,-74.0,1527,121,11:01:18,2012-07-26
451065,113335,-74.0,1527,121,11:01:18,2012-07-26
451070,113335,-74.0,1527,121,11:01:18,2012-07-26
451060,113350,-74.0,1527,121,11:01:19,2012-07-26
451040,113370,-74.0,1527,121,11:01:20,2012-07-26
451030,113380,-74.0,1527,121,11:01:21,2012-07-26
451020,113390,-77.333336,1527,121,11:01:22,2012-07-26
451010,113395,-84.0,1527,121,11:01:22,2012-07-26
450990,113415,-84.0,1527,121,11:01:23,2012-07-26
450980,113420,-84.0,1527,121,11:01:24,2012-07-26
450970,113430,-83.5,1527,121,11:01:25,2012-07-26
450955,113435,-82.0,1527,121,11:01:25,2012-07-26
450945,113440,-81.333336,1527,121,11:01:26,2012-07-26
450930,113445,-80.0,1527,121,11:01:27,2012-07-26
450925,113450,-79.599998,1527,121,11:01:27,2012-07-26
450930,113450,-80.0,1527,121,11:01:27,2012-07-26
450915,113455,-78.0,1527,121,11:01:28,2012-07-26
450875,113470,-78.666664,1527,121,11:01:30,2012-07-26
450860,113475,-80.400002,1527,121,11:01:32,2012-07-26
450800,113500,-78.0,1527,121,11:01:36,2012-07-26
450790,113505,-75.714287,1527,121,11:01:37,2012-07-26
450220,113850,-65.199997,1527,121,14:34:31,2012-07-26
450210,113855,-65.333336,1527,121,14:34:30,2012-07-26
450200,113860,-66.0,1527,121,14:34:29,2012-07-26
450185,113865,-65.25,1527,121,14:34:28,2012-07-26
450175,113870,-65.75,1527,121,14:34:27,2012-07-26
450170,113875,-66.0,1527,121,14:34:27,2012-07-26
450160,113880,-66.75,1527,121,14:34:26,2012-07-26
450145,113885,-67.0,1527,121,14:34:25,2012-07-26
450125,113900,-66.333336,1527,121,14:34:23,2012-07-26
450075,113930,-69.0,1527,121,14:34:19,2012-07-26
450065,113935,-69.0,1527,121,14:34:18,2012-07-26
450040,113950,-72.75,1527,121,14:34:16,2012-07-26
450045,113950,-71.0,1527,121,14:34:17,2012-07-26
450020,113965,-66.0,1527,121,14:34:15,2012-07-26
448590,113970,-65.0,1527,121,14:32:48,2012-07-26
448610,113970,-65.0,1527,121,14:32:48,2012-07-26
448625,113970,-65.0,1527,121,14:32:49,2012-07-26
448645,113970,-65.0,1527,121,14:32:50,2012-07-26
448660,113970,-65.0,1527,121,14:32:51,2012-07-26
448680,113970,-65.0,1527,121,14:32:52,2012-07-26
448695,113970,-65.0,1527,121,14:32:53,2012-07-26
448715,113970,-65.0,1527,121,14:32:55,2012-07-26
448760,113970,-65.0,1527,121,14:32:56,2012-07-26
448775,113970,-66.800003,1527,121,14:32:58,2012-07-26
448795,113970,-67.5,1527,121,14:32:59,2012-07-26
448815,113970,-67.0,1527,121,14:32:59,2012-07-26
448830,113970,-66.75,1527,121,14:33:01,2012-07-26
448850,113970,-65.5,1527,121,14:33:02,2012-07-26
448870,113970,-65.0,1527,121,14:33:03,2012-07-26
448885,113970,-65.199997,1527,121,14:33:04,2012-07-26
448910,113970,-66.0,1527,121,14:33:05,2012-07-26
448930,113970,-66.0,1527,121,14:33:07,2012-07-26
448955,113970,-66.0,1527,121,14:33:08,2012-07-26
448970,113970,-66.25,1527,121,14:33:09,2012-07-26
448710,113975,-62.0,1527,121,11:04:08,2012-07-26
448715,113975,-62.0,1527,121,11:04:05,2012-07-26
448720,113975,-62.0,1527,121,11:04:04,2012-07-26
448730,113975,-62.0,1527,121,11:04:03,2012-07-26
448735,113975,-62.0,1527,121,11:04:02,2012-07-26
448985,113975,-67.0,1527,121,14:33:10,2012-07-26
449005,113975,-67.0,1527,121,14:33:11,2012-07-26
449020,113975,-67.0,1527,121,14:33:12,2012-07-26
449035,113975,-66.666664,1527,121,14:33:13,2012-07-26
450005,113975,-66.0,1527,121,14:34:13,2012-07-26
449070,113980,-66.0,1527,121,14:33:15,2012-07-26
449075,113980,-66.0,1527,121,14:33:15,2012-07-26
449990,113980,-66.0,1527,121,14:34:12,2012-07-26
449995,113980,-66.0,1527,121,14:34:13,2012-07-26
449070,113985,-65.0,1527,121,11:03:38,2012-07-26
449085,113985,-65.0,1527,121,11:03:37,2012-07-26
449090,113985,-63.666668,1527,121,11:03:37,2012-07-26
449095,113985,-63.0,1527,121,11:03:36,2012-07-26
449100,113985,-66.0,1527,121,14:33:16,2012-07-26
449105,113985,-66.0,1527,121,14:33:17,2012-07-26
449120,113985,-66.0,1527,121,14:33:17,2012-07-26
449985,113985,-66.0,1527,121,14:34:12,2012-07-26
449990,113985,-55.0,1527,121,11:02:45,2012-07-26
449110,113990,-63.0,1527,121,11:03:36,2012-07-26
449120,113990,-57.666668,1527,121,11:03:35,2012-07-26
449140,113990,-66.0,1527,121,14:33:19,2012-07-26
449985,113990,-66.0,1527,121,14:34:12,2012-07-26
449150,113995,-55.0,1527,121,11:03:34,2012-07-26
449160,113995,-65.5,1527,121,14:33:20,2012-07-26
449170,113995,-64.0,1527,121,14:33:21,2012-07-26
449970,113995,-66.0,1527,121,14:34:11,2012-07-26
449975,113995,-66.0,1527,121,14:34:11,2012-07-26
449175,114000,-64.0,1527,121,14:33:21,2012-07-26
449180,114000,-64.0,1527,121,14:33:21,2012-07-26
449185,114000,-63.25,1527,121,14:33:22,2012-07-26
449190,114000,-61.0,1527,121,14:33:22,2012-07-26
449960,114000,-66.0,1527,121,14:34:10,2012-07-26
449965,114000,-55.0,1527,121,11:02:46,2012-07-26
449180,114005,-55.0,1527,121,11:03:32,2012-07-26
449190,114005,-55.0,1527,121,11:03:32,2012-07-26
449195,114005,-55.0,1527,121,11:03:32,2012-07-26
449205,114005,-60.0,1527,121,14:33:23,2012-07-26
449955,114005,-55.0,1527,121,11:02:47,2012-07-26
449960,114005,-55.0,1527,121,11:02:47,2012-07-26
449205,114010,-55.0,1527,121,11:03:31,2012-07-26
449230,114010,-57.75,1527,121,14:33:25,2012-07-26
449945,114010,-66.0,1527,121,14:34:09,2012-07-26
449950,114010,-55.0,1527,121,11:02:47,2012-07-26
449955,114010,-55.0,1527,121,11:02:47,2012-07-26
449225,114015,-55.0,1527,121,11:03:30,2012-07-26
449230,114015,-55.0,1527,121,11:03:30,2012-07-26
449240,114015,-57.0,1527,121,14:33:25,2012-07-26
449255,114020,-56.333332,1527,121,14:33:26,2012-07-26
449935,114020,-55.0,1527,121,11:02:48,2012-07-26
449270,114025,-55.0,1527,121,14:33:27,2012-07-26
449290,114030,-54.666668,1527,121,14:33:29,2012-07-26
449295,114030,-54.200001,1527,121,14:33:29,2012-07-26
449915,114030,-55.0,1527,121,11:02:49,2012-07-26
449335,114045,-55.0,1527,121,14:33:32,2012-07-26
449340,114045,-54.666668,1527,121,14:33:33,2012-07-26
449890,114045,-55.0,1527,121,11:02:51,2012-07-26
449365,114055,-56.0,1527,121,14:33:34,2012-07-26
449370,114055,-54.0,1527,121,14:33:34,2012-07-26
449880,114055,-55.0,1527,121,11:02:51,2012-07-26
449380,114060,-56.666668,1527,121,14:33:36,2012-07-26
449395,114060,-58.666668,1527,121,14:33:37,2012-07-26
449870,114060,-55.0,1527,121,11:02:52,2012-07-26
449425,114070,-61.200001,1527,121,14:33:39,2012-07-26
449440,114075,-63.0,1527,121,14:33:40,2012-07-26
449845,114075,-55.0,1527,121,11:02:54,2012-07-26
449455,114080,-63.0,1527,121,14:33:41,2012-07-26
449470,114085,-63.583332,1527,121,14:33:41,2012-07-26
449485,114090,-64.0,1527,121,14:33:42,2012-07-26
449495,114090,-64.0,1527,121,14:33:43,2012-07-26
449815,114090,-56.333332,1527,121,11:02:55,2012-07-26
449510,114095,-64.0,1527,121,14:33:44,2012-07-26
449800,114095,-59.0,1527,121,11:02:56,2012-07-26
449810,114095,-59.0,1527,121,11:02:55,2012-07-26
449785,114100,-59.25,1527,121,11:02:56,2012-07-26
449790,114100,-59.0,1527,121,11:02:56,2012-07-26
449535,114105,-64.0,1527,121,14:33:46,2012-07-26
449775,114105,-60.0,1527,121,11:02:57,2012-07-26
449550,114110,-64.0,1527,121,14:33:47,2012-07-26
449760,114110,-61.0,1527,121,11:02:58,2012-07-26
449585,114115,-67.75,1527,121,14:33:49,2012-07-26
449735,114115,-63.333332,1527,121,11:02:59,2012-07-26
449605,114120,-70.800003,1527,121,14:33:50,2012-07-26
449625,114120,-72.0,1527,121,14:33:50,2012-07-26
449710,114120,-64.666664,1527,121,11:03:01,2012-07-26
449625,114125,-66.400002,1527,121,11:03:05,2012-07-26
449635,114125,-67.0,1527,121,11:03:04,2012-07-26
449645,114125,-67.0,1527,121,11:03:04,2012-07-26
449650,114125,-67.0,1527,121,11:03:03,2012-07-26
449660,114125,-67.0,1527,121,11:03:03,2012-07-26
449670,114125,-67.0,1527,121,11:03:02,2012-07-26
449675,114125,-66.333336,1527,121,11:03:02,2012-07-26
449355,114755,-70.0,1527,121,13:01:16,2012-08-01
449355,114760,-69.400002,1527,121,13:01:17,2012-08-01
449360,114760,-69.0,1527,121,13:01:17,2012-08-01
449360,114765,-69.0,1527,121,13:01:18,2012-08-01
449360,114770,-69.0,1527,121,13:01:18,2012-08-01
449365,114770,-68.285713,1527,121,13:01:19,2012-08-01
449365,114775,-68.0,1527,121,13:01:19,2012-08-01
449365,114780,-68.0,1527,121,13:01:20,2012-08-01
449370,114780,-68.0,1527,121,13:01:20,2012-08-01
449370,114790,-68.0,1527,121,13:01:21,2012-08-01
449375,114790,-68.0,1527,121,13:01:21,2012-08-01
449375,114795,-68.555557,1527,121,13:01:22,2012-08-01
449380,114800,-69.0,1527,121,13:01:23,2012-08-01
449380,114805,-68.75,1527,121,13:01:23,2012-08-01
449385,114820,-68.5,1527,121,13:01:25,2012-08-01
449385,114825,-70.0,1527,121,13:01:25,2012-08-01
449795,114935,-61.0,1527,121,12:16:03,2012-07-31
449800,114935,-61.0,1527,121,12:16:02,2012-07-31
449800,114940,-60.333332,1527,121,12:16:01,2012-07-31
449805,114940,-60.0,1527,121,12:16:00,2012-07-31
449815,114940,-60.0,1527,121,12:15:59,2012-07-31
449830,114945,-60.0,1527,121,12:15:57,2012-07-31
449840,114950,-60.0,1527,121,12:15:56,2012-07-31
449845,114955,-60.0,1527,121,12:15:55,2012-07-31
449855,114955,-60.0,1527,121,12:15:54,2012-07-31
450040,114995,-69.333336,1527,121,12:15:36,2012-07-31
450045,114995,-70.0,1527,121,12:15:36,2012-07-31
450050,114995,-70.0,1527,121,12:15:35,2012-07-31
450055,114995,-69.400002,1527,121,12:15:35,2012-07-31
450060,114995,-69.0,1527,121,12:15:34,2012-07-31
450070,114995,-69.0,1527,121,12:15:33,2012-07-31
450080,114995,-69.0,1527,121,12:15:33,2012-07-31
450090,114995,-68.25,1527,121,12:15:32,2012-07-31
450100,114995,-68.0,1527,121,12:15:30,2012-07-31
450110,114995,-68.0,1527,121,12:15:30,2012-07-31
450115,114995,-68.75,1527,121,12:15:29,2012-07-31
450125,114995,-69.0,1527,121,12:15:28,2012-07-31
450130,115000,-71.25,1527,121,12:15:28,2012-07-31
450140,115000,-72.0,1527,121,12:15:27,2012-07-31
450150,115005,-72.0,1527,121,12:15:26,2012-07-31
450160,115010,-71.333336,1527,121,12:15:25,2012-07-31
450175,115015,-71.0,1527,121,12:15:24,2012-07-31
450180,115015,-72.5,1527,121,12:15:23,2012-07-31
450190,115020,-73.0,1527,121,12:15:23,2012-07-31
450195,115020,-73.666664,1527,121,12:15:22,2012-07-31
450210,115030,-73.25,1527,121,12:15:20,2012-07-31
450215,115035,-73.0,1527,121,12:15:20,2012-07-31
450220,115035,-73.0,1527,121,12:15:19,2012-07-31
450225,115040,-70.333336,1527,121,12:15:19,2012-07-31
450230,115040,-69.0,1527,121,12:15:19,2012-07-31
450235,115040,-69.0,1527,121,12:15:19,2012-07-31
450235,115045,-69.0,1527,121,12:15:18,2012-07-31
450240,115045,-69.0,1527,121,12:15:18,2012-07-31
450245,115050,-69.0,1527,121,12:15:18,2012-07-31
450260,115055,-69.0,1527,121,12:15:16,2012-07-31
450275,115065,-69.0,1527,121,12:15:16,2012-07-31
450285,115070,-69.0,1527,121,12:15:15,2012-07-31
450300,115085,-69.0,1527,121,12:15:13,2012-07-31
450580,115270,-75.0,1527,121,12:14:49,2012-07-31
450585,115270,-73.199997,1527,121,12:14:49,2012-07-31
450585,115275,-72.0,1527,121,12:14:48,2012-07-31
450590,115275,-72.0,1527,121,12:14:48,2012-07-31
450595,115280,-72.0,1527,121,12:14:48,2012-07-31
450600,115280,-72.0,1527,121,12:14:47,2012-07-31
450625,115290,-70.666664,1527,121,12:14:46,2012-07-31
450640,115300,-69.333336,1527,121,12:14:44,2012-07-31
450655,115310,-69.0,1527,121,12:14:43,2012-07-31
450675,115320,-70.333336,1527,121,12:14:42,2012-07-31
450690,115330,-68.333336,1527,121,12:14:40,2012-07-31
450705,115340,-68.333336,1527,121,12:14:39,2012-07-31
450725,115355,-69.0,1527,121,12:14:37,2012-07-31
450735,115360,-69.0,1527,121,12:14:37,2012-07-31
450740,115365,-67.5,1527,121,12:14:36,2012-07-31
450750,115370,-67.0,1527,121,12:14:35,2012-07-31
450755,115375,-67.0,1527,121,12:14:35,2012-07-31
450775,115385,-69.0,1527,121,12:14:33,2012-07-31
450790,115400,-68.666664,1527,121,12:14:32,2012-07-31
450800,115405,-68.0,1527,121,12:14:31,2012-07-31
450805,115410,-68.75,1527,121,12:14:30,2012-07-31
450825,115425,-67.5,1527,121,12:14:29,2012-07-31
450835,115435,-65.5,1527,121,12:14:28,2012-07-31
450850,115450,-64.0,1527,121,12:14:26,2012-07-31
450860,115460,-64.0,1527,121,12:14:25,2012-07-31
450880,115475,-64.666664,1527,121,12:14:23,2012-07-31
450890,115485,-65.599998,1527,121,12:14:22,2012-07-31
450900,115495,-67.199997,1527,121,12:14:20,2012-07-31
450910,115500,-68.0,1527,121,12:14:19,2012-07-31
450920,115505,-68.0,1527,121,12:14:18,2012-07-31
450925,115510,-68.0,1527,121,12:14:18,2012-07-31
450940,115515,-68.75,1527,121,12:14:16,2012-07-31
450950,115525,-69.0,1527,121,12:14:15,2012-07-31
450960,115530,-69.0,1527,121,12:14:13,2012-07-31
450975,115540,-76.5,1527,121,12:14:12,2012-07-31
450980,115545,-79.0,1527,121,12:14:11,2012-07-31
451005,115555,-79.0,1527,121,12:14:07,2012-07-31
451005,115560,-79.0,1527,121,12:14:07,2012-07-31
451015,115565,-79.0,1527,121,12:14:06,2012-07-31
451655,112860,-81.0,1527,121,11:00:29,2012-07-26
451645,112865,-81.0,1527,121,11:00:29,2012-07-26
451630,112870,-81.0,1527,121,11:00:31,2012-07-26
451625,112875,-81.0,1527,121,11:00:31,2012-07-26
451605,112880,-81.0,1527,121,11:00:33,2012-07-26
451615,112880,-81.0,1527,121,11:00:32,2012-07-26
451580,112890,-82.5,1527,121,11:00:36,2012-07-26
451585,112890,-81.333336,1527,121,11:00:35,2012-07-26
451570,112895,-82.5,1527,121,11:00:36,2012-07-26
451550,112900,-83.0,1527,121,11:00:37,2012-07-26
451510,112905,-82.777779,1527,121,11:00:41,2012-07-26
451520,112905,-83.0,1527,121,11:00:40,2012-07-26
451490,112910,-81.0,1527,121,11:00:42,2012-07-26
451475,112915,-79.800003,1527,121,11:00:43,2012-07-26
451465,112920,-79.400002,1527,121,11:00:44,2012-07-26
453350,112955,-76.0,1527,121,14:22:40,2012-07-27
451085,113305,-74.0,1527,121,11:01:16,2012-07-26
451090,113305,-74.0,1527,121,11:01:16,2012-07-26
451080,113315,-74.0,1527,121,11:01:17,2012-07-26
451075,113325,-74.0,1527,121,11:01:18,2012-07-26
451065,113335,-74.0,1527,121,11:01:18,2012-07-26
451070,113335,-74.0,1527,121,11:01:18,2012-07-26
451060,113350,-74.0,1527,121,11:01:19,2012-07-26
451040,113370,-74.0,1527,121,11:01:20,2012-07-26
451030,113380,-74.0,1527,121,11:01:21,2012-07-26
451020,113390,-77.333336,1527,121,11:01:22,2012-07-26
451010,113395,-84.0,1527,121,11:01:22,2012-07-26
450990,113415,-84.0,1527,121,11:01:23,2012-07-26
450980,113420,-84.0,1527,121,11:01:24,2012-07-26
450970,113430,-83.5,1527,121,11:01:25,2012-07-26
450955,113435,-82.0,1527,121,11:01:25,2012-07-26
450945,113440,-81.333336,1527,121,11:01:26,2012-07-26
450930,113445,-80.0,1527,121,11:01:27,2012-07-26
450925,113450,-79.599998,1527,121,11:01:27,2012-07-26
450930,113450,-80.0,1527,121,11:01:27,2012-07-26
450915,113455,-78.0,1527,121,11:01:28,2012-07-26
450875,113470,-78.666664,1527,121,11:01:30,2012-07-26
450860,113475,-80.400002,1527,121,11:01:32,2012-07-26
450800,113500,-78.0,1527,121,11:01:36,2012-07-26
450790,113505,-75.714287,1527,121,11:01:37,2012-07-26
450220,113850,-65.199997,1527,121,14:34:31,2012-07-26
450210,113855,-65.333336,1527,121,14:34:30,2012-07-26
450200,113860,-66.0,1527,121,14:34:29,2012-07-26
450185,113865,-65.25,1527,121,14:34:28,2012-07-26
450175,113870,-65.75,1527,121,14:34:27,2012-07-26
450170,113875,-66.0,1527,121,14:34:27,2012-07-26
450160,113880,-66.75,1527,121,14:34:26,2012-07-26
450145,113885,-67.0,1527,121,14:34:25,2012-07-26
450125,113900,-66.333336,1527,121,14:34:23,2012-07-26
450075,113930,-69.0,1527,121,14:34:19,2012-07-26
450065,113935,-69.0,1527,121,14:34:18,2012-07-26
450040,113950,-72.75,1527,121,14:34:16,2012-07-26
450045,113950,-71.0,1527,121,14:34:17,2012-07-26
450020,113965,-66.0,1527,121,14:34:15,2012-07-26
448590,113970,-65.0,1527,121,14:32:48,2012-07-26
448610,113970,-65.0,1527,121,14:32:48,2012-07-26
448625,113970,-65.0,1527,121,14:32:49,2012-07-26
448645,113970,-65.0,1527,121,14:32:50,2012-07-26
448660,113970,-65.0,1527,121,14:32:51,2012-07-26
448680,113970,-65.0,1527,121,14:32:52,2012-07-26
448695,113970,-65.0,1527,121,14:32:53,2012-07-26
448715,113970,-65.0,1527,121,14:32:55,2012-07-26
448760,113970,-65.0,1527,121,14:32:56,2012-07-26
448775,113970,-66.800003,1527,121,14:32:58,2012-07-26
448795,113970,-67.5,1527,121,14:32:59,2012-07-26
448815,113970,-67.0,1527,121,14:32:59,2012-07-26
448830,113970,-66.75,1527,121,14:33:01,2012-07-26
448850,113970,-65.5,1527,121,14:33:02,2012-07-26
448870,113970,-65.0,1527,121,14:33:03,2012-07-26
448885,113970,-65.199997,1527,121,14:33:04,2012-07-26
448910,113970,-66.0,1527,121,14:33:05,2012-07-26
448930,113970,-66.0,1527,121,14:33:07,2012-07-26
448955,113970,-66.0,1527,121,14:33:08,2012-07-26
448970,113970,-66.25,1527,121,14:33:09,2012-07-26
448710,113975,-62.0,1527,121,11:04:08,2012-07-26
448715,113975,-62.0,1527,121,11:04:05,2012-07-26
448720,113975,-62.0,1527,121,11:04:04,2012-07-26
448730,113975,-62.0,1527,121,11:04:03,2012-07-26
448735,113975,-62.0,1527,121,11:04:02,2012-07-26
448985,113975,-67.0,1527,121,14:33:10,2012-07-26
449005,113975,-67.0,1527,121,14:33:11,2012-07-26
449020,113975,-67.0,1527,121,14:33:12,2012-07-26
449035,113975,-66.666664,1527,121,14:33:13,2012-07-26
450005,113975,-66.0,1527,121,14:34:13,2012-07-26
449070,113980,-66.0,1527,121,14:33:15,2012-07-26
449075,113980,-66.0,1527,121,14:33:15,2012-07-26
449990,113980,-66.0,1527,121,14:34:12,2012-07-26
449995,113980,-66.0,1527,121,14:34:13,2012-07-26
449070,113985,-65.0,1527,121,11:03:38,2012-07-26
449085,113985,-65.0,1527,121,11:03:37,2012-07-26
449090,113985,-63.666668,1527,121,11:03:37,2012-07-26
449095,113985,-63.0,1527,121,11:03:36,2012-07-26
449100,113985,-66.0,1527,121,14:33:16,2012-07-26
449105,113985,-66.0,1527,121,14:33:17,2012-07-26
449120,113985,-66.0,1527,121,14:33:17,2012-07-26
449985,113985,-66.0,1527,121,14:34:12,2012-07-26
449990,113985,-55.0,1527,121,11:02:45,2012-07-26
449110,113990,-63.0,1527,121,11:03:36,2012-07-26
449120,113990,-57.666668,1527,121,11:03:35,2012-07-26
449140,113990,-66.0,1527,121,14:33:19,2012-07-26
449985,113990,-66.0,1527,121,14:34:12,2012-07-26
449150,113995,-55.0,1527,121,11:03:34,2012-07-26
449160,113995,-65.5,1527,121,14:33:20,2012-07-26
449170,113995,-64.0,1527,121,14:33:21,2012-07-26
449970,113995,-66.0,1527,121,14:34:11,2012-07-26
449975,113995,-66.0,1527,121,14:34:11,2012-07-26
449175,114000,-64.0,1527,121,14:33:21,2012-07-26
449180,114000,-64.0,1527,121,14:33:21,2012-07-26
449185,114000,-63.25,1527,121,14:33:22,2012-07-26
449190,114000,-61.0,1527,121,14:33:22,2012-07-26
449960,114000,-66.0,1527,121,14:34:10,2012-07-26
449965,114000,-55.0,1527,121,11:02:46,2012-07-26
449180,114005,-55.0,1527,121,11:03:32,2012-07-26
449190,114005,-55.0,1527,121,11:03:32,2012-07-26
449195,114005,-55.0,1527,121,11:03:32,2012-07-26
449205,114005,-60.0,1527,121,14:33:23,2012-07-26
449955,114005,-55.0,1527,121,11:02:47,2012-07-26
449960,114005,-55.0,1527,121,11:02:47,2012-07-26
449205,114010,-55.0,1527,121,11:03:31,2012-07-26
449230,114010,-57.75,1527,121,14:33:25,2012-07-26
449945,114010,-66.0,1527,121,14:34:09,2012-07-26
449950,114010,-55.0,1527,121,11:02:47,2012-07-26
449955,114010,-55.0,1527,121,11:02:47,2012-07-26
449225,114015,-55.0,1527,121,11:03:30,2012-07-26
449230,114015,-55.0,1527,121,11:03:30,2012-07-26
449240,114015,-57.0,1527,121,14:33:25,2012-07-26
449255,114020,-56.333332,1527,121,14:33:26,2012-07-26
449935,114020,-55.0,1527,121,11:02:48,2012-07-26
449270,114025,-55.0,1527,121,14:33:27,2012-07-26
449290,114030,-54.666668,1527,121,14:33:29,2012-07-26
449295,114030,-54.200001,1527,121,14:33:29,2012-07-26
449915,114030,-55.0,1527,121,11:02:49,2012-07-26
449335,114045,-55.0,1527,121,14:33:32,2012-07-26
449340,114045,-54.666668,1527,121,14:33:33,2012-07-26
449890,114045,-55.0,1527,121,11:02:51,2012-07-26
449365,114055,-56.0,1527,121,14:33:34,2012-07-26
449370,114055,-54.0,1527,121,14:33:34,2012-07-26
449880,114055,-55.0,1527,121,11:02:51,2012-07-26
449380,114060,-56.666668,1527,121,14:33:36,2012-07-26
449395,114060,-58.666668,1527,121,14:33:37,2012-07-26
449870,114060,-55.0,1527,121,11:02:52,2012-07-26
449425,114070,-61.200001,1527,121,14:33:39,2012-07-26
449440,114075,-63.0,1527,121,14:33:40,2012-07-26
449845,114075,-55.0,1527,121,11:02:54,2012-07-26
449455,114080,-63.0,1527,121,14:33:41,2012-07-26
449470,114085,-63.583332,1527,121,14:33:41,2012-07-26
449485,114090,-64.0,1527,121,14:33:42,2012-07-26
449495,114090,-64.0,1527,121,14:33:43,2012-07-26
449815,114090,-56.333332,1527,121,11:02:55,2012-07-26
449510,114095,-64.0,1527,121,14:33:44,2012-07-26
449800,114095,-59.0,1527,121,11:02:56,2012-07-26
449810,114095,-59.0,1527,121,11:02:55,2012-07-26
449785,114100,-59.25,1527,121,11:02:56,2012-07-26
449790,114100,-59.0,1527,121,11:02:56,2012-07-26
449535,114105,-64.0,1527,121,14:33:46,2012-07-26
449775,114105,-60.0,1527,121,11:02:57,2012-07-26
449550,114110,-64.0,1527,121,14:33:47,2012-07-26
449760,114110,-61.0,1527,121,11:02:58,2012-07-26
449585,114115,-67.75,1527,121,14:33:49,2012-07-26
449735,114115,-63.333332,1527,121,11:02:59,2012-07-26
449605,114120,-70.800003,1527,121,14:33:50,2012-07-26
449625,114120,-72.0,1527,121,14:33:50,2012-07-26
449710,114120,-64.666664,1527,121,11:03:01,2012-07-26
449625,114125,-66.400002,1527,121,11:03:05,2012-07-26
449635,114125,-67.0,1527,121,11:03:04,2012-07-26
449645,114125,-67.0,1527,121,11:03:04,2012-07-26
449650,114125,-67.0,1527,121,11:03:03,2012-07-26
449660,114125,-67.0,1527,121,11:03:03,2012-07-26
449670,114125,-67.0,1527,121,11:03:02,2012-07-26
449675,114125,-66.333336,1527,121,11:03:02,2012-07-26
449355,114755,-70.0,1527,121,13:01:16,2012-08-01
449355,114760,-69.400002,1527,121,13:01:17,2012-08-01
449360,114760,-69.0,1527,121,13:01:17,2012-08-01
449360,114765,-69.0,1527,121,13:01:18,2012-08-01
449360,114770,-69.0,1527,121,13:01:18,2012-08-01
449365,114770,-68.285713,1527,121,13:01:19,2012-08-01
449365,114775,-68.0,1527,121,13:01:19,2012-08-01
449365,114780,-68.0,1527,121,13:01:20,2012-08-01
449370,114780,-68.0,1527,121,13:01:20,2012-08-01
449370,114790,-68.0,1527,121,13:01:21,2012-08-01
449375,114790,-68.0,1527,121,13:01:21,2012-08-01
449375,114795,-68.555557,1527,121,13:01:22,2012-08-01
449380,114800,-69.0,1527,121,13:01:23,2012-08-01
449380,114805,-68.75,1527,121,13:01:23,2012-08-01
449385,114820,-68.5,1527,121,13:01:25,2012-08-01
449385,114825,-70.0,1527,121,13:01:25,2012-08-01
449795,114935,-61.0,1527,121,12:16:03,2012-07-31
449800,114935,-61.0,1527,121,12:16:02,2012-07-31
449800,114940,-60.333332,1527,121,12:16:01,2012-07-31
449805,114940,-60.0,1527,121,12:16:00,2012-07-31
449815,114940,-60.0,1527,121,12:15:59,2012-07-31
449830,114945,-60.0,1527,121,12:15:57,2012-07-31
449840,114950,-60.0,1527,121,12:15:56,2012-07-31
449845,114955,-60.0,1527,121,12:15:55,2012-07-31
449855,114955,-60.0,1527,121,12:15:54,2012-07-31
450040,114995,-69.333336,1527,121,12:15:36,2012-07-31
450045,114995,-70.0,1527,121,12:15:36,2012-07-31
450050,114995,-70.0,1527,121,12:15:35,2012-07-31
450055,114995,-69.400002,1527,121,12:15:35,2012-07-31
450060,114995,-69.0,1527,121,12:15:34,2012-07-31
450070,114995,-69.0,1527,121,12:15:33,2012-07-31
450080,114995,-69.0,1527,121,12:15:33,2012-07-31
450090,114995,-68.25,1527,121,12:15:32,2012-07-31
450100,114995,-68.0,1527,121,12:15:30,2012-07-31
450110,114995,-68.0,1527,121,12:15:30,2012-07-31
450115,114995,-68.75,1527,121,12:15:29,2012-07-31
450125,114995,-69.0,1527,121,12:15:28,2012-07-31
450130,115000,-71.25,1527,121,12:15:28,2012-07-31
450140,115000,-72.0,1527,121,12:15:27,2012-07-31
450150,115005,-72.0,1527,121,12:15:26,2012-07-31
450160,115010,-71.333336,1527,121,12:15:25,2012-07-31
450175,115015,-71.0,1527,121,12:15:24,2012-07-31
450180,115015,-72.5,1527,121,12:15:23,2012-07-31
450190,115020,-73.0,1527,121,12:15:23,2012-07-31
450195,115020,-73.666664,1527,121,12:15:22,2012-07-31
450210,115030,-73.25,1527,121,12:15:20,2012-07-31
450215,115035,-73.0,1527,121,12:15:20,2012-07-31
450220,115035,-73.0,1527,121,12:15:19,2012-07-31
450225,115040,-70.333336,1527,121,12:15:19,2012-07-31
450230,115040,-69.0,1527,121,12:15:19,2012-07-31
450235,115040,-69.0,1527,121,12:15:19,2012-07-31
450235,115045,-69.0,1527,121,12:15:18,2012-07-31
450240,115045,-69.0,1527,121,12:15:18,2012-07-31
450245,115050,-69.0,1527,121,12:15:18,2012-07-31
450260,115055,-69.0,1527,121,12:15:16,2012-07-31
450275,115065,-69.0,1527,121,12:15:16,2012-07-31
450285,115070,-69.0,1527,121,12:15:15,2012-07-31
450300,115085,-69.0,1527,121,12:15:13,2012-07-31
450580,115270,-75.0,1527,121,12:14:49,2012-07-31
450585,115270,-73.199997,1527,121,12:14:49,2012-07-31
450585,115275,-72.0,1527,121,12:14:48,2012-07-31
450590,115275,-72.0,1527,121,12:14:48,2012-07-31
450595,115280,-72.0,1527,121,12:14:48,2012-07-31
450600,115280,-72.0,1527,121,12:14:47,2012-07-31
450625,115290,-70.666664,1527,121,12:14:46,2012-07-31
450640,115300,-69.333336,1527,121,12:14:44,2012-07-31
450655,115310,-69.0,1527,121,12:14:43,2012-07-31
450675,115320,-70.333336,1527,121,12:14:42,2012-07-31
450690,115330,-68.333336,1527,121,12:14:40,2012-07-31
450705,115340,-68.333336,1527,121,12:14:39,2012-07-31
450725,115355,-69.0,1527,121,12:14:37,2012-07-31
450735,115360,-69.0,1527,121,12:14:37,2012-07-31
450740,115365,-67.5,1527,121,12:14:36,2012-07-31
450750,115370,-67.0,1527,121,12:14:35,2012-07-31
450755,115375,-67.0,1527,121,12:14:35,2012-07-31
450775,115385,-69.0,1527,121,12:14:33,2012-07-31
450790,115400,-68.666664,1527,121,12:14:32,2012-07-31
450800,115405,-68.0,1527,121,12:14:31,2012-07-31
450805,115410,-68.75,1527,121,12:14:30,2012-07-31
450825,115425,-67.5,1527,121,12:14:29,2012-07-31
450835,115435,-65.5,1527,121,12:14:28,2012-07-31
450850,115450,-64.0,1527,121,12:14:26,2012-07-31
450860,115460,-64.0,1527,121,12:14:25,2012-07-31
450880,115475,-64.666664,1527,121,12:14:23,2012-07-31
450890,115485,-65.599998,1527,121,12:14:22,2012-07-31
450900,115495,-67.199997,1527,121,12:14:20,2012-07-31
450910,115500,-68.0,1527,121,12:14:19,2012-07-31
450920,115505,-68.0,1527,121,12:14:18,2012-07-31
450925,115510,-68.0,1527,121,12:14:18,2012-07-31
450940,115515,-68.75,1527,121,12:14:16,2012-07-31
450950,115525,-69.0,1527,121,12:14:15,2012-07-31
450960,115530,-69.0,1527,121,12:14:13,2012-07-31
450975,115540,-76.5,1527,121,12:14:12,2012-07-31
450980,115545,-79.0,1527,121,12:14:11,2012-07-31
451005,115555,-79.0,1527,121,12:14:07,2012-07-31
451005,115560,-79.0,1527,121,12:14:07,2012-07-31
451015,115565,-79.0,1527,121,12:14:06,2012-07-31
