448860,125240,-73.85714,788,110,14:46:18,2012-07-30
448845,125250,-73.0,788,110,14:46:17,2012-07-30
448820,125270,-73.0,788,110,14:46:16,2012-07-30
448790,125290,-72.400002,788,110,14:46:15,2012-07-30
448765,125310,-69.75,788,110,14:46:13,2012-07-30
448740,125325,-69.0,788,110,14:46:13,2012-07-30
448735,125330,-72.0,788,110,14:46:13,2012-07-30
448730,125335,-69.0,788,110,14:46:12,2012-07-30
448720,125345,-66.75,788,110,14:46:12,2012-07-30
448715,125350,-66.0,788,110,14:46:12,2012-07-30
448710,125355,-66.0,788,110,14:46:12,2012-07-30
448700,125360,-66.0,788,110,14:46:11,2012-07-30
448685,125370,-66.0,788,110,14:46:11,2012-07-30
448680,125375,-63.75,788,110,14:46:11,2012-07-30
448670,125385,-63.0,788,110,14:46:10,2012-07-30
448645,125405,-62.25,788,110,14:46:09,2012-07-30
448625,125420,-62.0,788,110,14:46:09,2012-07-30
447945,125425,-60.0,788,110,15:48:13,2012-07-27
448615,125430,-62.0,788,110,14:46:08,2012-07-30
447930,125440,-62.5,788,110,15:48:11,2012-07-27
448605,125440,-61.200001,788,110,14:46:08,2012-07-30
448595,125445,-61.0,788,110,14:46:07,2012-07-30
448585,125450,-61.0,788,110,14:46:07,2012-07-30
448590,125450,-61.0,788,110,14:46:07,2012-07-30
447915,125455,-62.25,788,110,15:48:10,2012-07-27
448585,125455,-61.0,788,110,14:46:07,2012-07-30
448580,125460,-60.400002,788,110,14:46:06,2012-07-30
447905,125470,-62.0,788,110,15:48:08,2012-07-27
447900,125475,-62.0,788,110,15:48:07,2012-07-27
448560,125475,-60.0,788,110,14:46:06,2012-07-30
447890,125485,-62.0,788,110,15:48:06,2012-07-27
447885,125490,-60.285713,788,110,15:48:05,2012-07-27
448545,125490,-60.0,788,110,14:46:05,2012-07-30
447880,125500,-59.400002,788,110,15:48:04,2012-07-27
448530,125500,-60.0,788,110,14:46:05,2012-07-30
448525,125505,-60.0,788,110,14:46:04,2012-07-30
447875,125510,-59.0,788,110,15:48:03,2012-07-27
447870,125515,-60.5,788,110,15:48:03,2012-07-27
448510,125515,-60.0,788,110,14:46:04,2012-07-30
447870,125520,-61.0,788,110,15:48:02,2012-07-27
448505,125520,-59.25,788,110,14:46:04,2012-07-30
447865,125525,-61.0,788,110,15:48:01,2012-07-27
447860,125535,-61.0,788,110,15:48:00,2012-07-27
447855,125545,-61.0,788,110,15:47:59,2012-07-27
447855,125550,-61.0,788,110,15:47:59,2012-07-27
447850,125555,-65.0,788,110,15:47:58,2012-07-27
448460,125555,-58.333332,788,110,14:46:02,2012-07-30
447850,125560,-60.0,788,110,15:47:57,2012-07-27
447850,125565,-60.0,788,110,15:47:56,2012-07-27
447845,125570,-60.0,788,110,15:47:56,2012-07-27
447845,125575,-60.0,788,110,15:47:55,2012-07-27
447840,125580,-60.0,788,110,15:47:54,2012-07-27
447835,125585,-60.0,788,110,15:47:52,2012-07-27
447840,125585,-60.0,788,110,15:47:53,2012-07-27
447835,125590,-60.0,788,110,15:47:52,2012-07-27
448420,125590,-57.333332,788,110,14:46:01,2012-07-30
447835,125595,-60.0,788,110,15:47:51,2012-07-27
448400,125605,-57.0,788,110,14:46:00,2012-07-30
448385,125615,-57.75,788,110,14:45:59,2012-07-30
447505,125625,-65.0,788,110,18:22:44,2012-07-27
447515,125630,-65.0,788,110,18:22:43,2012-07-27
447525,125630,-64.14286,788,110,18:22:42,2012-07-27
447530,125635,-64.0,788,110,18:22:42,2012-07-27
447540,125635,-62.5,788,110,18:22:40,2012-07-27
448355,125640,-58.0,788,110,14:45:58,2012-07-30
447575,125645,-60.0,788,110,18:22:38,2012-07-27
448345,125645,-58.666668,788,110,14:45:58,2012-07-30
447585,125650,-61.599998,788,110,18:22:37,2012-07-27
447600,125655,-62.799999,788,110,18:22:36,2012-07-27
447615,125660,-61.0,788,110,18:22:35,2012-07-27
447625,125665,-60.0,788,110,18:22:33,2012-07-27
447635,125670,-60.0,788,110,18:22:32,2012-07-27
447650,125675,-60.0,788,110,18:22:31,2012-07-27
447655,125675,-60.0,788,110,18:00:47,2012-07-27
447665,125680,-60.0,788,110,18:22:29,2012-07-27
448305,125680,-59.75,788,110,14:45:57,2012-07-30
448270,125700,-60.0,788,110,14:45:56,2012-07-30
448255,125715,-59.333332,788,110,14:45:55,2012-07-30
448230,125730,-59.599998,788,110,14:45:54,2012-07-30
447825,125735,-63.0,788,110,15:47:18,2012-07-27
447740,125740,-61.0,788,110,15:42:17,2012-07-27
447830,125740,-56.0,788,110,15:47:16,2012-07-27
447735,125750,-62.333332,788,110,15:42:17,2012-07-27
447850,125750,-58.400002,788,110,15:47:15,2012-07-27
447855,125755,-61.0,788,110,15:42:45,2012-07-27
447860,125755,-59.0,788,110,15:47:13,2012-07-27
447865,125760,-61.0,788,110,15:42:46,2012-07-27
447870,125760,-59.0,788,110,15:47:13,2012-07-27
447880,125760,-57.0,788,110,15:47:12,2012-07-27
447875,125765,-61.0,788,110,15:42:48,2012-07-27
447880,125765,-61.0,788,110,15:42:49,2012-07-27
447890,125765,-59.0,788,110,15:47:11,2012-07-27
447890,125770,-58.666668,788,110,15:42:49,2012-07-27
447895,125770,-54.0,788,110,15:42:50,2012-07-27
447900,125770,-53.75,788,110,15:42:51,2012-07-27
447905,125770,-62.0,788,110,15:47:09,2012-07-27
447905,125775,-53.0,788,110,15:42:51,2012-07-27
447910,125775,-63.0,788,110,15:47:08,2012-07-27
447910,125780,-53.5,788,110,15:42:52,2012-07-27
447920,125780,-60.200001,788,110,15:42:53,2012-07-27
447925,125780,-61.0,788,110,15:47:07,2012-07-27
448160,125780,-58.5,788,110,14:45:52,2012-07-30
447930,125785,-55.25,788,110,15:42:53,2012-07-27
447935,125785,-59.666668,788,110,15:47:06,2012-07-27
447940,125790,-59.0,788,110,15:42:56,2012-07-27
447945,125790,-57.200001,788,110,15:42:55,2012-07-27
447950,125790,-58.363636,788,110,15:47:05,2012-07-27
447955,125790,-57.0,788,110,15:47:05,2012-07-27
447960,125795,-57.666668,788,110,15:47:04,2012-07-27
447965,125795,-54.75,788,110,15:47:03,2012-07-27
447970,125800,-57.909092,788,110,15:42:59,2012-07-27
447975,125800,-54.0,788,110,15:47:03,2012-07-27
447980,125800,-52.666668,788,110,15:47:02,2012-07-27
448130,125800,-55.0,788,110,14:45:51,2012-07-30
447720,125805,-60.0,788,110,18:22:06,2012-07-27
447985,125805,-54.5,788,110,15:47:01,2012-07-27
447990,125805,-55.285713,788,110,15:43:00,2012-07-27
447715,125810,-60.0,788,110,18:22:05,2012-07-27
447995,125810,-52.75,788,110,15:47:01,2012-07-27
448000,125810,-52.599998,788,110,15:43:02,2012-07-27
448005,125810,-53.0,788,110,15:47:00,2012-07-27
448010,125815,-53.5,788,110,15:43:03,2012-07-27
447715,125820,-60.0,788,110,18:22:04,2012-07-27
448015,125820,-51.142857,788,110,15:43:04,2012-07-27
448020,125820,-58.0,788,110,15:46:58,2012-07-27
448100,125820,-51.599998,788,110,14:45:49,2012-07-30
447710,125825,-61.0,788,110,15:42:09,2012-07-27
448020,125825,-50.0,788,110,15:43:05,2012-07-27
448025,125825,-59.5,788,110,15:46:58,2012-07-27
448025,125835,-50.666668,788,110,15:43:06,2012-07-27
448035,125835,-61.5,788,110,15:46:56,2012-07-27
448075,125835,-50.0,788,110,14:45:49,2012-07-30
447705,125840,-62.666668,788,110,15:42:07,2012-07-27
448035,125845,-53.0,788,110,15:43:07,2012-07-27
448035,125850,-57.0,788,110,15:43:08,2012-07-27
448045,125850,-64.333336,788,110,15:46:55,2012-07-27
447700,125855,-61.0,788,110,15:42:05,2012-07-27
448040,125855,-57.333332,788,110,15:43:09,2012-07-27
448045,125855,-41.75,788,110,14:45:48,2012-07-30
447695,125865,-61.0,788,110,15:42:04,2012-07-27
448050,125865,-58.333332,788,110,15:43:10,2012-07-27
448015,125870,-39.0,788,110,14:45:47,2012-07-30
448050,125875,-63.833332,788,110,15:46:52,2012-07-27
448055,125875,-59.0,788,110,15:43:12,2012-07-27
447690,125880,-54.200001,788,110,15:42:03,2012-07-27
448000,125880,-39.0,788,110,14:45:46,2012-07-30
448050,125880,-63.0,788,110,15:46:50,2012-07-27
447685,125885,-54.0,788,110,15:39:41,2012-07-27
447690,125885,-54.0,788,110,15:39:41,2012-07-27
448045,125885,-62.0,788,110,15:46:47,2012-07-27
448050,125885,-61.666668,788,110,15:46:48,2012-07-27
448060,125885,-58.599998,788,110,15:43:13,2012-07-27
447680,125890,-52.0,788,110,15:42:01,2012-07-27
447685,125890,-54.0,788,110,15:39:41,2012-07-27
448035,125890,-62.0,788,110,15:46:44,2012-07-27
448040,125890,-62.5,788,110,15:46:45,2012-07-27
448045,125890,-63.5,788,110,15:46:47,2012-07-27
448060,125890,-57.0,788,110,15:43:14,2012-07-27
447680,125895,-54.0,788,110,15:39:42,2012-07-27
448025,125895,-57.666668,788,110,15:46:42,2012-07-27
448030,125895,-59.599998,788,110,15:46:44,2012-07-27
447675,125900,-53.333332,788,110,15:42:01,2012-07-27
447680,125900,-55.5,788,110,18:21:56,2012-07-27
448020,125900,-57.0,788,110,15:46:42,2012-07-27
447675,125905,-53.0,788,110,15:42:00,2012-07-27
447955,125905,-39.0,788,110,14:45:45,2012-07-30
448060,125905,-55.400002,788,110,15:43:15,2012-07-27
447670,125910,-54.25,788,110,18:21:55,2012-07-27
448015,125910,-55.400002,788,110,15:46:40,2012-07-27
447665,125915,-52.0,788,110,15:41:58,2012-07-27
447670,125915,-54.0,788,110,15:39:44,2012-07-27
448015,125915,-53.5,788,110,15:46:39,2012-07-27
448060,125915,-52.5,788,110,15:43:16,2012-07-27
447665,125920,-52.0,788,110,15:41:58,2012-07-27
447925,125920,-39.0,788,110,14:45:44,2012-07-30
448010,125925,-53.0,788,110,15:46:38,2012-07-27
447655,125930,-52.0,788,110,15:41:57,2012-07-27
447660,125930,-52.333332,788,110,15:39:46,2012-07-27
447655,125935,-49.0,788,110,15:39:46,2012-07-27
447895,125935,-39.0,788,110,14:45:42,2012-07-30
448005,125935,-53.0,788,110,15:46:37,2012-07-27
447650,125940,-48.75,788,110,15:39:47,2012-07-27
448055,125940,-51.666668,788,110,15:43:18,2012-07-27
447645,125945,-48.0,788,110,15:39:48,2012-07-27
447650,125945,-50.5,788,110,18:21:51,2012-07-27
448000,125950,-55.5,788,110,15:46:37,2012-07-27
448055,125950,-53.0,788,110,15:43:19,2012-07-27
447640,125955,-47.75,788,110,18:00:47,2012-07-27
447645,125955,-47.5,788,110,15:39:49,2012-07-27
447995,125955,-56.599998,788,110,15:46:35,2012-07-27
448050,125955,-53.25,788,110,15:43:20,2012-07-27
447640,125960,-46.0,788,110,15:39:49,2012-07-27
447635,125965,-42.0,788,110,15:39:50,2012-07-27
448050,125965,-55.0,788,110,15:43:21,2012-07-27
447995,125970,-57.599998,788,110,15:46:34,2012-07-27
447630,125975,-45.666668,788,110,18:21:48,2012-07-27
447630,125980,-42.0,788,110,15:39:51,2012-07-27
447990,125980,-58.0,788,110,15:46:33,2012-07-27
447630,125985,-41.400002,788,110,15:39:53,2012-07-27
447985,125985,-57.25,788,110,15:46:32,2012-07-27
448045,125985,-58.0,788,110,15:43:23,2012-07-27
447620,125990,-39.0,788,110,15:39:53,2012-07-27
447625,125990,-42.0,788,110,18:21:45,2012-07-27
447985,125990,-57.0,788,110,15:46:32,2012-07-27
447620,125995,-42.0,788,110,18:00:47,2012-07-27
447985,125995,-57.0,788,110,15:46:31,2012-07-27
448045,125995,-58.200001,788,110,15:43:24,2012-07-27
447610,126005,-39.333332,788,110,18:21:42,2012-07-27
447615,126005,-39.0,788,110,15:39:54,2012-07-27
447980,126005,-57.0,788,110,15:46:30,2012-07-27
447595,126010,-41.0,788,110,18:21:16,2012-07-27
447600,126010,-36.973331,788,110,18:21:21,2012-07-27
447605,126010,-38.400002,788,110,18:00:47,2012-07-27
447595,126015,-41.0,788,110,18:21:16,2012-07-27
447605,126015,-38.666668,788,110,15:39:55,2012-07-27
447975,126015,-53.25,788,110,15:46:30,2012-07-27
448050,126015,-59.400002,788,110,15:43:26,2012-07-27
447600,126025,-37.599998,788,110,15:39:57,2012-07-27
447975,126025,-52.0,788,110,15:46:29,2012-07-27
448050,126025,-59.5,788,110,15:43:27,2012-07-27
447580,126030,-39.25,788,110,18:21:13,2012-07-27
447590,126030,-36.0,788,110,15:39:58,2012-07-27
447970,126030,-52.0,788,110,15:46:28,2012-07-27
447560,126035,-39.0,788,110,18:21:11,2012-07-27
447580,126035,-36.0,788,110,15:39:59,2012-07-27
448050,126035,-57.666668,788,110,15:43:29,2012-07-27
447555,126040,-39.666668,788,110,18:21:10,2012-07-27
447570,126040,-36.0,788,110,15:40:00,2012-07-27
447970,126040,-52.0,788,110,15:46:27,2012-07-27
447535,126045,-36.0,788,110,15:40:03,2012-07-27
447545,126045,-36.0,788,110,15:40:02,2012-07-27
447555,126045,-36.0,788,110,15:40:01,2012-07-27
447965,126045,-51.25,788,110,15:46:27,2012-07-27
447505,126050,-38.0,788,110,18:21:06,2012-07-27
447515,126050,-36.0,788,110,15:40:05,2012-07-27
447525,126050,-36.0,788,110,15:40:04,2012-07-27
447965,126050,-51.0,788,110,15:46:26,2012-07-27
447495,126055,-38.0,788,110,18:21:06,2012-07-27
447965,126055,-50.25,788,110,15:46:25,2012-07-27
447485,126060,-38.0,788,110,18:21:05,2012-07-27
447495,126060,-36.0,788,110,15:40:07,2012-07-27
448055,126060,-57.0,788,110,15:43:30,2012-07-27
447480,126065,-36.25,788,110,15:40:08,2012-07-27
447965,126065,-50.0,788,110,15:46:25,2012-07-27
447475,126070,-37.0,788,110,15:40:09,2012-07-27
447965,126070,-48.666668,788,110,15:46:24,2012-07-27
447470,126075,-37.0,788,110,15:40:10,2012-07-27
447965,126075,-48.0,788,110,15:46:23,2012-07-27
448060,126075,-56.75,788,110,15:43:32,2012-07-27
447465,126080,-37.0,788,110,15:40:10,2012-07-27
447965,126080,-49.5,788,110,15:46:22,2012-07-27
447465,126085,-37.75,788,110,15:40:11,2012-07-27
447965,126085,-50.0,788,110,15:46:22,2012-07-27
448060,126085,-56.0,788,110,15:43:32,2012-07-27
447960,126090,-50.75,788,110,15:46:21,2012-07-27
448065,126090,-55.666668,788,110,15:43:33,2012-07-27
447455,126095,-38.0,788,110,18:00:47,2012-07-27
447960,126095,-51.0,788,110,15:46:20,2012-07-27
448065,126095,-55.0,788,110,15:43:33,2012-07-27
447455,126100,-38.0,788,110,18:00:47,2012-07-27
447960,126100,-51.0,788,110,15:46:20,2012-07-27
447455,126105,-40.0,788,110,15:40:13,2012-07-27
448065,126105,-55.400002,788,110,15:43:34,2012-07-27
448070,126105,-56.0,788,110,15:43:35,2012-07-27
447955,126110,-51.0,788,110,15:46:18,2012-07-27
448070,126110,-56.0,788,110,15:43:35,2012-07-27
447450,126115,-40.0,788,110,15:40:14,2012-07-27
447455,126115,-40.0,788,110,15:40:14,2012-07-27
448070,126115,-56.0,788,110,15:43:36,2012-07-27
447450,126120,-40.0,788,110,15:40:15,2012-07-27
447950,126120,-51.0,788,110,15:46:17,2012-07-27
448070,126120,-56.0,788,110,15:43:36,2012-07-27
448075,126120,-56.0,788,110,15:43:37,2012-07-27
447450,126125,-40.0,788,110,15:40:15,2012-07-27
447950,126125,-50.333332,788,110,15:46:15,2012-07-27
448075,126125,-56.200001,788,110,15:43:37,2012-07-27
447450,126130,-40.0,788,110,15:40:16,2012-07-27
447950,126130,-50.75,788,110,15:46:14,2012-07-27
448075,126130,-57.0,788,110,15:43:37,2012-07-27
447450,126135,-40.0,788,110,15:40:16,2012-07-27
447945,126135,-50.25,788,110,15:46:13,2012-07-27
448075,126135,-57.0,788,110,15:43:38,2012-07-27
448080,126135,-57.0,788,110,15:43:38,2012-07-27
447940,126140,-50.0,788,110,15:46:12,2012-07-27
448080,126140,-57.0,788,110,15:43:38,2012-07-27
447940,126145,-50.857143,788,110,15:46:10,2012-07-27
448080,126145,-57.0,788,110,15:43:39,2012-07-27
447940,126150,-52.0,788,110,15:46:09,2012-07-27
448080,126150,-57.0,788,110,15:43:40,2012-07-27
447940,126155,-50.0,788,110,15:46:08,2012-07-27
448085,126155,-57.0,788,110,15:43:40,2012-07-27
447940,126160,-47.5,788,110,15:46:07,2012-07-27
448085,126160,-57.0,788,110,15:43:41,2012-07-27
447940,126165,-46.0,788,110,15:46:06,2012-07-27
448085,126165,-57.666668,788,110,15:43:42,2012-07-27
447945,126170,-46.75,788,110,15:46:06,2012-07-27
448085,126170,-59.0,788,110,15:43:42,2012-07-27
447945,126180,-47.0,788,110,15:46:05,2012-07-27
448085,126180,-59.400002,788,110,15:43:43,2012-07-27
448085,126185,-60.0,788,110,15:43:44,2012-07-27
447950,126190,-49.400002,788,110,15:46:04,2012-07-27
448085,126195,-59.5,788,110,15:43:44,2012-07-27
447950,126200,-48.5,788,110,15:46:03,2012-07-27
448085,126200,-58.25,788,110,15:43:45,2012-07-27
447950,126205,-48.0,788,110,15:46:02,2012-07-27
448090,126210,-59.0,788,110,15:43:47,2012-07-27
448090,126215,-58.75,788,110,15:43:49,2012-07-27
447950,126225,-49.5,788,110,15:46:01,2012-07-27
448100,126230,-57.200001,788,110,15:43:50,2012-07-27
447950,126235,-50.75,788,110,15:46:00,2012-07-27
448105,126240,-55.75,788,110,15:43:51,2012-07-27
447950,126245,-50.400002,788,110,15:45:58,2012-07-27
448110,126245,-55.0,788,110,15:43:52,2012-07-27
448115,126245,-55.0,788,110,15:43:53,2012-07-27
447950,126250,-50.0,788,110,15:45:58,2012-07-27
447955,126255,-49.25,788,110,15:45:57,2012-07-27
448120,126255,-55.0,788,110,15:43:54,2012-07-27
447955,126265,-49.599998,788,110,15:45:56,2012-07-27
448125,126265,-55.0,788,110,15:43:56,2012-07-27
448125,126270,-55.0,788,110,15:43:56,2012-07-27
448130,126270,-54.599998,788,110,15:43:57,2012-07-27
447960,126275,-50.0,788,110,15:45:55,2012-07-27
448130,126275,-53.099998,788,110,15:44:00,2012-07-27
448125,126280,-47.599998,788,110,15:44:03,2012-07-27
448130,126280,-49.599998,788,110,15:44:01,2012-07-27
447955,126285,-51.5,788,110,15:45:54,2012-07-27
448120,126285,-47.0,788,110,15:44:04,2012-07-27
448115,126290,-47.0,788,110,15:44:05,2012-07-27
448115,126295,-47.0,788,110,15:44:06,2012-07-27
447955,126300,-52.0,788,110,15:45:53,2012-07-27
448110,126300,-48.333332,788,110,15:44:07,2012-07-27
447955,126310,-52.5,788,110,15:45:51,2012-07-27
448105,126310,-51.5,788,110,15:44:08,2012-07-27
448100,126315,-52.666668,788,110,15:44:10,2012-07-27
447950,126325,-53.666668,788,110,15:45:50,2012-07-27
448010,126325,-51.666668,788,110,15:45:11,2012-07-27
448015,126325,-64.849998,788,110,15:45:13,2012-07-27
448095,126325,-54.0,788,110,15:44:11,2012-07-27
448010,126330,-58.137932,788,110,15:44:51,2012-07-27
448015,126330,-56.53846,788,110,15:45:16,2012-07-27
448090,126330,-54.75,788,110,15:44:13,2012-07-27
447950,126335,-54.5,788,110,15:45:49,2012-07-27
448015,126335,-53.529411,788,110,15:45:18,2012-07-27
448020,126335,-55.0,788,110,15:45:19,2012-07-27
448090,126335,-57.0,788,110,15:44:13,2012-07-27
447945,126340,-54.333332,788,110,15:45:47,2012-07-27
448015,126340,-53.0,788,110,15:44:32,2012-07-27
448020,126340,-54.777779,788,110,15:44:31,2012-07-27
448085,126340,-56.75,788,110,15:44:14,2012-07-27
448020,126345,-55.5,788,110,15:44:29,2012-07-27
448025,126345,-57.0,788,110,15:44:28,2012-07-27
448080,126345,-55.599998,788,110,15:44:15,2012-07-27
448085,126345,-56.0,788,110,15:44:15,2012-07-27
448015,126350,-57.0,788,110,15:45:24,2012-07-27
448020,126350,-55.5,788,110,15:45:23,2012-07-27
448030,126350,-57.888889,788,110,15:44:27,2012-07-27
448035,126350,-58.75,788,110,15:44:24,2012-07-27
448040,126350,-57.400002,788,110,15:44:22,2012-07-27
448045,126350,-57.75,788,110,15:44:21,2012-07-27
448050,126350,-58.0,788,110,15:44:20,2012-07-27
448055,126350,-58.0,788,110,15:44:20,2012-07-27
448060,126350,-58.0,788,110,15:44:19,2012-07-27
448065,126350,-56.5,788,110,15:44:18,2012-07-27
448070,126350,-56.0,788,110,15:44:17,2012-07-27
448075,126350,-55.25,788,110,15:44:17,2012-07-27
448010,126355,-52.0,788,110,15:45:25,2012-07-27
448015,126355,-55.75,788,110,15:45:25,2012-07-27
447940,126360,-52.0,788,110,15:45:46,2012-07-27
448000,126360,-54.25,788,110,15:45:27,2012-07-27
448005,126360,-52.799999,788,110,15:45:26,2012-07-27
447995,126365,-54.799999,788,110,15:45:29,2012-07-27
447940,126370,-49.666668,788,110,15:45:44,2012-07-27
447985,126370,-54.0,788,110,15:45:31,2012-07-27
447990,126370,-54.0,788,110,15:45:30,2012-07-27
447985,126380,-54.75,788,110,15:45:32,2012-07-27
447980,126385,-56.0,788,110,15:45:33,2012-07-27
447940,126390,-47.400002,788,110,15:45:42,2012-07-27
447980,126390,-53.0,788,110,15:45:34,2012-07-27
447945,126395,-45.5,788,110,15:45:42,2012-07-27
447975,126395,-52.0,788,110,15:45:35,2012-07-27
447950,126400,-45.0,788,110,15:45:40,2012-07-27
447970,126400,-52.0,788,110,15:45:37,2012-07-27
447955,126405,-45.0,788,110,15:45:39,2012-07-27
447960,126405,-48.0,788,110,15:45:39,2012-07-27
447965,126405,-50.799999,788,110,15:45:37,2012-07-27
448860,125240,-73.85714,788,110,14:46:18,2012-07-30
448845,125250,-73.0,788,110,14:46:17,2012-07-30
448820,125270,-73.0,788,110,14:46:16,2012-07-30
448790,125290,-72.400002,788,110,14:46:15,2012-07-30
448765,125310,-69.75,788,110,14:46:13,2012-07-30
448740,125325,-69.0,788,110,14:46:13,2012-07-30
448735,125330,-72.0,788,110,14:46:13,2012-07-30
448730,125335,-69.0,788,110,14:46:12,2012-07-30
448720,125345,-66.75,788,110,14:46:12,2012-07-30
448715,125350,-66.0,788,110,14:46:12,2012-07-30
448710,125355,-66.0,788,110,14:46:12,2012-07-30
448700,125360,-66.0,788,110,14:46:11,2012-07-30
448685,125370,-66.0,788,110,14:46:11,2012-07-30
448680,125375,-63.75,788,110,14:46:11,2012-07-30
448670,125385,-63.0,788,110,14:46:10,2012-07-30
448645,125405,-62.25,788,110,14:46:09,2012-07-30
448625,125420,-62.0,788,110,14:46:09,2012-07-30
447945,125425,-60.0,788,110,15:48:13,2012-07-27
448615,125430,-62.0,788,110,14:46:08,2012-07-30
447930,125440,-62.5,788,110,15:48:11,2012-07-27
448605,125440,-61.200001,788,110,14:46:08,2012-07-30
448595,125445,-61.0,788,110,14:46:07,2012-07-30
448585,125450,-61.0,788,110,14:46:07,2012-07-30
448590,125450,-61.0,788,110,14:46:07,2012-07-30
447915,125455,-62.25,788,110,15:48:10,2012-07-27
448585,125455,-61.0,788,110,14:46:07,2012-07-30
448580,125460,-60.400002,788,110,14:46:06,2012-07-30
447905,125470,-62.0,788,110,15:48:08,2012-07-27
447900,125475,-62.0,788,110,15:48:07,2012-07-27
448560,125475,-60.0,788,110,14:46:06,2012-07-30
447890,125485,-62.0,788,110,15:48:06,2012-07-27
447885,125490,-60.285713,788,110,15:48:05,2012-07-27
448545,125490,-60.0,788,110,14:46:05,2012-07-30
447880,125500,-59.400002,788,110,15:48:04,2012-07-27
448530,125500,-60.0,788,110,14:46:05,2012-07-30
448525,125505,-60.0,788,110,14:46:04,2012-07-30
447875,125510,-59.0,788,110,15:48:03,2012-07-27
447870,125515,-60.5,788,110,15:48:03,2012-07-27
448510,125515,-60.0,788,110,14:46:04,2012-07-30
447870,125520,-61.0,788,110,15:48:02,2012-07-27
448505,125520,-59.25,788,110,14:46:04,2012-07-30
447865,125525,-61.0,788,110,15:48:01,2012-07-27
447860,125535,-61.0,788,110,15:48:00,2012-07-27
447855,125545,-61.0,788,110,15:47:59,2012-07-27
447855,125550,-61.0,788,110,15:47:59,2012-07-27
447850,125555,-65.0,788,110,15:47:58,2012-07-27
448460,125555,-58.333332,788,110,14:46:02,2012-07-30
447850,125560,-60.0,788,110,15:47:57,2012-07-27
447850,125565,-60.0,788,110,15:47:56,2012-07-27
447845,125570,-60.0,788,110,15:47:56,2012-07-27
447845,125575,-60.0,788,110,15:47:55,2012-07-27
447840,125580,-60.0,788,110,15:47:54,2012-07-27
447835,125585,-60.0,788,110,15:47:52,2012-07-27
447840,125585,-60.0,788,110,15:47:53,2012-07-27
447835,125590,-60.0,788,110,15:47:52,2012-07-27
448420,125590,-57.333332,788,110,14:46:01,2012-07-30
447835,125595,-60.0,788,110,15:47:51,2012-07-27
448400,125605,-57.0,788,110,14:46:00,2012-07-30
448385,125615,-57.75,788,110,14:45:59,2012-07-30
447505,125625,-65.0,788,110,18:22:44,2012-07-27
447515,125630,-65.0,788,110,18:22:43,2012-07-27
447525,125630,-64.14286,788,110,18:22:42,2012-07-27
447530,125635,-64.0,788,110,18:22:42,2012-07-27
447540,125635,-62.5,788,110,18:22:40,2012-07-27
448355,125640,-58.0,788,110,14:45:58,2012-07-30
447575,125645,-60.0,788,110,18:22:38,2012-07-27
448345,125645,-58.666668,788,110,14:45:58,2012-07-30
447585,125650,-61.599998,788,110,18:22:37,2012-07-27
447600,125655,-62.799999,788,110,18:22:36,2012-07-27
447615,125660,-61.0,788,110,18:22:35,2012-07-27
447625,125665,-60.0,788,110,18:22:33,2012-07-27
447635,125670,-60.0,788,110,18:22:32,2012-07-27
447650,125675,-60.0,788,110,18:22:31,2012-07-27
447655,125675,-60.0,788,110,18:00:47,2012-07-27
447665,125680,-60.0,788,110,18:22:29,2012-07-27
448305,125680,-59.75,788,110,14:45:57,2012-07-30
448270,125700,-60.0,788,110,14:45:56,2012-07-30
448255,125715,-59.333332,788,110,14:45:55,2012-07-30
448230,125730,-59.599998,788,110,14:45:54,2012-07-30
447825,125735,-63.0,788,110,15:47:18,2012-07-27
447740,125740,-61.0,788,110,15:42:17,2012-07-27
447830,125740,-56.0,788,110,15:47:16,2012-07-27
447735,125750,-62.333332,788,110,15:42:17,2012-07-27
447850,125750,-58.400002,788,110,15:47:15,2012-07-27
447855,125755,-61.0,788,110,15:42:45,2012-07-27
447860,125755,-59.0,788,110,15:47:13,2012-07-27
447865,125760,-61.0,788,110,15:42:46,2012-07-27
447870,125760,-59.0,788,110,15:47:13,2012-07-27
447880,125760,-57.0,788,110,15:47:12,2012-07-27
447875,125765,-61.0,788,110,15:42:48,2012-07-27
447880,125765,-61.0,788,110,15:42:49,2012-07-27
447890,125765,-59.0,788,110,15:47:11,2012-07-27
447890,125770,-58.666668,788,110,15:42:49,2012-07-27
447895,125770,-54.0,788,110,15:42:50,2012-07-27
447900,125770,-53.75,788,110,15:42:51,2012-07-27
447905,125770,-62.0,788,110,15:47:09,2012-07-27
447905,125775,-53.0,788,110,15:42:51,2012-07-27
447910,125775,-63.0,788,110,15:47:08,2012-07-27
447910,125780,-53.5,788,110,15:42:52,2012-07-27
447920,125780,-60.200001,788,110,15:42:53,2012-07-27
447925,125780,-61.0,788,110,15:47:07,2012-07-27
448160,125780,-58.5,788,110,14:45:52,2012-07-30
447930,125785,-55.25,788,110,15:42:53,2012-07-27
447935,125785,-59.666668,788,110,15:47:06,2012-07-27
447940,125790,-59.0,788,110,15:42:56,2012-07-27
447945,125790,-57.200001,788,110,15:42:55,2012-07-27
447950,125790,-58.363636,788,110,15:47:05,2012-07-27
447955,125790,-57.0,788,110,15:47:05,2012-07-27
447960,125795,-57.666668,788,110,15:47:04,2012-07-27
447965,125795,-54.75,788,110,15:47:03,2012-07-27
447970,125800,-57.909092,788,110,15:42:59,2012-07-27
447975,125800,-54.0,788,110,15:47:03,2012-07-27
447980,125800,-52.666668,788,110,15:47:02,2012-07-27
448130,125800,-55.0,788,110,14:45:51,2012-07-30
447720,125805,-60.0,788,110,18:22:06,2012-07-27
447985,125805,-54.5,788,110,15:47:01,2012-07-27
447990,125805,-55.285713,788,110,15:43:00,2012-07-27
447715,125810,-60.0,788,110,18:22:05,2012-07-27
447995,125810,-52.75,788,110,15:47:01,2012-07-27
448000,125810,-52.599998,788,110,15:43:02,2012-07-27
448005,125810,-53.0,788,110,15:47:00,2012-07-27
448010,125815,-53.5,788,110,15:43:03,2012-07-27
447715,125820,-60.0,788,110,18:22:04,2012-07-27
448015,125820,-51.142857,788,110,15:43:04,2012-07-27
448020,125820,-58.0,788,110,15:46:58,2012-07-27
448100,125820,-51.599998,788,110,14:45:49,2012-07-30
447710,125825,-61.0,788,110,15:42:09,2012-07-27
448020,125825,-50.0,788,110,15:43:05,2012-07-27
448025,125825,-59.5,788,110,15:46:58,2012-07-27
448025,125835,-50.666668,788,110,15:43:06,2012-07-27
448035,125835,-61.5,788,110,15:46:56,2012-07-27
448075,125835,-50.0,788,110,14:45:49,2012-07-30
447705,125840,-62.666668,788,110,15:42:07,2012-07-27
448035,125845,-53.0,788,110,15:43:07,2012-07-27
448035,125850,-57.0,788,110,15:43:08,2012-07-27
448045,125850,-64.333336,788,110,15:46:55,2012-07-27
447700,125855,-61.0,788,110,15:42:05,2012-07-27
448040,125855,-57.333332,788,110,15:43:09,2012-07-27
448045,125855,-41.75,788,110,14:45:48,2012-07-30
447695,125865,-61.0,788,110,15:42:04,2012-07-27
448050,125865,-58.333332,788,110,15:43:10,2012-07-27
448015,125870,-39.0,788,110,14:45:47,2012-07-30
448050,125875,-63.833332,788,110,15:46:52,2012-07-27
448055,125875,-59.0,788,110,15:43:12,2012-07-27
447690,125880,-54.200001,788,110,15:42:03,2012-07-27
448000,125880,-39.0,788,110,14:45:46,2012-07-30
448050,125880,-63.0,788,110,15:46:50,2012-07-27
447685,125885,-54.0,788,110,15:39:41,2012-07-27
447690,125885,-54.0,788,110,15:39:41,2012-07-27
448045,125885,-62.0,788,110,15:46:47,2012-07-27
448050,125885,-61.666668,788,110,15:46:48,2012-07-27
448060,125885,-58.599998,788,110,15:43:13,2012-07-27
447680,125890,-52.0,788,110,15:42:01,2012-07-27
447685,125890,-54.0,788,110,15:39:41,2012-07-27
448035,125890,-62.0,788,110,15:46:44,2012-07-27
448040,125890,-62.5,788,110,15:46:45,2012-07-27
448045,125890,-63.5,788,110,15:46:47,2012-07-27
448060,125890,-57.0,788,110,15:43:14,2012-07-27
447680,125895,-54.0,788,110,15:39:42,2012-07-27
448025,125895,-57.666668,788,110,15:46:42,2012-07-27
448030,125895,-59.599998,788,110,15:46:44,2012-07-27
447675,125900,-53.333332,788,110,15:42:01,2012-07-27
447680,125900,-55.5,788,110,18:21:56,2012-07-27
448020,125900,-57.0,788,110,15:46:42,2012-07-27
447675,125905,-53.0,788,110,15:42:00,2012-07-27
447955,125905,-39.0,788,110,14:45:45,2012-07-30
448060,125905,-55.400002,788,110,15:43:15,2012-07-27
447670,125910,-54.25,788,110,18:21:55,2012-07-27
448015,125910,-55.400002,788,110,15:46:40,2012-07-27
447665,125915,-52.0,788,110,15:41:58,2012-07-27
447670,125915,-54.0,788,110,15:39:44,2012-07-27
448015,125915,-53.5,788,110,15:46:39,2012-07-27
448060,125915,-52.5,788,110,15:43:16,2012-07-27
447665,125920,-52.0,788,110,15:41:58,2012-07-27
447925,125920,-39.0,788,110,14:45:44,2012-07-30
448010,125925,-53.0,788,110,15:46:38,2012-07-27
447655,125930,-52.0,788,110,15:41:57,2012-07-27
447660,125930,-52.333332,788,110,15:39:46,2012-07-27
447655,125935,-49.0,788,110,15:39:46,2012-07-27
447895,125935,-39.0,788,110,14:45:42,2012-07-30
448005,125935,-53.0,788,110,15:46:37,2012-07-27
447650,125940,-48.75,788,110,15:39:47,2012-07-27
448055,125940,-51.666668,788,110,15:43:18,2012-07-27
447645,125945,-48.0,788,110,15:39:48,2012-07-27
447650,125945,-50.5,788,110,18:21:51,2012-07-27
448000,125950,-55.5,788,110,15:46:37,2012-07-27
448055,125950,-53.0,788,110,15:43:19,2012-07-27
447640,125955,-47.75,788,110,18:00:47,2012-07-27
447645,125955,-47.5,788,110,15:39:49,2012-07-27
447995,125955,-56.599998,788,110,15:46:35,2012-07-27
448050,125955,-53.25,788,110,15:43:20,2012-07-27
447640,125960,-46.0,788,110,15:39:49,2012-07-27
447635,125965,-42.0,788,110,15:39:50,2012-07-27
448050,125965,-55.0,788,110,15:43:21,2012-07-27
447995,125970,-57.599998,788,110,15:46:34,2012-07-27
447630,125975,-45.666668,788,110,18:21:48,2012-07-27
447630,125980,-42.0,788,110,15:39:51,2012-07-27
447990,125980,-58.0,788,110,15:46:33,2012-07-27
447630,125985,-41.400002,788,110,15:39:53,2012-07-27
447985,125985,-57.25,788,110,15:46:32,2012-07-27
448045,125985,-58.0,788,110,15:43:23,2012-07-27
447620,125990,-39.0,788,110,15:39:53,2012-07-27
447625,125990,-42.0,788,110,18:21:45,2012-07-27
447985,125990,-57.0,788,110,15:46:32,2012-07-27
447620,125995,-42.0,788,110,18:00:47,2012-07-27
447985,125995,-57.0,788,110,15:46:31,2012-07-27
448045,125995,-58.200001,788,110,15:43:24,2012-07-27
447610,126005,-39.333332,788,110,18:21:42,2012-07-27
447615,126005,-39.0,788,110,15:39:54,2012-07-27
447980,126005,-57.0,788,110,15:46:30,2012-07-27
447595,126010,-41.0,788,110,18:21:16,2012-07-27
447600,126010,-36.973331,788,110,18:21:21,2012-07-27
447605,126010,-38.400002,788,110,18:00:47,2012-07-27
447595,126015,-41.0,788,110,18:21:16,2012-07-27
447605,126015,-38.666668,788,110,15:39:55,2012-07-27
447975,126015,-53.25,788,110,15:46:30,2012-07-27
448050,126015,-59.400002,788,110,15:43:26,2012-07-27
447600,126025,-37.599998,788,110,15:39:57,2012-07-27
447975,126025,-52.0,788,110,15:46:29,2012-07-27
448050,126025,-59.5,788,110,15:43:27,2012-07-27
447580,126030,-39.25,788,110,18:21:13,2012-07-27
447590,126030,-36.0,788,110,15:39:58,2012-07-27
447970,126030,-52.0,788,110,15:46:28,2012-07-27
447560,126035,-39.0,788,110,18:21:11,2012-07-27
447580,126035,-36.0,788,110,15:39:59,2012-07-27
448050,126035,-57.666668,788,110,15:43:29,2012-07-27
447555,126040,-39.666668,788,110,18:21:10,2012-07-27
447570,126040,-36.0,788,110,15:40:00,2012-07-27
447970,126040,-52.0,788,110,15:46:27,2012-07-27
447535,126045,-36.0,788,110,15:40:03,2012-07-27
447545,126045,-36.0,788,110,15:40:02,2012-07-27
447555,126045,-36.0,788,110,15:40:01,2012-07-27
447965,126045,-51.25,788,110,15:46:27,2012-07-27
447505,126050,-38.0,788,110,18:21:06,2012-07-27
447515,126050,-36.0,788,110,15:40:05,2012-07-27
447525,126050,-36.0,788,110,15:40:04,2012-07-27
447965,126050,-51.0,788,110,15:46:26,2012-07-27
447495,126055,-38.0,788,110,18:21:06,2012-07-27
447965,126055,-50.25,788,110,15:46:25,2012-07-27
447485,126060,-38.0,788,110,18:21:05,2012-07-27
447495,126060,-36.0,788,110,15:40:07,2012-07-27
448055,126060,-57.0,788,110,15:43:30,2012-07-27
447480,126065,-36.25,788,110,15:40:08,2012-07-27
447965,126065,-50.0,788,110,15:46:25,2012-07-27
447475,126070,-37.0,788,110,15:40:09,2012-07-27
447965,126070,-48.666668,788,110,15:46:24,2012-07-27
447470,126075,-37.0,788,110,15:40:10,2012-07-27
447965,126075,-48.0,788,110,15:46:23,2012-07-27
448060,126075,-56.75,788,110,15:43:32,2012-07-27
447465,126080,-37.0,788,110,15:40:10,2012-07-27
447965,126080,-49.5,788,110,15:46:22,2012-07-27
447465,126085,-37.75,788,110,15:40:11,2012-07-27
447965,126085,-50.0,788,110,15:46:22,2012-07-27
448060,126085,-56.0,788,110,15:43:32,2012-07-27
447960,126090,-50.75,788,110,15:46:21,2012-07-27
448065,126090,-55.666668,788,110,15:43:33,2012-07-27
447455,126095,-38.0,788,110,18:00:47,2012-07-27
447960,126095,-51.0,788,110,15:46:20,2012-07-27
448065,126095,-55.0,788,110,15:43:33,2012-07-27
447455,126100,-38.0,788,110,18:00:47,2012-07-27
447960,126100,-51.0,788,110,15:46:20,2012-07-27
447455,126105,-40.0,788,110,15:40:13,2012-07-27
448065,126105,-55.400002,788,110,15:43:34,2012-07-27
448070,126105,-56.0,788,110,15:43:35,2012-07-27
447955,126110,-51.0,788,110,15:46:18,2012-07-27
448070,126110,-56.0,788,110,15:43:35,2012-07-27
447450,126115,-40.0,788,110,15:40:14,2012-07-27
447455,126115,-40.0,788,110,15:40:14,2012-07-27
448070,126115,-56.0,788,110,15:43:36,2012-07-27
447450,126120,-40.0,788,110,15:40:15,2012-07-27
447950,126120,-51.0,788,110,15:46:17,2012-07-27
448070,126120,-56.0,788,110,15:43:36,2012-07-27
448075,126120,-56.0,788,110,15:43:37,2012-07-27
447450,126125,-40.0,788,110,15:40:15,2012-07-27
447950,126125,-50.333332,788,110,15:46:15,2012-07-27
448075,126125,-56.200001,788,110,15:43:37,2012-07-27
447450,126130,-40.0,788,110,15:40:16,2012-07-27
447950,126130,-50.75,788,110,15:46:14,2012-07-27
448075,126130,-57.0,788,110,15:43:37,2012-07-27
447450,126135,-40.0,788,110,15:40:16,2012-07-27
447945,126135,-50.25,788,110,15:46:13,2012-07-27
448075,126135,-57.0,788,110,15:43:38,2012-07-27
448080,126135,-57.0,788,110,15:43:38,2012-07-27
447940,126140,-50.0,788,110,15:46:12,2012-07-27
448080,126140,-57.0,788,110,15:43:38,2012-07-27
447940,126145,-50.857143,788,110,15:46:10,2012-07-27
448080,126145,-57.0,788,110,15:43:39,2012-07-27
447940,126150,-52.0,788,110,15:46:09,2012-07-27
448080,126150,-57.0,788,110,15:43:40,2012-07-27
447940,126155,-50.0,788,110,15:46:08,2012-07-27
448085,126155,-57.0,788,110,15:43:40,2012-07-27
447940,126160,-47.5,788,110,15:46:07,2012-07-27
448085,126160,-57.0,788,110,15:43:41,2012-07-27
447940,126165,-46.0,788,110,15:46:06,2012-07-27
448085,126165,-57.666668,788,110,15:43:42,2012-07-27
447945,126170,-46.75,788,110,15:46:06,2012-07-27
448085,126170,-59.0,788,110,15:43:42,2012-07-27
447945,126180,-47.0,788,110,15:46:05,2012-07-27
448085,126180,-59.400002,788,110,15:43:43,2012-07-27
448085,126185,-60.0,788,110,15:43:44,2012-07-27
447950,126190,-49.400002,788,110,15:46:04,2012-07-27
448085,126195,-59.5,788,110,15:43:44,2012-07-27
447950,126200,-48.5,788,110,15:46:03,2012-07-27
448085,126200,-58.25,788,110,15:43:45,2012-07-27
447950,126205,-48.0,788,110,15:46:02,2012-07-27
448090,126210,-59.0,788,110,15:43:47,2012-07-27
448090,126215,-58.75,788,110,15:43:49,2012-07-27
447950,126225,-49.5,788,110,15:46:01,2012-07-27
448100,126230,-57.200001,788,110,15:43:50,2012-07-27
447950,126235,-50.75,788,110,15:46:00,2012-07-27
448105,126240,-55.75,788,110,15:43:51,2012-07-27
447950,126245,-50.400002,788,110,15:45:58,2012-07-27
448110,126245,-55.0,788,110,15:43:52,2012-07-27
448115,126245,-55.0,788,110,15:43:53,2012-07-27
447950,126250,-50.0,788,110,15:45:58,2012-07-27
447955,126255,-49.25,788,110,15:45:57,2012-07-27
448120,126255,-55.0,788,110,15:43:54,2012-07-27
447955,126265,-49.599998,788,110,15:45:56,2012-07-27
448125,126265,-55.0,788,110,15:43:56,2012-07-27
448125,126270,-55.0,788,110,15:43:56,2012-07-27
448130,126270,-54.599998,788,110,15:43:57,2012-07-27
447960,126275,-50.0,788,110,15:45:55,2012-07-27
448130,126275,-53.099998,788,110,15:44:00,2012-07-27
448125,126280,-47.599998,788,110,15:44:03,2012-07-27
448130,126280,-49.599998,788,110,15:44:01,2012-07-27
447955,126285,-51.5,788,110,15:45:54,2012-07-27
448120,126285,-47.0,788,110,15:44:04,2012-07-27
448115,126290,-47.0,788,110,15:44:05,2012-07-27
448115,126295,-47.0,788,110,15:44:06,2012-07-27
447955,126300,-52.0,788,110,15:45:53,2012-07-27
448110,126300,-48.333332,788,110,15:44:07,2012-07-27
447955,126310,-52.5,788,110,15:45:51,2012-07-27
448105,126310,-51.5,788,110,15:44:08,2012-07-27
448100,126315,-52.666668,788,110,15:44:10,2012-07-27
447950,126325,-53.666668,788,110,15:45:50,2012-07-27
448010,126325,-51.666668,788,110,15:45:11,2012-07-27
448015,126325,-64.849998,788,110,15:45:13,2012-07-27
448095,126325,-54.0,788,110,15:44:11,2012-07-27
448010,126330,-58.137932,788,110,15:44:51,2012-07-27
448015,126330,-56.53846,788,110,15:45:16,2012-07-27
448090,126330,-54.75,788,110,15:44:13,2012-07-27
447950,126335,-54.5,788,110,15:45:49,2012-07-27
448015,126335,-53.529411,788,110,15:45:18,2012-07-27
448020,126335,-55.0,788,110,15:45:19,2012-07-27
448090,126335,-57.0,788,110,15:44:13,2012-07-27
447945,126340,-54.333332,788,110,15:45:47,2012-07-27
448015,126340,-53.0,788,110,15:44:32,2012-07-27
448020,126340,-54.777779,788,110,15:44:31,2012-07-27
448085,126340,-56.75,788,110,15:44:14,2012-07-27
448020,126345,-55.5,788,110,15:44:29,2012-07-27
448025,126345,-57.0,788,110,15:44:28,2012-07-27
448080,126345,-55.599998,788,110,15:44:15,2012-07-27
448085,126345,-56.0,788,110,15:44:15,2012-07-27
448015,126350,-57.0,788,110,15:45:24,2012-07-27
448020,126350,-55.5,788,110,15:45:23,2012-07-27
448030,126350,-57.888889,788,110,15:44:27,2012-07-27
448035,126350,-58.75,788,110,15:44:24,2012-07-27
448040,126350,-57.400002,788,110,15:44:22,2012-07-27
448045,126350,-57.75,788,110,15:44:21,2012-07-27
448050,126350,-58.0,788,110,15:44:20,2012-07-27
448055,126350,-58.0,788,110,15:44:20,2012-07-27
448060,126350,-58.0,788,110,15:44:19,2012-07-27
448065,126350,-56.5,788,110,15:44:18,2012-07-27
448070,126350,-56.0,788,110,15:44:17,2012-07-27
448075,126350,-55.25,788,110,15:44:17,2012-07-27
448010,126355,-52.0,788,110,15:45:25,2012-07-27
448015,126355,-55.75,788,110,15:45:25,2012-07-27
447940,126360,-52.0,788,110,15:45:46,2012-07-27
448000,126360,-54.25,788,110,15:45:27,2012-07-27
448005,126360,-52.799999,788,110,15:45:26,2012-07-27
447995,126365,-54.799999,788,110,15:45:29,2012-07-27
447940,126370,-49.666668,788,110,15:45:44,2012-07-27
447985,126370,-54.0,788,110,15:45:31,2012-07-27
447990,126370,-54.0,788,110,15:45:30,2012-07-27
447985,126380,-54.75,788,110,15:45:32,2012-07-27
447980,126385,-56.0,788,110,15:45:33,2012-07-27
447940,126390,-47.400002,788,110,15:45:42,2012-07-27
447980,126390,-53.0,788,110,15:45:34,2012-07-27
447945,126395,-45.5,788,110,15:45:42,2012-07-27
447975,126395,-52.0,788,110,15:45:35,2012-07-27
447950,126400,-45.0,788,110,15:45:40,2012-07-27
447970,126400,-52.0,788,110,15:45:37,2012-07-27
447955,126405,-45.0,788,110,15:45:39,2012-07-27
447960,126405,-48.0,788,110,15:45:39,2012-07-27
447965,126405,-50.799999,788,110,15:45:37,2012-07-27
