449485,122230,-78.0,1401,115,12:51:32,2012-07-30
449495,122235,-76.0,1401,115,12:51:31,2012-07-30
449500,122235,-71.0,1401,115,12:51:30,2012-07-30
449525,122245,-66.0,1401,115,12:51:29,2012-07-30
449535,122245,-66.0,1401,115,12:51:27,2012-07-30
449545,122245,-66.0,1401,115,12:51:26,2012-07-30
449565,122245,-66.0,1401,115,12:51:24,2012-07-30
449145,122365,-69.5,1401,115,12:54:45,2012-07-30
449120,122370,-70.666664,1401,115,12:53:02,2012-07-30
449125,122370,-72.333336,1401,115,12:53:04,2012-07-30
449130,122370,-73.0,1401,115,12:53:05,2012-07-30
449135,122370,-72.666664,1401,115,12:53:05,2012-07-30
449140,122370,-72.0,1401,115,12:53:06,2012-07-30
449145,122370,-72.0,1401,115,12:53:07,2012-07-30
449150,122370,-69.0,1401,115,12:54:44,2012-07-30
449160,122370,-68.0,1401,115,12:54:43,2012-07-30
449170,122370,-66.333336,1401,115,12:54:41,2012-07-30
449115,122375,-70.0,1401,115,12:53:02,2012-07-30
449150,122375,-72.0,1401,115,12:53:08,2012-07-30
449175,122375,-65.333336,1401,115,12:54:40,2012-07-30
449180,122375,-65.0,1401,115,12:54:39,2012-07-30
449115,122380,-69.333336,1401,115,12:53:01,2012-07-30
449180,122380,-64.0,1401,115,12:54:37,2012-07-30
449115,122385,-69.0,1401,115,12:53:00,2012-07-30
449180,122385,-64.0,1401,115,12:54:37,2012-07-30
449110,122390,-67.666664,1401,115,12:53:00,2012-07-30
449185,122390,-64.0,1401,115,12:54:36,2012-07-30
449185,122395,-65.0,1401,115,12:54:34,2012-07-30
449110,122400,-66.25,1401,115,12:52:58,2012-07-30
449110,122405,-66.0,1401,115,12:52:58,2012-07-30
449195,122405,-64.0,1401,115,12:54:31,2012-07-30
449110,122410,-65.25,1401,115,12:52:57,2012-07-30
449200,122410,-65.0,1401,115,12:54:30,2012-07-30
449110,122415,-65.0,1401,115,12:52:56,2012-07-30
449200,122415,-64.0,1401,115,12:54:29,2012-07-30
449205,122415,-53.0,1401,115,12:54:15,2012-07-30
449110,122420,-64.25,1401,115,12:52:55,2012-07-30
449105,122430,-65.0,1401,115,12:54:58,2012-07-30
449110,122430,-64.5,1401,115,12:52:54,2012-07-30
449110,122435,-63.857143,1401,115,12:52:53,2012-07-30
449115,122435,-65.0,1401,115,12:54:59,2012-07-30
449115,122440,-63.0,1401,115,12:52:51,2012-07-30
449120,122440,-64.0,1401,115,12:52:51,2012-07-30
449125,122440,-65.0,1401,115,12:55:00,2012-07-30
449130,122440,-65.0,1401,115,12:55:01,2012-07-30
449135,122440,-65.0,1401,115,12:55:02,2012-07-30
449145,122440,-65.599998,1401,115,12:55:02,2012-07-30
449150,122440,-68.0,1401,115,12:55:04,2012-07-30
449120,122445,-64.0,1401,115,12:52:50,2012-07-30
449125,122445,-64.5,1401,115,12:52:50,2012-07-30
449130,122445,-65.0,1401,115,12:52:49,2012-07-30
449135,122445,-65.0,1401,115,12:52:48,2012-07-30
449145,122445,-65.0,1401,115,12:52:48,2012-07-30
449150,122445,-65.0,1401,115,12:52:47,2012-07-30
449155,122445,-65.0,1401,115,12:52:46,2012-07-30
449160,122445,-66.800003,1401,115,12:52:46,2012-07-30
449165,122445,-68.0,1401,115,12:55:05,2012-07-30
449170,122445,-65.0,1401,115,12:52:44,2012-07-30
449175,122445,-65.0,1401,115,12:52:44,2012-07-30
449175,122450,-67.0,1401,115,12:52:44,2012-07-30
449180,122450,-66.0,1401,115,12:55:07,2012-07-30
449230,122450,-63.0,1401,115,12:55:12,2012-07-30
449235,122450,-63.599998,1401,115,12:55:12,2012-07-30
449245,122450,-66.0,1401,115,12:55:15,2012-07-30
449265,122450,-66.0,1401,115,12:55:15,2012-07-30
449270,122450,-66.0,1401,115,12:55:16,2012-07-30
449275,122450,-66.25,1401,115,12:55:17,2012-07-30
449280,122450,-67.0,1401,115,12:55:18,2012-07-30
449290,122450,-67.0,1401,115,12:55:19,2012-07-30
449185,122455,-65.333336,1401,115,12:55:07,2012-07-30
449200,122455,-64.25,1401,115,12:55:09,2012-07-30
449205,122455,-64.5,1401,115,12:55:10,2012-07-30
447595,125250,-62.0,1401,115,15:52:05,2012-07-27
447590,125255,-62.0,1401,115,15:52:06,2012-07-27
447580,125260,-62.0,1401,115,15:52:06,2012-07-27
447585,125260,-62.0,1401,115,15:52:06,2012-07-27
447580,125265,-62.0,1401,115,15:52:07,2012-07-27
447575,125270,-62.0,1401,115,15:52:07,2012-07-27
447565,125280,-62.0,1401,115,15:52:08,2012-07-27
447550,125290,-62.0,1401,115,15:52:09,2012-07-27
447825,125300,-70.0,1401,115,15:33:39,2012-07-27
447830,125300,-70.0,1401,115,15:33:38,2012-07-27
447530,125305,-60.0,1401,115,15:52:11,2012-07-27
447830,125305,-70.0,1401,115,15:33:38,2012-07-27
447835,125305,-69.666664,1401,115,15:33:37,2012-07-27
447840,125305,-69.0,1401,115,15:33:37,2012-07-27
447840,125310,-69.0,1401,115,15:33:37,2012-07-27
447845,125310,-69.0,1401,115,15:33:36,2012-07-27
447525,125315,-61.599998,1401,115,15:52:12,2012-07-27
447850,125315,-67.5,1401,115,15:33:35,2012-07-27
447855,125315,-67.0,1401,115,15:33:35,2012-07-27
447855,125320,-67.0,1401,115,15:33:35,2012-07-27
447860,125320,-67.800003,1401,115,15:33:34,2012-07-27
447515,125325,-63.599998,1401,115,15:52:13,2012-07-27
447865,125325,-68.0,1401,115,15:33:33,2012-07-27
448025,125325,-65.666664,1401,115,15:48:24,2012-07-27
447505,125330,-63.0,1401,115,15:52:14,2012-07-27
447875,125330,-68.666664,1401,115,15:33:31,2012-07-27
448020,125335,-66.0,1401,115,15:48:23,2012-07-27
447495,125340,-63.666668,1401,115,15:52:16,2012-07-27
447890,125340,-67.5,1401,115,15:33:30,2012-07-27
447895,125345,-67.0,1401,115,15:33:29,2012-07-27
447900,125345,-67.0,1401,115,15:33:29,2012-07-27
448015,125345,-65.333336,1401,115,15:48:22,2012-07-27
447905,125350,-67.0,1401,115,15:33:28,2012-07-27
447910,125355,-65.666664,1401,115,15:33:27,2012-07-27
448005,125355,-62.5,1401,115,15:48:21,2012-07-27
447920,125360,-65.0,1401,115,15:33:26,2012-07-27
447465,125365,-64.0,1401,115,15:52:19,2012-07-27
447925,125365,-65.599998,1401,115,15:33:26,2012-07-27
448000,125365,-60.0,1401,115,15:48:20,2012-07-27
447935,125370,-65.25,1401,115,15:33:24,2012-07-27
447940,125375,-64.0,1401,115,15:33:23,2012-07-27
447995,125375,-60.0,1401,115,15:48:19,2012-07-27
447945,125380,-63.0,1401,115,15:33:22,2012-07-27
447440,125385,-61.0,1401,115,15:52:21,2012-07-27
447955,125385,-59.666668,1401,115,15:33:22,2012-07-27
447960,125385,-58.0,1401,115,15:33:20,2012-07-27
447965,125385,-58.0,1401,115,15:33:19,2012-07-27
447985,125385,-60.0,1401,115,15:48:18,2012-07-27
447970,125390,-58.0,1401,115,15:33:18,2012-07-27
447975,125390,-58.0,1401,115,15:33:17,2012-07-27
447980,125390,-58.0,1401,115,15:33:16,2012-07-27
447245,125395,-61.0,1401,115,15:23:13,2012-07-27
447430,125395,-61.0,1401,115,15:52:22,2012-07-27
447835,125400,-63.0,1401,115,15:35:26,2012-07-27
447420,125405,-60.25,1401,115,15:52:23,2012-07-27
447830,125405,-63.0,1401,115,15:35:26,2012-07-27
447965,125405,-60.0,1401,115,15:48:16,2012-07-27
447825,125410,-63.0,1401,115,15:35:28,2012-07-27
447830,125410,-63.0,1401,115,15:35:27,2012-07-27
447230,125415,-61.0,1401,115,15:23:14,2012-07-27
447825,125415,-63.0,1401,115,15:35:29,2012-07-27
447960,125415,-60.0,1401,115,15:48:15,2012-07-27
447225,125420,-61.0,1401,115,15:23:15,2012-07-27
447465,125420,-62.0,1401,115,15:25:05,2012-07-27
447685,125420,-63.0,1401,115,15:34:32,2012-07-27
447820,125420,-63.0,1401,115,15:35:29,2012-07-27
447395,125425,-58.799999,1401,115,18:23:16,2012-07-27
447400,125425,-58.0,1401,115,15:52:25,2012-07-27
447680,125425,-63.0,1401,115,15:34:33,2012-07-27
447815,125425,-63.0,1401,115,15:35:30,2012-07-27
447390,125430,-59.0,1401,115,18:00:47,2012-07-27
447675,125430,-67.666664,1401,115,15:34:35,2012-07-27
447215,125435,-61.0,1401,115,15:23:16,2012-07-27
447385,125435,-59.0,1401,115,18:23:14,2012-07-27
447810,125435,-63.25,1401,115,15:35:31,2012-07-27
447460,125440,-63.0,1401,115,15:25:03,2012-07-27
447810,125440,-64.0,1401,115,15:35:32,2012-07-27
447205,125445,-61.0,1401,115,15:23:18,2012-07-27
447685,125445,-63.0,1401,115,15:38:05,2012-07-27
447690,125445,-63.0,1401,115,15:38:06,2012-07-27
447805,125445,-63.5,1401,115,15:35:33,2012-07-27
447690,125450,-63.0,1401,115,15:38:08,2012-07-27
447695,125450,-63.0,1401,115,15:38:08,2012-07-27
447800,125450,-62.0,1401,115,15:35:34,2012-07-27
447195,125455,-61.0,1401,115,15:23:18,2012-07-27
447360,125455,-60.0,1401,115,18:23:10,2012-07-27
447365,125455,-59.75,1401,115,18:23:11,2012-07-27
447695,125455,-63.0,1401,115,15:38:10,2012-07-27
447795,125455,-62.5,1401,115,15:35:34,2012-07-27
447690,125460,-69.125,1401,115,15:36:00,2012-07-27
447695,125460,-67.599998,1401,115,15:38:11,2012-07-27
447700,125460,-69.444443,1401,115,15:32:24,2012-07-27
447710,125460,-66.199997,1401,115,15:32:25,2012-07-27
447790,125460,-63.0,1401,115,15:35:35,2012-07-27
447795,125460,-63.0,1401,115,15:35:35,2012-07-27
447350,125465,-56.0,1401,115,16:44:20,2012-07-31
447360,125465,-58.799999,1401,115,18:23:09,2012-07-27
447450,125465,-65.0,1401,115,15:24:59,2012-07-27
447460,125465,-61.599998,1401,115,15:36:41,2012-07-27
447685,125465,-68.5,1401,115,15:38:12,2012-07-27
447695,125465,-69.666664,1401,115,15:32:19,2012-07-27
447710,125465,-70.5,1401,115,15:35:57,2012-07-27
447715,125465,-67.400002,1401,115,15:32:27,2012-07-27
447790,125465,-62.599998,1401,115,15:35:36,2012-07-27
447185,125470,-61.0,1401,115,15:23:20,2012-07-27
447345,125470,-55.25,1401,115,16:44:20,2012-07-31
447360,125470,-58.25,1401,115,18:23:07,2012-07-27
447365,125470,-58.0,1401,115,18:23:06,2012-07-27
447445,125470,-63.5,1401,115,15:24:59,2012-07-27
447470,125470,-61.0,1401,115,15:36:40,2012-07-27
447680,125470,-69.5,1401,115,15:36:02,2012-07-27
447685,125470,-68.785713,1401,115,15:38:12,2012-07-27
447710,125470,-68.800003,1401,115,15:35:55,2012-07-27
447715,125470,-68.0,1401,115,15:35:55,2012-07-27
447725,125470,-69.0,1401,115,15:32:28,2012-07-27
447785,125470,-62.0,1401,115,15:35:36,2012-07-27
447340,125475,-55.0,1401,115,16:44:19,2012-07-31
447370,125475,-58.0,1401,115,18:00:47,2012-07-27
447375,125475,-57.0,1401,115,15:26:11,2012-07-27
447440,125475,-63.75,1401,115,15:24:57,2012-07-27
447445,125475,-63.0,1401,115,15:24:58,2012-07-27
447475,125475,-61.0,1401,115,15:36:39,2012-07-27
447675,125475,-66.833336,1401,115,15:36:04,2012-07-27
447680,125475,-69.222221,1401,115,15:38:14,2012-07-27
447720,125475,-67.199997,1401,115,15:35:53,2012-07-27
447730,125475,-68.5,1401,115,15:32:29,2012-07-27
447785,125475,-62.0,1401,115,15:35:37,2012-07-27
447335,125480,-56.200001,1401,115,16:44:19,2012-07-31
447370,125480,-56.5,1401,115,18:00:47,2012-07-27
447375,125480,-56.0,1401,115,18:00:47,2012-07-27
447380,125480,-57.0,1401,115,15:26:11,2012-07-27
447480,125480,-61.0,1401,115,15:36:39,2012-07-27
447675,125480,-69.0,1401,115,15:38:15,2012-07-27
447725,125480,-65.5,1401,115,15:35:53,2012-07-27
447735,125480,-68.0,1401,115,15:32:30,2012-07-27
447780,125480,-62.0,1401,115,15:35:38,2012-07-27
447175,125485,-61.0,1401,115,15:23:22,2012-07-27
447330,125485,-57.0,1401,115,16:44:18,2012-07-31
447380,125485,-55.25,1401,115,18:23:03,2012-07-27
447385,125485,-57.0,1401,115,15:26:12,2012-07-27
447435,125485,-65.5,1401,115,15:24:56,2012-07-27
447440,125485,-64.0,1401,115,15:24:57,2012-07-27
447665,125485,-66.0,1401,115,15:36:05,2012-07-27
447670,125485,-69.125,1401,115,15:38:15,2012-07-27
447730,125485,-65.599998,1401,115,15:35:51,2012-07-27
447775,125485,-62.111111,1401,115,15:35:39,2012-07-27
447325,125490,-57.0,1401,115,16:44:18,2012-07-31
447390,125490,-55.0,1401,115,18:00:47,2012-07-27
447395,125490,-62.0,1401,115,15:24:43,2012-07-27
447430,125490,-65.333336,1401,115,15:24:55,2012-07-27
447435,125490,-66.0,1401,115,15:24:55,2012-07-27
447485,125490,-61.0,1401,115,15:36:37,2012-07-27
447660,125490,-67.0,1401,115,15:36:05,2012-07-27
447665,125490,-68.444443,1401,115,15:32:12,2012-07-27
447740,125490,-66.0,1401,115,15:35:50,2012-07-27
447165,125495,-60.5,1401,115,15:23:23,2012-07-27
447390,125495,-55.0,1401,115,18:23:02,2012-07-27
447395,125495,-54.400002,1401,115,18:23:01,2012-07-27
447400,125495,-62.0,1401,115,15:24:44,2012-07-27
447490,125495,-61.666668,1401,115,15:36:36,2012-07-27
447655,125495,-68.375,1401,115,15:36:07,2012-07-27
447660,125495,-66.333336,1401,115,15:32:10,2012-07-27
447745,125495,-66.0,1401,115,15:35:49,2012-07-27
447770,125495,-63.0,1401,115,15:35:41,2012-07-27
447310,125500,-57.0,1401,115,16:44:17,2012-07-31
447400,125500,-54.0,1401,115,18:00:47,2012-07-27
447425,125500,-62.75,1401,115,15:24:53,2012-07-27
447495,125500,-62.0,1401,115,15:36:35,2012-07-27
447655,125500,-66.0,1401,115,15:32:09,2012-07-27
447750,125500,-66.0,1401,115,15:35:47,2012-07-27
447770,125500,-63.333332,1401,115,15:35:43,2012-07-27
447160,125505,-59.0,1401,115,15:23:23,2012-07-27
447405,125505,-57.0,1401,115,18:00:47,2012-07-27
447420,125505,-62.0,1401,115,15:24:52,2012-07-27
447645,125505,-66.0,1401,115,15:36:07,2012-07-27
447650,125505,-67.199997,1401,115,15:38:18,2012-07-27
447760,125505,-65.714287,1401,115,15:35:46,2012-07-27
447765,125505,-64.428574,1401,115,15:35:43,2012-07-27
447155,125510,-58.142857,1401,115,15:23:24,2012-07-27
447300,125510,-55.5,1401,115,16:44:16,2012-07-31
447410,125510,-59.0,1401,115,15:26:18,2012-07-27
447415,125510,-60.888889,1401,115,15:24:49,2012-07-27
447420,125510,-62.0,1401,115,15:24:51,2012-07-27
447505,125510,-62.875,1401,115,15:36:35,2012-07-27
447640,125510,-65.5,1401,115,15:36:08,2012-07-27
447645,125510,-65.199997,1401,115,15:32:08,2012-07-27
447650,125510,-64.400002,1401,115,15:32:08,2012-07-27
447410,125515,-54.0,1401,115,15:26:18,2012-07-27
447510,125515,-61.5,1401,115,15:36:33,2012-07-27
447640,125515,-64.0,1401,115,15:38:20,2012-07-27
447645,125515,-64.0,1401,115,15:32:07,2012-07-27
447410,125520,-54.0,1401,115,15:26:19,2012-07-27
447520,125520,-61.75,1401,115,15:36:32,2012-07-27
447635,125520,-61.727272,1401,115,15:38:22,2012-07-27
447640,125520,-61.599998,1401,115,15:32:06,2012-07-27
447145,125525,-57.5,1401,115,15:23:26,2012-07-27
447285,125525,-53.799999,1401,115,16:44:14,2012-07-31
447415,125525,-57.0,1401,115,15:26:20,2012-07-27
447525,125525,-62.0,1401,115,15:36:31,2012-07-27
447630,125525,-64.0,1401,115,15:36:10,2012-07-27
447635,125525,-61.0,1401,115,15:32:05,2012-07-27
447415,125530,-57.5,1401,115,15:26:21,2012-07-27
447420,125530,-59.0,1401,115,15:26:21,2012-07-27
447535,125530,-62.0,1401,115,15:36:30,2012-07-27
447625,125530,-64.0,1401,115,15:36:10,2012-07-27
447630,125530,-61.0,1401,115,15:32:04,2012-07-27
447635,125530,-61.0,1401,115,15:32:05,2012-07-27
447140,125535,-59.0,1401,115,15:23:26,2012-07-27
447275,125535,-53.0,1401,115,16:44:14,2012-07-31
447405,125535,-64.5,1401,115,15:24:18,2012-07-27
447420,125535,-58.75,1401,115,15:26:22,2012-07-27
447425,125535,-58.0,1401,115,15:26:23,2012-07-27
447430,125535,-59.0,1401,115,15:26:24,2012-07-27
447540,125535,-62.0,1401,115,15:36:29,2012-07-27
447545,125535,-62.5,1401,115,15:36:28,2012-07-27
447620,125535,-63.599998,1401,115,15:36:11,2012-07-27
447630,125535,-61.0,1401,115,15:32:03,2012-07-27
447140,125540,-58.5,1401,115,15:23:27,2012-07-27
447400,125540,-64.666664,1401,115,15:24:14,2012-07-27
447405,125540,-65.75,1401,115,15:24:16,2012-07-27
447430,125540,-69.0,1401,115,18:22:55,2012-07-27
447435,125540,-62.333332,1401,115,15:26:25,2012-07-27
447620,125540,-60.333332,1401,115,15:38:23,2012-07-27
447625,125540,-60.333332,1401,115,15:32:02,2012-07-27
447140,125545,-57.0,1401,115,15:23:28,2012-07-27
447260,125545,-51.400002,1401,115,16:44:12,2012-07-31
447395,125545,-63.25,1401,115,15:24:14,2012-07-27
447435,125545,-68.400002,1401,115,18:22:54,2012-07-27
447440,125545,-62.400002,1401,115,15:26:26,2012-07-27
447555,125545,-63.0,1401,115,15:36:26,2012-07-27
447615,125545,-62.380951,1401,115,15:38:24,2012-07-27
447620,125545,-60.0,1401,115,15:32:00,2012-07-27
447145,125550,-57.0,1401,115,15:23:28,2012-07-27
447385,125550,-61.400002,1401,115,15:24:11,2012-07-27
447435,125550,-68.0,1401,115,18:22:54,2012-07-27
447440,125550,-67.25,1401,115,18:22:53,2012-07-27
447445,125550,-61.200001,1401,115,15:26:28,2012-07-27
447560,125550,-63.0,1401,115,15:36:26,2012-07-27
447615,125550,-59.333332,1401,115,15:36:12,2012-07-27
447150,125555,-57.25,1401,115,15:23:30,2012-07-27
447155,125555,-58.0,1401,115,15:23:30,2012-07-27
447380,125555,-59.5,1401,115,15:24:11,2012-07-27
447450,125555,-61.200001,1401,115,15:26:29,2012-07-27
447570,125555,-61.0,1401,115,15:36:24,2012-07-27
447610,125555,-59.357143,1401,115,15:38:24,2012-07-27
447160,125560,-58.25,1401,115,15:23:31,2012-07-27
447165,125560,-59.0,1401,115,15:23:32,2012-07-27
447245,125560,-49.5,1401,115,16:44:12,2012-07-31
447445,125560,-67.0,1401,115,18:22:52,2012-07-27
447455,125560,-62.5,1401,115,15:26:31,2012-07-27
447170,125565,-58.75,1401,115,15:23:33,2012-07-27
447370,125565,-59.0,1401,115,15:24:09,2012-07-27
447455,125565,-59.5,1401,115,18:00:47,2012-07-27
447580,125565,-57.799999,1401,115,15:36:22,2012-07-27
447600,125565,-54.799999,1401,115,15:38:27,2012-07-27
447605,125565,-57.333332,1401,115,15:38:26,2012-07-27
447175,125570,-58.0,1401,115,15:23:33,2012-07-27
447365,125570,-60.142857,1401,115,15:24:08,2012-07-27
447460,125570,-60.0,1401,115,15:26:33,2012-07-27
447585,125570,-54.400002,1401,115,15:36:20,2012-07-27
447600,125570,-57.25,1401,115,15:36:15,2012-07-27
447185,125575,-58.0,1401,115,15:23:34,2012-07-27
447360,125575,-61.0,1401,115,15:24:07,2012-07-27
447460,125575,-57.0,1401,115,18:22:51,2012-07-27
447465,125575,-60.75,1401,115,15:26:33,2012-07-27
447590,125575,-54.666668,1401,115,15:36:20,2012-07-27
447595,125575,-54.5,1401,115,15:38:27,2012-07-27
447190,125580,-58.0,1401,115,15:23:35,2012-07-27
447195,125580,-58.25,1401,115,15:23:35,2012-07-27
447220,125580,-49.0,1401,115,16:44:10,2012-07-31
447355,125580,-61.0,1401,115,15:24:06,2012-07-27
447460,125580,-57.0,1401,115,18:22:50,2012-07-27
447465,125580,-63.0,1401,115,15:26:35,2012-07-27
447595,125580,-55.777779,1401,115,15:36:18,2012-07-27
447195,125585,-59.0,1401,115,15:23:36,2012-07-27
447465,125585,-62.285713,1401,115,15:26:35,2012-07-27
447590,125585,-52.666668,1401,115,15:38:29,2012-07-27
447200,125590,-59.0,1401,115,15:23:36,2012-07-27
447345,125590,-64.272728,1401,115,15:24:05,2012-07-27
447465,125590,-57.0,1401,115,18:22:49,2012-07-27
447470,125590,-61.666668,1401,115,15:26:36,2012-07-27
447590,125590,-57.0,1401,115,15:31:26,2012-07-27
447205,125595,-59.0,1401,115,15:23:37,2012-07-27
447205,125595,-49.0,1401,115,16:44:09,2012-07-31
447470,125595,-61.0,1401,115,15:26:38,2012-07-27
447585,125595,-48.0,1401,115,15:38:31,2012-07-27
447210,125600,-59.0,1401,115,15:23:38,2012-07-27
447465,125600,-61.0,1401,115,15:26:38,2012-07-27
447470,125600,-57.0,1401,115,18:22:48,2012-07-27
447830,125600,-61.0,1401,115,15:47:50,2012-07-27
447215,125605,-59.0,1401,115,15:23:39,2012-07-27
447335,125605,-63.0,1401,115,15:24:02,2012-07-27
447460,125605,-61.0,1401,115,15:26:39,2012-07-27
447465,125605,-63.916668,1401,115,15:26:39,2012-07-27
447470,125605,-67.666664,1401,115,15:29:16,2012-07-27
447475,125605,-57.0,1401,115,18:00:47,2012-07-27
447480,125605,-66.0,1401,115,15:29:18,2012-07-27
447580,125605,-48.0,1401,115,15:38:32,2012-07-27
447825,125605,-60.0,1401,115,15:47:50,2012-07-27
447830,125605,-60.333332,1401,115,15:47:50,2012-07-27
447190,125610,-49.0,1401,115,16:44:08,2012-07-31
447220,125610,-58.599998,1401,115,15:23:40,2012-07-27
447225,125610,-58.0,1401,115,15:23:40,2012-07-27
447330,125610,-62.0,1401,115,15:24:02,2012-07-27
447460,125610,-61.888889,1401,115,15:26:40,2012-07-27
447475,125610,-57.0,1401,115,18:22:47,2012-07-27
447480,125610,-57.0,1401,115,18:22:47,2012-07-27
447490,125610,-65.599998,1401,115,15:29:20,2012-07-27
447580,125610,-47.75,1401,115,15:38:32,2012-07-27
447825,125610,-60.5,1401,115,15:47:49,2012-07-27
447230,125615,-57.5,1401,115,15:23:41,2012-07-27
447325,125615,-60.0,1401,115,15:24:01,2012-07-27
447455,125615,-60.0,1401,115,15:26:42,2012-07-27
447485,125615,-57.0,1401,115,18:22:46,2012-07-27
447495,125615,-65.199997,1401,115,15:29:21,2012-07-27
447580,125615,-47.0,1401,115,15:38:34,2012-07-27
447820,125615,-61.0,1401,115,15:47:48,2012-07-27
447235,125620,-56.0,1401,115,15:23:42,2012-07-27
447320,125620,-59.666668,1401,115,15:23:59,2012-07-27
447445,125620,-58.799999,1401,115,15:26:43,2012-07-27
447450,125620,-60.125,1401,115,15:26:43,2012-07-27
447500,125620,-65.599998,1401,115,15:29:23,2012-07-27
447575,125620,-47.0,1401,115,15:38:34,2012-07-27
447815,125620,-62.0,1401,115,15:47:47,2012-07-27
447170,125625,-49.0,1401,115,16:44:07,2012-07-31
447240,125625,-55.5,1401,115,15:23:42,2012-07-27
447245,125625,-54.0,1401,115,15:23:43,2012-07-27
447445,125625,-59.599998,1401,115,15:26:44,2012-07-27
447515,125625,-63.799999,1401,115,15:29:24,2012-07-27
447520,125625,-63.0,1401,115,15:29:25,2012-07-27
447575,125625,-46.0,1401,115,15:38:35,2012-07-27
447245,125630,-54.0,1401,115,15:23:44,2012-07-27
447250,125630,-54.0,1401,115,15:23:44,2012-07-27
447305,125630,-57.0,1401,115,15:23:57,2012-07-27
447310,125630,-57.75,1401,115,15:23:58,2012-07-27
447440,125630,-58.5,1401,115,15:26:45,2012-07-27
447530,125630,-62.5,1401,115,15:29:26,2012-07-27
447535,125630,-61.0,1401,115,15:29:26,2012-07-27
447575,125630,-48.71154,1401,115,15:38:37,2012-07-27
447165,125635,-51.0,1401,115,15:52:44,2012-07-27
447255,125635,-54.0,1401,115,15:23:45,2012-07-27
447260,125635,-54.0,1401,115,15:23:46,2012-07-27
447305,125635,-57.0,1401,115,15:23:57,2012-07-27
447435,125635,-58.200001,1401,115,15:26:46,2012-07-27
447545,125635,-61.25,1401,115,15:29:27,2012-07-27
447550,125635,-62.0,1401,115,15:29:28,2012-07-27
447555,125635,-61.5,1401,115,15:29:28,2012-07-27
447575,125635,-52.285713,1401,115,15:38:53,2012-07-27
447810,125635,-63.75,1401,115,15:47:46,2012-07-27
447155,125640,-51.0,1401,115,15:52:44,2012-07-27
447160,125640,-51.0,1401,115,15:52:44,2012-07-27
447260,125640,-54.0,1401,115,15:23:46,2012-07-27
447265,125640,-54.0,1401,115,15:23:47,2012-07-27
447295,125640,-54.75,1401,115,15:23:55,2012-07-27
447300,125640,-57.0,1401,115,15:23:56,2012-07-27
447560,125640,-59.400002,1401,115,15:29:30,2012-07-27
447570,125640,-58.799999,1401,115,15:29:34,2012-07-27
447575,125640,-54.200001,1401,115,15:38:56,2012-07-27
447580,125640,-55.0,1401,115,15:38:57,2012-07-27
447805,125640,-64.0,1401,115,15:47:44,2012-07-27
447150,125645,-51.0,1401,115,15:52:45,2012-07-27
447270,125645,-54.0,1401,115,15:23:48,2012-07-27
447275,125645,-54.0,1401,115,15:23:50,2012-07-27
447280,125645,-54.0,1401,115,15:23:52,2012-07-27
447285,125645,-54.0,1401,115,15:23:53,2012-07-27
447290,125645,-54.0,1401,115,15:23:54,2012-07-27
447430,125645,-57.75,1401,115,15:26:48,2012-07-27
447570,125645,-57.0,1401,115,15:29:35,2012-07-27
447585,125645,-55.666668,1401,115,15:38:58,2012-07-27
447590,125645,-57.0,1401,115,15:38:58,2012-07-27
447800,125645,-64.800003,1401,115,15:47:43,2012-07-27
447275,125650,-54.0,1401,115,15:23:51,2012-07-27
447425,125650,-57.0,1401,115,15:26:48,2012-07-27
447430,125650,-60.555557,1401,115,15:29:06,2012-07-27
447570,125650,-57.0,1401,115,15:29:37,2012-07-27
447595,125650,-57.400002,1401,115,15:38:59,2012-07-27
447605,125650,-58.75,1401,115,15:39:00,2012-07-27
447795,125650,-66.0,1401,115,15:47:42,2012-07-27
447135,125655,-49.0,1401,115,16:44:05,2012-07-31
447145,125655,-51.0,1401,115,15:52:45,2012-07-27
447425,125655,-56.75,1401,115,15:26:49,2012-07-27
447430,125655,-61.5,1401,115,15:29:04,2012-07-27
447570,125655,-56.400002,1401,115,15:29:38,2012-07-27
447610,125655,-61.666668,1401,115,15:39:01,2012-07-27
447620,125655,-63.0,1401,115,15:39:02,2012-07-27
447795,125655,-66.666664,1401,115,15:47:42,2012-07-27
447135,125660,-51.0,1401,115,15:52:46,2012-07-27
447425,125660,-60.799999,1401,115,15:29:03,2012-07-27
447565,125660,-54.0,1401,115,15:29:39,2012-07-27
447625,125660,-63.0,1401,115,15:39:03,2012-07-27
447630,125660,-62.599998,1401,115,15:39:05,2012-07-27
447790,125660,-67.0,1401,115,15:47:40,2012-07-27
447130,125665,-51.0,1401,115,15:52:46,2012-07-27
447130,125665,-49.0,1401,115,16:44:04,2012-07-31
447420,125665,-56.0,1401,115,15:26:50,2012-07-27
447560,125665,-58.5,1401,115,15:30:59,2012-07-27
447565,125665,-54.0,1401,115,15:29:40,2012-07-27
447640,125665,-61.285713,1401,115,15:39:05,2012-07-27
447785,125665,-67.0,1401,115,15:47:39,2012-07-27
447125,125670,-51.0,1401,115,15:52:47,2012-07-27
447420,125670,-57.555557,1401,115,15:26:50,2012-07-27
447560,125670,-55.5,1401,115,15:29:41,2012-07-27
447565,125670,-54.0,1401,115,15:29:41,2012-07-27
447780,125670,-67.0,1401,115,15:47:39,2012-07-27
447415,125675,-56.0,1401,115,15:26:51,2012-07-27
447560,125675,-56.400002,1401,115,15:29:42,2012-07-27
447660,125675,-63.0,1401,115,15:39:08,2012-07-27
447775,125675,-65.800003,1401,115,15:47:37,2012-07-27
447560,125680,-53.75,1401,115,15:29:43,2012-07-27
447670,125680,-62.5,1401,115,15:39:09,2012-07-27
447770,125680,-62.75,1401,115,15:47:36,2012-07-27
447105,125685,-51.0,1401,115,15:52:48,2012-07-27
447415,125685,-55.5,1401,115,15:26:52,2012-07-27
447555,125685,-56.42857,1401,115,15:29:43,2012-07-27
447675,125685,-64.0,1401,115,18:22:29,2012-07-27
447680,125685,-60.0,1401,115,15:39:09,2012-07-27
447770,125685,-62.0,1401,115,15:47:35,2012-07-27
447410,125690,-55.0,1401,115,15:29:00,2012-07-27
447415,125690,-55.75,1401,115,15:29:00,2012-07-27
447550,125690,-57.0,1401,115,15:30:55,2012-07-27
447555,125690,-52.5,1401,115,15:29:44,2012-07-27
447685,125690,-59.599998,1401,115,15:39:10,2012-07-27
447760,125690,-60.0,1401,115,15:47:34,2012-07-27
447765,125690,-60.666668,1401,115,15:47:35,2012-07-27
447095,125695,-51.0,1401,115,15:52:49,2012-07-27
447410,125695,-54.0,1401,115,15:26:52,2012-07-27
447695,125695,-59.5,1401,115,15:39:12,2012-07-27
447705,125695,-60.25,1401,115,15:39:13,2012-07-27
447755,125695,-60.0,1401,115,15:47:33,2012-07-27
447410,125700,-52.333332,1401,115,15:28:58,2012-07-27
447545,125700,-54.285713,1401,115,15:29:45,2012-07-27
447695,125700,-61.0,1401,115,18:22:25,2012-07-27
447705,125700,-58.0,1401,115,18:22:25,2012-07-27
447740,125700,-60.400002,1401,115,15:39:17,2012-07-27
447745,125700,-60.75,1401,115,15:39:19,2012-07-27
447750,125700,-58.666668,1401,115,15:47:31,2012-07-27
447085,125705,-50.200001,1401,115,15:52:50,2012-07-27
447405,125705,-48.166668,1401,115,15:28:57,2012-07-27
447545,125705,-52.25,1401,115,15:29:47,2012-07-27
447710,125705,-59.5,1401,115,18:22:25,2012-07-27
447715,125705,-58.0,1401,115,18:22:24,2012-07-27
447720,125705,-58.0,1401,115,15:39:15,2012-07-27
447725,125705,-58.400002,1401,115,15:39:15,2012-07-27
447735,125705,-60.0,1401,115,15:39:17,2012-07-27
447750,125705,-58.0,1401,115,15:47:30,2012-07-27
447755,125705,-59.200001,1401,115,15:39:20,2012-07-27
447400,125710,-53.25,1401,115,15:26:55,2012-07-27
447725,125710,-58.0,1401,115,18:22:22,2012-07-27
447730,125710,-57.25,1401,115,18:22:22,2012-07-27
447735,125710,-57.0,1401,115,18:22:21,2012-07-27
447740,125710,-57.75,1401,115,18:22:21,2012-07-27
447745,125710,-59.333332,1401,115,18:22:19,2012-07-27
447750,125710,-58.0,1401,115,15:47:30,2012-07-27
447755,125710,-59.923077,1401,115,15:39:22,2012-07-27
447760,125710,-63.666668,1401,115,15:47:26,2012-07-27
447075,125715,-49.0,1401,115,15:52:50,2012-07-27
447750,125715,-59.18182,1401,115,15:39:23,2012-07-27
447755,125715,-60.0,1401,115,15:42:25,2012-07-27
447760,125715,-61.25,1401,115,15:42:26,2012-07-27
447765,125715,-64.0,1401,115,15:47:25,2012-07-27
447770,125715,-64.25,1401,115,15:42:28,2012-07-27
447070,125720,-49.5,1401,115,15:52:51,2012-07-27
447400,125720,-51.0,1401,115,15:26:55,2012-07-27
447540,125720,-54.384617,1401,115,15:29:48,2012-07-27
447750,125720,-60.0,1401,115,15:42:22,2012-07-27
447775,125720,-63.0,1401,115,15:42:29,2012-07-27
447780,125720,-63.666668,1401,115,15:42:30,2012-07-27
447785,125720,-64.0,1401,115,15:47:22,2012-07-27
447395,125725,-47.75,1401,115,15:28:55,2012-07-27
447750,125725,-58.0,1401,115,15:39:24,2012-07-27
447785,125725,-63.0,1401,115,15:42:31,2012-07-27
447790,125725,-63.57143,1401,115,15:42:32,2012-07-27
447060,125730,-51.0,1401,115,15:52:52,2012-07-27
447395,125730,-45.799999,1401,115,15:28:55,2012-07-27
447535,125730,-56.25,1401,115,15:30:50,2012-07-27
447745,125730,-57.0,1401,115,15:39:24,2012-07-27
447795,125730,-64.0,1401,115,15:42:33,2012-07-27
447800,125730,-64.0,1401,115,15:42:34,2012-07-27
447805,125730,-64.0,1401,115,15:42:34,2012-07-27
447050,125735,-52.0,1401,115,15:52:52,2012-07-27
447535,125735,-49.0,1401,115,15:29:50,2012-07-27
447745,125735,-62.599998,1401,115,18:00:47,2012-07-27
447810,125735,-64.0,1401,115,15:42:36,2012-07-27
447815,125735,-64.0,1401,115,15:42:37,2012-07-27
447820,125735,-65.0,1401,115,15:42:38,2012-07-27
447390,125740,-46.799999,1401,115,15:28:54,2012-07-27
447530,125740,-51.166668,1401,115,15:29:51,2012-07-27
447825,125740,-65.0,1401,115,15:42:39,2012-07-27
447835,125740,-62.75,1401,115,15:42:41,2012-07-27
447040,125745,-54.0,1401,115,15:52:53,2012-07-27
447385,125745,-46.333332,1401,115,15:28:53,2012-07-27
447530,125745,-55.25,1401,115,15:30:49,2012-07-27
447740,125745,-58.666668,1401,115,15:39:26,2012-07-27
447835,125745,-62.0,1401,115,15:42:41,2012-07-27
447840,125745,-61.666668,1401,115,15:42:42,2012-07-27
447845,125745,-61.0,1401,115,15:42:43,2012-07-27
447035,125750,-54.25,1401,115,15:52:54,2012-07-27
447380,125750,-46.25,1401,115,15:26:59,2012-07-27
447385,125750,-48.0,1401,115,15:28:52,2012-07-27
447845,125750,-61.0,1401,115,15:42:43,2012-07-27
447380,125755,-49.5,1401,115,15:28:50,2012-07-27
447525,125755,-48.0,1401,115,15:29:53,2012-07-27
447735,125755,-58.0,1401,115,18:00:47,2012-07-27
447025,125760,-55.0,1401,115,15:52:54,2012-07-27
447375,125760,-51.0,1401,115,15:28:50,2012-07-27
447525,125760,-52.833332,1401,115,15:29:53,2012-07-27
447735,125760,-58.0,1401,115,18:22:11,2012-07-27
447375,125765,-48.0,1401,115,15:27:00,2012-07-27
447525,125765,-51.666668,1401,115,15:30:46,2012-07-27
447730,125765,-58.0,1401,115,18:00:47,2012-07-27
447015,125770,-55.5,1401,115,15:52:55,2012-07-27
447375,125770,-48.400002,1401,115,15:27:55,2012-07-27
447380,125770,-46.0,1401,115,15:27:56,2012-07-27
447525,125770,-47.833332,1401,115,15:29:54,2012-07-27
447730,125770,-58.0,1401,115,15:39:29,2012-07-27
447370,125775,-47.333332,1401,115,15:27:02,2012-07-27
447380,125775,-48.666668,1401,115,15:27:57,2012-07-27
447390,125775,-42.25,1401,115,15:27:58,2012-07-27
447730,125775,-58.0,1401,115,15:39:29,2012-07-27
447000,125780,-57.0,1401,115,15:52:56,2012-07-27
447365,125780,-49.5,1401,115,15:27:02,2012-07-27
447385,125780,-52.75,1401,115,15:28:46,2012-07-27
447390,125780,-45.25,1401,115,15:27:59,2012-07-27
447520,125780,-47.555557,1401,115,15:29:55,2012-07-27
447725,125780,-58.0,1401,115,18:00:47,2012-07-27
447730,125780,-58.0,1401,115,15:39:30,2012-07-27
447360,125785,-50.0,1401,115,15:27:52,2012-07-27
447365,125785,-49.375,1401,115,15:27:03,2012-07-27
447395,125785,-53.666668,1401,115,15:28:45,2012-07-27
447400,125785,-46.5,1401,115,15:28:01,2012-07-27
447405,125785,-45.0,1401,115,15:28:02,2012-07-27
447725,125785,-58.0,1401,115,18:22:08,2012-07-27
446995,125790,-56.5,1401,115,15:52:57,2012-07-27
447360,125790,-49.900002,1401,115,15:27:04,2012-07-27
447405,125790,-54.799999,1401,115,15:28:43,2012-07-27
447410,125790,-49.400002,1401,115,15:28:02,2012-07-27
447520,125790,-45.75,1401,115,15:29:57,2012-07-27
447720,125790,-58.0,1401,115,18:22:07,2012-07-27
447725,125790,-58.0,1401,115,15:39:31,2012-07-27
446985,125795,-55.0,1401,115,15:52:57,2012-07-27
447355,125795,-51.599998,1401,115,15:27:05,2012-07-27
447360,125795,-48.599998,1401,115,15:27:04,2012-07-27
447415,125795,-55.75,1401,115,15:28:42,2012-07-27
447420,125795,-49.400002,1401,115,15:28:04,2012-07-27
447425,125795,-50.0,1401,115,15:28:04,2012-07-27
447520,125795,-47.0,1401,115,15:29:57,2012-07-27
447725,125795,-57.5,1401,115,15:39:32,2012-07-27
447355,125800,-49.799999,1401,115,15:27:06,2012-07-27
447425,125800,-56.599998,1401,115,15:28:40,2012-07-27
447430,125800,-51.5,1401,115,15:28:05,2012-07-27
447435,125800,-51.0,1401,115,15:28:06,2012-07-27
447720,125800,-56.0,1401,115,15:39:32,2012-07-27
446975,125805,-54.200001,1401,115,15:52:58,2012-07-27
447355,125805,-49.0,1401,115,15:27:08,2012-07-27
447360,125805,-51.222221,1401,115,15:27:08,2012-07-27
447435,125805,-55.5,1401,115,15:28:39,2012-07-27
447440,125805,-52.0,1401,115,15:28:07,2012-07-27
447515,125805,-48.400002,1401,115,15:30:41,2012-07-27
446970,125810,-53.0,1401,115,15:52:59,2012-07-27
447360,125810,-49.0,1401,115,15:27:09,2012-07-27
447365,125810,-51.0,1401,115,15:27:10,2012-07-27
447370,125810,-56.400002,1401,115,15:27:45,2012-07-27
447445,125810,-53.299999,1401,115,15:28:08,2012-07-27
447450,125810,-52.5,1401,115,15:28:09,2012-07-27
447455,125810,-54.0,1401,115,15:28:35,2012-07-27
447720,125810,-55.333332,1401,115,15:39:33,2012-07-27
447370,125815,-52.25,1401,115,15:27:11,2012-07-27
447375,125815,-55.333332,1401,115,15:27:12,2012-07-27
447450,125815,-48.599998,1401,115,15:28:11,2012-07-27
447455,125815,-51.549999,1401,115,15:28:12,2012-07-27
447715,125815,-54.0,1401,115,15:39:34,2012-07-27
446960,125820,-52.666668,1401,115,15:52:59,2012-07-27
447380,125820,-56.25,1401,115,15:27:14,2012-07-27
447385,125820,-56.333332,1401,115,15:27:16,2012-07-27
447510,125820,-48.799999,1401,115,15:30:40,2012-07-27
447515,125820,-47.0,1401,115,15:30:00,2012-07-27
447385,125825,-57.75,1401,115,15:27:43,2012-07-27
447395,125825,-53.0,1401,115,15:27:16,2012-07-27
447510,125825,-48.400002,1401,115,15:30:00,2012-07-27
447715,125825,-55.142857,1401,115,15:39:34,2012-07-27
447400,125830,-53.636364,1401,115,15:27:17,2012-07-27
447405,125830,-49.0,1401,115,15:27:19,2012-07-27
447510,125830,-51.0,1401,115,15:30:38,2012-07-27
447710,125830,-56.0,1401,115,15:39:35,2012-07-27
446940,125835,-53.0,1401,115,15:53:01,2012-07-27
447410,125835,-52.142857,1401,115,15:27:21,2012-07-27
447710,125835,-56.25,1401,115,15:39:36,2012-07-27
447415,125840,-57.400002,1401,115,15:27:38,2012-07-27
447420,125840,-52.0,1401,115,15:27:23,2012-07-27
447425,125840,-52.0,1401,115,15:27:25,2012-07-27
447710,125840,-57.0,1401,115,15:39:36,2012-07-27
446930,125845,-56.5,1401,115,15:53:01,2012-07-27
447425,125845,-54.615383,1401,115,15:27:26,2012-07-27
447430,125845,-58.466667,1401,115,15:27:35,2012-07-27
447505,125845,-49.888889,1401,115,15:30:02,2012-07-27
447705,125845,-57.0,1401,115,15:39:37,2012-07-27
446925,125850,-58.0,1401,115,15:53:03,2012-07-27
447500,125850,-51.25,1401,115,15:30:36,2012-07-27
447705,125850,-56.0,1401,115,15:39:37,2012-07-27
447500,125855,-50.0,1401,115,15:30:03,2012-07-27
447705,125855,-56.0,1401,115,15:39:37,2012-07-27
447495,125860,-52.5,1401,115,15:30:35,2012-07-27
447700,125860,-56.0,1401,115,15:39:38,2012-07-27
446910,125865,-59.714287,1401,115,15:53:04,2012-07-27
447495,125865,-48.666668,1401,115,15:30:05,2012-07-27
447700,125865,-55.599998,1401,115,15:39:39,2012-07-27
447490,125870,-58.0,1401,115,15:30:33,2012-07-27
447495,125870,-57.0,1401,115,15:30:33,2012-07-27
447695,125870,-55.0,1401,115,15:39:39,2012-07-27
446895,125875,-61.0,1401,115,15:53:04,2012-07-27
447490,125875,-54.666668,1401,115,15:30:32,2012-07-27
447490,125880,-46.5,1401,115,15:30:07,2012-07-27
446885,125885,-61.0,1401,115,15:53:06,2012-07-27
447485,125890,-50.75,1401,115,15:30:31,2012-07-27
447480,125895,-44.0,1401,115,15:30:08,2012-07-27
447485,125895,-50.0,1401,115,15:30:30,2012-07-27
446870,125900,-61.0,1401,115,15:53:06,2012-07-27
447480,125900,-49.400002,1401,115,15:30:29,2012-07-27
447475,125905,-46.0,1401,115,15:30:28,2012-07-27
447480,125905,-49.0,1401,115,15:30:28,2012-07-27
447475,125910,-42.799999,1401,115,15:30:09,2012-07-27
447475,125915,-40.166668,1401,115,15:30:11,2012-07-27
447470,125920,-37.5,1401,115,15:30:12,2012-07-27
447475,125920,-38.0,1401,115,15:30:12,2012-07-27
447465,125925,-37.0,1401,115,15:30:15,2012-07-27
447470,125925,-37.545456,1401,115,15:30:13,2012-07-27
447465,125930,-39.0,1401,115,15:30:17,2012-07-27
447470,125930,-40.333332,1401,115,15:30:24,2012-07-27
447640,125950,-57.0,1401,115,15:41:54,2012-07-27
447645,125950,-57.0,1401,115,15:41:55,2012-07-27
447635,125960,-55.0,1401,115,15:41:53,2012-07-27
447820,125975,-48.0,1401,115,14:45:40,2012-07-30
447625,125985,-49.0,1401,115,15:41:51,2012-07-27
447790,125990,-48.0,1401,115,14:45:39,2012-07-30
447615,125995,-42.0,1401,115,15:41:49,2012-07-27
447615,126000,-40.0,1401,115,15:41:49,2012-07-27
447760,126005,-47.333332,1401,115,14:45:38,2012-07-30
447600,126015,-38.25,1401,115,15:41:47,2012-07-27
447590,126020,-38.0,1401,115,15:41:46,2012-07-27
447730,126020,-44.599998,1401,115,14:45:37,2012-07-30
447585,126025,-37.25,1401,115,15:41:46,2012-07-27
447570,126035,-37.0,1401,115,15:41:44,2012-07-27
447700,126035,-43.0,1401,115,14:45:36,2012-07-30
447535,126040,-38.5,1401,115,15:41:41,2012-07-27
447545,126040,-37.0,1401,115,15:41:42,2012-07-27
447510,126045,-39.0,1401,115,15:41:39,2012-07-27
447520,126045,-39.0,1401,115,15:41:40,2012-07-27
447665,126045,-43.0,1401,115,14:45:35,2012-07-30
447495,126050,-39.0,1401,115,15:41:39,2012-07-27
447485,126055,-39.0,1401,115,15:41:37,2012-07-27
447480,126060,-39.0,1401,115,15:41:36,2012-07-27
447635,126060,-43.0,1401,115,14:45:34,2012-07-30
447470,126070,-39.0,1401,115,15:41:35,2012-07-27
447605,126070,-43.0,1401,115,14:45:33,2012-07-30
447465,126075,-39.0,1401,115,15:41:34,2012-07-27
447460,126085,-39.0,1401,115,15:41:34,2012-07-27
447575,126085,-43.0,1401,115,14:45:32,2012-07-30
447540,126095,-43.0,1401,115,14:45:31,2012-07-30
447450,126140,-37.0,1401,115,15:40:17,2012-07-27
447450,126145,-37.0,1401,115,15:40:17,2012-07-27
447450,126150,-37.0,1401,115,15:40:18,2012-07-27
447450,126155,-37.0,1401,115,15:40:18,2012-07-27
447450,126160,-37.0,1401,115,15:40:20,2012-07-27
447450,126165,-37.0,1401,115,15:40:20,2012-07-27
447450,126170,-37.0,1401,115,15:40:21,2012-07-27
447450,126180,-37.0,1401,115,15:40:22,2012-07-27
447450,126185,-38.25,1401,115,15:40:22,2012-07-27
447450,126190,-42.0,1401,115,15:40:23,2012-07-27
447450,126205,-45.0,1401,115,15:40:24,2012-07-27
447450,126210,-45.75,1401,115,15:40:25,2012-07-27
447450,126220,-48.599998,1401,115,15:40:26,2012-07-27
447445,126240,-52.599998,1401,115,15:40:28,2012-07-27
447440,126265,-54.599998,1401,115,15:40:30,2012-07-27
449485,122230,-78.0,1401,115,12:51:32,2012-07-30
449495,122235,-76.0,1401,115,12:51:31,2012-07-30
449500,122235,-71.0,1401,115,12:51:30,2012-07-30
449525,122245,-66.0,1401,115,12:51:29,2012-07-30
449535,122245,-66.0,1401,115,12:51:27,2012-07-30
449545,122245,-66.0,1401,115,12:51:26,2012-07-30
449565,122245,-66.0,1401,115,12:51:24,2012-07-30
449145,122365,-69.5,1401,115,12:54:45,2012-07-30
449120,122370,-70.666664,1401,115,12:53:02,2012-07-30
449125,122370,-72.333336,1401,115,12:53:04,2012-07-30
449130,122370,-73.0,1401,115,12:53:05,2012-07-30
449135,122370,-72.666664,1401,115,12:53:05,2012-07-30
449140,122370,-72.0,1401,115,12:53:06,2012-07-30
449145,122370,-72.0,1401,115,12:53:07,2012-07-30
449150,122370,-69.0,1401,115,12:54:44,2012-07-30
449160,122370,-68.0,1401,115,12:54:43,2012-07-30
449170,122370,-66.333336,1401,115,12:54:41,2012-07-30
449115,122375,-70.0,1401,115,12:53:02,2012-07-30
449150,122375,-72.0,1401,115,12:53:08,2012-07-30
449175,122375,-65.333336,1401,115,12:54:40,2012-07-30
449180,122375,-65.0,1401,115,12:54:39,2012-07-30
449115,122380,-69.333336,1401,115,12:53:01,2012-07-30
449180,122380,-64.0,1401,115,12:54:37,2012-07-30
449115,122385,-69.0,1401,115,12:53:00,2012-07-30
449180,122385,-64.0,1401,115,12:54:37,2012-07-30
449110,122390,-67.666664,1401,115,12:53:00,2012-07-30
449185,122390,-64.0,1401,115,12:54:36,2012-07-30
449185,122395,-65.0,1401,115,12:54:34,2012-07-30
449110,122400,-66.25,1401,115,12:52:58,2012-07-30
449110,122405,-66.0,1401,115,12:52:58,2012-07-30
449195,122405,-64.0,1401,115,12:54:31,2012-07-30
449110,122410,-65.25,1401,115,12:52:57,2012-07-30
449200,122410,-65.0,1401,115,12:54:30,2012-07-30
449110,122415,-65.0,1401,115,12:52:56,2012-07-30
449200,122415,-64.0,1401,115,12:54:29,2012-07-30
449205,122415,-53.0,1401,115,12:54:15,2012-07-30
449110,122420,-64.25,1401,115,12:52:55,2012-07-30
449105,122430,-65.0,1401,115,12:54:58,2012-07-30
449110,122430,-64.5,1401,115,12:52:54,2012-07-30
449110,122435,-63.857143,1401,115,12:52:53,2012-07-30
449115,122435,-65.0,1401,115,12:54:59,2012-07-30
449115,122440,-63.0,1401,115,12:52:51,2012-07-30
449120,122440,-64.0,1401,115,12:52:51,2012-07-30
449125,122440,-65.0,1401,115,12:55:00,2012-07-30
449130,122440,-65.0,1401,115,12:55:01,2012-07-30
449135,122440,-65.0,1401,115,12:55:02,2012-07-30
449145,122440,-65.599998,1401,115,12:55:02,2012-07-30
449150,122440,-68.0,1401,115,12:55:04,2012-07-30
449120,122445,-64.0,1401,115,12:52:50,2012-07-30
449125,122445,-64.5,1401,115,12:52:50,2012-07-30
449130,122445,-65.0,1401,115,12:52:49,2012-07-30
449135,122445,-65.0,1401,115,12:52:48,2012-07-30
449145,122445,-65.0,1401,115,12:52:48,2012-07-30
449150,122445,-65.0,1401,115,12:52:47,2012-07-30
449155,122445,-65.0,1401,115,12:52:46,2012-07-30
449160,122445,-66.800003,1401,115,12:52:46,2012-07-30
449165,122445,-68.0,1401,115,12:55:05,2012-07-30
449170,122445,-65.0,1401,115,12:52:44,2012-07-30
449175,122445,-65.0,1401,115,12:52:44,2012-07-30
449175,122450,-67.0,1401,115,12:52:44,2012-07-30
449180,122450,-66.0,1401,115,12:55:07,2012-07-30
449230,122450,-63.0,1401,115,12:55:12,2012-07-30
449235,122450,-63.599998,1401,115,12:55:12,2012-07-30
449245,122450,-66.0,1401,115,12:55:15,2012-07-30
449265,122450,-66.0,1401,115,12:55:15,2012-07-30
449270,122450,-66.0,1401,115,12:55:16,2012-07-30
449275,122450,-66.25,1401,115,12:55:17,2012-07-30
449280,122450,-67.0,1401,115,12:55:18,2012-07-30
449290,122450,-67.0,1401,115,12:55:19,2012-07-30
449185,122455,-65.333336,1401,115,12:55:07,2012-07-30
449200,122455,-64.25,1401,115,12:55:09,2012-07-30
449205,122455,-64.5,1401,115,12:55:10,2012-07-30
447595,125250,-62.0,1401,115,15:52:05,2012-07-27
447590,125255,-62.0,1401,115,15:52:06,2012-07-27
447580,125260,-62.0,1401,115,15:52:06,2012-07-27
447585,125260,-62.0,1401,115,15:52:06,2012-07-27
447580,125265,-62.0,1401,115,15:52:07,2012-07-27
447575,125270,-62.0,1401,115,15:52:07,2012-07-27
447565,125280,-62.0,1401,115,15:52:08,2012-07-27
447550,125290,-62.0,1401,115,15:52:09,2012-07-27
447825,125300,-70.0,1401,115,15:33:39,2012-07-27
447830,125300,-70.0,1401,115,15:33:38,2012-07-27
447530,125305,-60.0,1401,115,15:52:11,2012-07-27
447830,125305,-70.0,1401,115,15:33:38,2012-07-27
447835,125305,-69.666664,1401,115,15:33:37,2012-07-27
447840,125305,-69.0,1401,115,15:33:37,2012-07-27
447840,125310,-69.0,1401,115,15:33:37,2012-07-27
447845,125310,-69.0,1401,115,15:33:36,2012-07-27
447525,125315,-61.599998,1401,115,15:52:12,2012-07-27
447850,125315,-67.5,1401,115,15:33:35,2012-07-27
447855,125315,-67.0,1401,115,15:33:35,2012-07-27
447855,125320,-67.0,1401,115,15:33:35,2012-07-27
447860,125320,-67.800003,1401,115,15:33:34,2012-07-27
447515,125325,-63.599998,1401,115,15:52:13,2012-07-27
447865,125325,-68.0,1401,115,15:33:33,2012-07-27
448025,125325,-65.666664,1401,115,15:48:24,2012-07-27
447505,125330,-63.0,1401,115,15:52:14,2012-07-27
447875,125330,-68.666664,1401,115,15:33:31,2012-07-27
448020,125335,-66.0,1401,115,15:48:23,2012-07-27
447495,125340,-63.666668,1401,115,15:52:16,2012-07-27
447890,125340,-67.5,1401,115,15:33:30,2012-07-27
447895,125345,-67.0,1401,115,15:33:29,2012-07-27
447900,125345,-67.0,1401,115,15:33:29,2012-07-27
448015,125345,-65.333336,1401,115,15:48:22,2012-07-27
447905,125350,-67.0,1401,115,15:33:28,2012-07-27
447910,125355,-65.666664,1401,115,15:33:27,2012-07-27
448005,125355,-62.5,1401,115,15:48:21,2012-07-27
447920,125360,-65.0,1401,115,15:33:26,2012-07-27
447465,125365,-64.0,1401,115,15:52:19,2012-07-27
447925,125365,-65.599998,1401,115,15:33:26,2012-07-27
448000,125365,-60.0,1401,115,15:48:20,2012-07-27
447935,125370,-65.25,1401,115,15:33:24,2012-07-27
447940,125375,-64.0,1401,115,15:33:23,2012-07-27
447995,125375,-60.0,1401,115,15:48:19,2012-07-27
447945,125380,-63.0,1401,115,15:33:22,2012-07-27
447440,125385,-61.0,1401,115,15:52:21,2012-07-27
447955,125385,-59.666668,1401,115,15:33:22,2012-07-27
447960,125385,-58.0,1401,115,15:33:20,2012-07-27
447965,125385,-58.0,1401,115,15:33:19,2012-07-27
447985,125385,-60.0,1401,115,15:48:18,2012-07-27
447970,125390,-58.0,1401,115,15:33:18,2012-07-27
447975,125390,-58.0,1401,115,15:33:17,2012-07-27
447980,125390,-58.0,1401,115,15:33:16,2012-07-27
447245,125395,-61.0,1401,115,15:23:13,2012-07-27
447430,125395,-61.0,1401,115,15:52:22,2012-07-27
447835,125400,-63.0,1401,115,15:35:26,2012-07-27
447420,125405,-60.25,1401,115,15:52:23,2012-07-27
447830,125405,-63.0,1401,115,15:35:26,2012-07-27
447965,125405,-60.0,1401,115,15:48:16,2012-07-27
447825,125410,-63.0,1401,115,15:35:28,2012-07-27
447830,125410,-63.0,1401,115,15:35:27,2012-07-27
447230,125415,-61.0,1401,115,15:23:14,2012-07-27
447825,125415,-63.0,1401,115,15:35:29,2012-07-27
447960,125415,-60.0,1401,115,15:48:15,2012-07-27
447225,125420,-61.0,1401,115,15:23:15,2012-07-27
447465,125420,-62.0,1401,115,15:25:05,2012-07-27
447685,125420,-63.0,1401,115,15:34:32,2012-07-27
447820,125420,-63.0,1401,115,15:35:29,2012-07-27
447395,125425,-58.799999,1401,115,18:23:16,2012-07-27
447400,125425,-58.0,1401,115,15:52:25,2012-07-27
447680,125425,-63.0,1401,115,15:34:33,2012-07-27
447815,125425,-63.0,1401,115,15:35:30,2012-07-27
447390,125430,-59.0,1401,115,18:00:47,2012-07-27
447675,125430,-67.666664,1401,115,15:34:35,2012-07-27
447215,125435,-61.0,1401,115,15:23:16,2012-07-27
447385,125435,-59.0,1401,115,18:23:14,2012-07-27
447810,125435,-63.25,1401,115,15:35:31,2012-07-27
447460,125440,-63.0,1401,115,15:25:03,2012-07-27
447810,125440,-64.0,1401,115,15:35:32,2012-07-27
447205,125445,-61.0,1401,115,15:23:18,2012-07-27
447685,125445,-63.0,1401,115,15:38:05,2012-07-27
447690,125445,-63.0,1401,115,15:38:06,2012-07-27
447805,125445,-63.5,1401,115,15:35:33,2012-07-27
447690,125450,-63.0,1401,115,15:38:08,2012-07-27
447695,125450,-63.0,1401,115,15:38:08,2012-07-27
447800,125450,-62.0,1401,115,15:35:34,2012-07-27
447195,125455,-61.0,1401,115,15:23:18,2012-07-27
447360,125455,-60.0,1401,115,18:23:10,2012-07-27
447365,125455,-59.75,1401,115,18:23:11,2012-07-27
447695,125455,-63.0,1401,115,15:38:10,2012-07-27
447795,125455,-62.5,1401,115,15:35:34,2012-07-27
447690,125460,-69.125,1401,115,15:36:00,2012-07-27
447695,125460,-67.599998,1401,115,15:38:11,2012-07-27
447700,125460,-69.444443,1401,115,15:32:24,2012-07-27
447710,125460,-66.199997,1401,115,15:32:25,2012-07-27
447790,125460,-63.0,1401,115,15:35:35,2012-07-27
447795,125460,-63.0,1401,115,15:35:35,2012-07-27
447350,125465,-56.0,1401,115,16:44:20,2012-07-31
447360,125465,-58.799999,1401,115,18:23:09,2012-07-27
447450,125465,-65.0,1401,115,15:24:59,2012-07-27
447460,125465,-61.599998,1401,115,15:36:41,2012-07-27
447685,125465,-68.5,1401,115,15:38:12,2012-07-27
447695,125465,-69.666664,1401,115,15:32:19,2012-07-27
447710,125465,-70.5,1401,115,15:35:57,2012-07-27
447715,125465,-67.400002,1401,115,15:32:27,2012-07-27
447790,125465,-62.599998,1401,115,15:35:36,2012-07-27
447185,125470,-61.0,1401,115,15:23:20,2012-07-27
447345,125470,-55.25,1401,115,16:44:20,2012-07-31
447360,125470,-58.25,1401,115,18:23:07,2012-07-27
447365,125470,-58.0,1401,115,18:23:06,2012-07-27
447445,125470,-63.5,1401,115,15:24:59,2012-07-27
447470,125470,-61.0,1401,115,15:36:40,2012-07-27
447680,125470,-69.5,1401,115,15:36:02,2012-07-27
447685,125470,-68.785713,1401,115,15:38:12,2012-07-27
447710,125470,-68.800003,1401,115,15:35:55,2012-07-27
447715,125470,-68.0,1401,115,15:35:55,2012-07-27
447725,125470,-69.0,1401,115,15:32:28,2012-07-27
447785,125470,-62.0,1401,115,15:35:36,2012-07-27
447340,125475,-55.0,1401,115,16:44:19,2012-07-31
447370,125475,-58.0,1401,115,18:00:47,2012-07-27
447375,125475,-57.0,1401,115,15:26:11,2012-07-27
447440,125475,-63.75,1401,115,15:24:57,2012-07-27
447445,125475,-63.0,1401,115,15:24:58,2012-07-27
447475,125475,-61.0,1401,115,15:36:39,2012-07-27
447675,125475,-66.833336,1401,115,15:36:04,2012-07-27
447680,125475,-69.222221,1401,115,15:38:14,2012-07-27
447720,125475,-67.199997,1401,115,15:35:53,2012-07-27
447730,125475,-68.5,1401,115,15:32:29,2012-07-27
447785,125475,-62.0,1401,115,15:35:37,2012-07-27
447335,125480,-56.200001,1401,115,16:44:19,2012-07-31
447370,125480,-56.5,1401,115,18:00:47,2012-07-27
447375,125480,-56.0,1401,115,18:00:47,2012-07-27
447380,125480,-57.0,1401,115,15:26:11,2012-07-27
447480,125480,-61.0,1401,115,15:36:39,2012-07-27
447675,125480,-69.0,1401,115,15:38:15,2012-07-27
447725,125480,-65.5,1401,115,15:35:53,2012-07-27
447735,125480,-68.0,1401,115,15:32:30,2012-07-27
447780,125480,-62.0,1401,115,15:35:38,2012-07-27
447175,125485,-61.0,1401,115,15:23:22,2012-07-27
447330,125485,-57.0,1401,115,16:44:18,2012-07-31
447380,125485,-55.25,1401,115,18:23:03,2012-07-27
447385,125485,-57.0,1401,115,15:26:12,2012-07-27
447435,125485,-65.5,1401,115,15:24:56,2012-07-27
447440,125485,-64.0,1401,115,15:24:57,2012-07-27
447665,125485,-66.0,1401,115,15:36:05,2012-07-27
447670,125485,-69.125,1401,115,15:38:15,2012-07-27
447730,125485,-65.599998,1401,115,15:35:51,2012-07-27
447775,125485,-62.111111,1401,115,15:35:39,2012-07-27
447325,125490,-57.0,1401,115,16:44:18,2012-07-31
447390,125490,-55.0,1401,115,18:00:47,2012-07-27
447395,125490,-62.0,1401,115,15:24:43,2012-07-27
447430,125490,-65.333336,1401,115,15:24:55,2012-07-27
447435,125490,-66.0,1401,115,15:24:55,2012-07-27
447485,125490,-61.0,1401,115,15:36:37,2012-07-27
447660,125490,-67.0,1401,115,15:36:05,2012-07-27
447665,125490,-68.444443,1401,115,15:32:12,2012-07-27
447740,125490,-66.0,1401,115,15:35:50,2012-07-27
447165,125495,-60.5,1401,115,15:23:23,2012-07-27
447390,125495,-55.0,1401,115,18:23:02,2012-07-27
447395,125495,-54.400002,1401,115,18:23:01,2012-07-27
447400,125495,-62.0,1401,115,15:24:44,2012-07-27
447490,125495,-61.666668,1401,115,15:36:36,2012-07-27
447655,125495,-68.375,1401,115,15:36:07,2012-07-27
447660,125495,-66.333336,1401,115,15:32:10,2012-07-27
447745,125495,-66.0,1401,115,15:35:49,2012-07-27
447770,125495,-63.0,1401,115,15:35:41,2012-07-27
447310,125500,-57.0,1401,115,16:44:17,2012-07-31
447400,125500,-54.0,1401,115,18:00:47,2012-07-27
447425,125500,-62.75,1401,115,15:24:53,2012-07-27
447495,125500,-62.0,1401,115,15:36:35,2012-07-27
447655,125500,-66.0,1401,115,15:32:09,2012-07-27
447750,125500,-66.0,1401,115,15:35:47,2012-07-27
447770,125500,-63.333332,1401,115,15:35:43,2012-07-27
447160,125505,-59.0,1401,115,15:23:23,2012-07-27
447405,125505,-57.0,1401,115,18:00:47,2012-07-27
447420,125505,-62.0,1401,115,15:24:52,2012-07-27
447645,125505,-66.0,1401,115,15:36:07,2012-07-27
447650,125505,-67.199997,1401,115,15:38:18,2012-07-27
447760,125505,-65.714287,1401,115,15:35:46,2012-07-27
447765,125505,-64.428574,1401,115,15:35:43,2012-07-27
447155,125510,-58.142857,1401,115,15:23:24,2012-07-27
447300,125510,-55.5,1401,115,16:44:16,2012-07-31
447410,125510,-59.0,1401,115,15:26:18,2012-07-27
447415,125510,-60.888889,1401,115,15:24:49,2012-07-27
447420,125510,-62.0,1401,115,15:24:51,2012-07-27
447505,125510,-62.875,1401,115,15:36:35,2012-07-27
447640,125510,-65.5,1401,115,15:36:08,2012-07-27
447645,125510,-65.199997,1401,115,15:32:08,2012-07-27
447650,125510,-64.400002,1401,115,15:32:08,2012-07-27
447410,125515,-54.0,1401,115,15:26:18,2012-07-27
447510,125515,-61.5,1401,115,15:36:33,2012-07-27
447640,125515,-64.0,1401,115,15:38:20,2012-07-27
447645,125515,-64.0,1401,115,15:32:07,2012-07-27
447410,125520,-54.0,1401,115,15:26:19,2012-07-27
447520,125520,-61.75,1401,115,15:36:32,2012-07-27
447635,125520,-61.727272,1401,115,15:38:22,2012-07-27
447640,125520,-61.599998,1401,115,15:32:06,2012-07-27
447145,125525,-57.5,1401,115,15:23:26,2012-07-27
447285,125525,-53.799999,1401,115,16:44:14,2012-07-31
447415,125525,-57.0,1401,115,15:26:20,2012-07-27
447525,125525,-62.0,1401,115,15:36:31,2012-07-27
447630,125525,-64.0,1401,115,15:36:10,2012-07-27
447635,125525,-61.0,1401,115,15:32:05,2012-07-27
447415,125530,-57.5,1401,115,15:26:21,2012-07-27
447420,125530,-59.0,1401,115,15:26:21,2012-07-27
447535,125530,-62.0,1401,115,15:36:30,2012-07-27
447625,125530,-64.0,1401,115,15:36:10,2012-07-27
447630,125530,-61.0,1401,115,15:32:04,2012-07-27
447635,125530,-61.0,1401,115,15:32:05,2012-07-27
447140,125535,-59.0,1401,115,15:23:26,2012-07-27
447275,125535,-53.0,1401,115,16:44:14,2012-07-31
447405,125535,-64.5,1401,115,15:24:18,2012-07-27
447420,125535,-58.75,1401,115,15:26:22,2012-07-27
447425,125535,-58.0,1401,115,15:26:23,2012-07-27
447430,125535,-59.0,1401,115,15:26:24,2012-07-27
447540,125535,-62.0,1401,115,15:36:29,2012-07-27
447545,125535,-62.5,1401,115,15:36:28,2012-07-27
447620,125535,-63.599998,1401,115,15:36:11,2012-07-27
447630,125535,-61.0,1401,115,15:32:03,2012-07-27
447140,125540,-58.5,1401,115,15:23:27,2012-07-27
447400,125540,-64.666664,1401,115,15:24:14,2012-07-27
447405,125540,-65.75,1401,115,15:24:16,2012-07-27
447430,125540,-69.0,1401,115,18:22:55,2012-07-27
447435,125540,-62.333332,1401,115,15:26:25,2012-07-27
447620,125540,-60.333332,1401,115,15:38:23,2012-07-27
447625,125540,-60.333332,1401,115,15:32:02,2012-07-27
447140,125545,-57.0,1401,115,15:23:28,2012-07-27
447260,125545,-51.400002,1401,115,16:44:12,2012-07-31
447395,125545,-63.25,1401,115,15:24:14,2012-07-27
447435,125545,-68.400002,1401,115,18:22:54,2012-07-27
447440,125545,-62.400002,1401,115,15:26:26,2012-07-27
447555,125545,-63.0,1401,115,15:36:26,2012-07-27
447615,125545,-62.380951,1401,115,15:38:24,2012-07-27
447620,125545,-60.0,1401,115,15:32:00,2012-07-27
447145,125550,-57.0,1401,115,15:23:28,2012-07-27
447385,125550,-61.400002,1401,115,15:24:11,2012-07-27
447435,125550,-68.0,1401,115,18:22:54,2012-07-27
447440,125550,-67.25,1401,115,18:22:53,2012-07-27
447445,125550,-61.200001,1401,115,15:26:28,2012-07-27
447560,125550,-63.0,1401,115,15:36:26,2012-07-27
447615,125550,-59.333332,1401,115,15:36:12,2012-07-27
447150,125555,-57.25,1401,115,15:23:30,2012-07-27
447155,125555,-58.0,1401,115,15:23:30,2012-07-27
447380,125555,-59.5,1401,115,15:24:11,2012-07-27
447450,125555,-61.200001,1401,115,15:26:29,2012-07-27
447570,125555,-61.0,1401,115,15:36:24,2012-07-27
447610,125555,-59.357143,1401,115,15:38:24,2012-07-27
447160,125560,-58.25,1401,115,15:23:31,2012-07-27
447165,125560,-59.0,1401,115,15:23:32,2012-07-27
447245,125560,-49.5,1401,115,16:44:12,2012-07-31
447445,125560,-67.0,1401,115,18:22:52,2012-07-27
447455,125560,-62.5,1401,115,15:26:31,2012-07-27
447170,125565,-58.75,1401,115,15:23:33,2012-07-27
447370,125565,-59.0,1401,115,15:24:09,2012-07-27
447455,125565,-59.5,1401,115,18:00:47,2012-07-27
447580,125565,-57.799999,1401,115,15:36:22,2012-07-27
447600,125565,-54.799999,1401,115,15:38:27,2012-07-27
447605,125565,-57.333332,1401,115,15:38:26,2012-07-27
447175,125570,-58.0,1401,115,15:23:33,2012-07-27
447365,125570,-60.142857,1401,115,15:24:08,2012-07-27
447460,125570,-60.0,1401,115,15:26:33,2012-07-27
447585,125570,-54.400002,1401,115,15:36:20,2012-07-27
447600,125570,-57.25,1401,115,15:36:15,2012-07-27
447185,125575,-58.0,1401,115,15:23:34,2012-07-27
447360,125575,-61.0,1401,115,15:24:07,2012-07-27
447460,125575,-57.0,1401,115,18:22:51,2012-07-27
447465,125575,-60.75,1401,115,15:26:33,2012-07-27
447590,125575,-54.666668,1401,115,15:36:20,2012-07-27
447595,125575,-54.5,1401,115,15:38:27,2012-07-27
447190,125580,-58.0,1401,115,15:23:35,2012-07-27
447195,125580,-58.25,1401,115,15:23:35,2012-07-27
447220,125580,-49.0,1401,115,16:44:10,2012-07-31
447355,125580,-61.0,1401,115,15:24:06,2012-07-27
447460,125580,-57.0,1401,115,18:22:50,2012-07-27
447465,125580,-63.0,1401,115,15:26:35,2012-07-27
447595,125580,-55.777779,1401,115,15:36:18,2012-07-27
447195,125585,-59.0,1401,115,15:23:36,2012-07-27
447465,125585,-62.285713,1401,115,15:26:35,2012-07-27
447590,125585,-52.666668,1401,115,15:38:29,2012-07-27
447200,125590,-59.0,1401,115,15:23:36,2012-07-27
447345,125590,-64.272728,1401,115,15:24:05,2012-07-27
447465,125590,-57.0,1401,115,18:22:49,2012-07-27
447470,125590,-61.666668,1401,115,15:26:36,2012-07-27
447590,125590,-57.0,1401,115,15:31:26,2012-07-27
447205,125595,-59.0,1401,115,15:23:37,2012-07-27
447205,125595,-49.0,1401,115,16:44:09,2012-07-31
447470,125595,-61.0,1401,115,15:26:38,2012-07-27
447585,125595,-48.0,1401,115,15:38:31,2012-07-27
447210,125600,-59.0,1401,115,15:23:38,2012-07-27
447465,125600,-61.0,1401,115,15:26:38,2012-07-27
447470,125600,-57.0,1401,115,18:22:48,2012-07-27
447830,125600,-61.0,1401,115,15:47:50,2012-07-27
447215,125605,-59.0,1401,115,15:23:39,2012-07-27
447335,125605,-63.0,1401,115,15:24:02,2012-07-27
447460,125605,-61.0,1401,115,15:26:39,2012-07-27
447465,125605,-63.916668,1401,115,15:26:39,2012-07-27
447470,125605,-67.666664,1401,115,15:29:16,2012-07-27
447475,125605,-57.0,1401,115,18:00:47,2012-07-27
447480,125605,-66.0,1401,115,15:29:18,2012-07-27
447580,125605,-48.0,1401,115,15:38:32,2012-07-27
447825,125605,-60.0,1401,115,15:47:50,2012-07-27
447830,125605,-60.333332,1401,115,15:47:50,2012-07-27
447190,125610,-49.0,1401,115,16:44:08,2012-07-31
447220,125610,-58.599998,1401,115,15:23:40,2012-07-27
447225,125610,-58.0,1401,115,15:23:40,2012-07-27
447330,125610,-62.0,1401,115,15:24:02,2012-07-27
447460,125610,-61.888889,1401,115,15:26:40,2012-07-27
447475,125610,-57.0,1401,115,18:22:47,2012-07-27
447480,125610,-57.0,1401,115,18:22:47,2012-07-27
447490,125610,-65.599998,1401,115,15:29:20,2012-07-27
447580,125610,-47.75,1401,115,15:38:32,2012-07-27
447825,125610,-60.5,1401,115,15:47:49,2012-07-27
447230,125615,-57.5,1401,115,15:23:41,2012-07-27
447325,125615,-60.0,1401,115,15:24:01,2012-07-27
447455,125615,-60.0,1401,115,15:26:42,2012-07-27
447485,125615,-57.0,1401,115,18:22:46,2012-07-27
447495,125615,-65.199997,1401,115,15:29:21,2012-07-27
447580,125615,-47.0,1401,115,15:38:34,2012-07-27
447820,125615,-61.0,1401,115,15:47:48,2012-07-27
447235,125620,-56.0,1401,115,15:23:42,2012-07-27
447320,125620,-59.666668,1401,115,15:23:59,2012-07-27
447445,125620,-58.799999,1401,115,15:26:43,2012-07-27
447450,125620,-60.125,1401,115,15:26:43,2012-07-27
447500,125620,-65.599998,1401,115,15:29:23,2012-07-27
447575,125620,-47.0,1401,115,15:38:34,2012-07-27
447815,125620,-62.0,1401,115,15:47:47,2012-07-27
447170,125625,-49.0,1401,115,16:44:07,2012-07-31
447240,125625,-55.5,1401,115,15:23:42,2012-07-27
447245,125625,-54.0,1401,115,15:23:43,2012-07-27
447445,125625,-59.599998,1401,115,15:26:44,2012-07-27
447515,125625,-63.799999,1401,115,15:29:24,2012-07-27
447520,125625,-63.0,1401,115,15:29:25,2012-07-27
447575,125625,-46.0,1401,115,15:38:35,2012-07-27
447245,125630,-54.0,1401,115,15:23:44,2012-07-27
447250,125630,-54.0,1401,115,15:23:44,2012-07-27
447305,125630,-57.0,1401,115,15:23:57,2012-07-27
447310,125630,-57.75,1401,115,15:23:58,2012-07-27
447440,125630,-58.5,1401,115,15:26:45,2012-07-27
447530,125630,-62.5,1401,115,15:29:26,2012-07-27
447535,125630,-61.0,1401,115,15:29:26,2012-07-27
447575,125630,-48.71154,1401,115,15:38:37,2012-07-27
447165,125635,-51.0,1401,115,15:52:44,2012-07-27
447255,125635,-54.0,1401,115,15:23:45,2012-07-27
447260,125635,-54.0,1401,115,15:23:46,2012-07-27
447305,125635,-57.0,1401,115,15:23:57,2012-07-27
447435,125635,-58.200001,1401,115,15:26:46,2012-07-27
447545,125635,-61.25,1401,115,15:29:27,2012-07-27
447550,125635,-62.0,1401,115,15:29:28,2012-07-27
447555,125635,-61.5,1401,115,15:29:28,2012-07-27
447575,125635,-52.285713,1401,115,15:38:53,2012-07-27
447810,125635,-63.75,1401,115,15:47:46,2012-07-27
447155,125640,-51.0,1401,115,15:52:44,2012-07-27
447160,125640,-51.0,1401,115,15:52:44,2012-07-27
447260,125640,-54.0,1401,115,15:23:46,2012-07-27
447265,125640,-54.0,1401,115,15:23:47,2012-07-27
447295,125640,-54.75,1401,115,15:23:55,2012-07-27
447300,125640,-57.0,1401,115,15:23:56,2012-07-27
447560,125640,-59.400002,1401,115,15:29:30,2012-07-27
447570,125640,-58.799999,1401,115,15:29:34,2012-07-27
447575,125640,-54.200001,1401,115,15:38:56,2012-07-27
447580,125640,-55.0,1401,115,15:38:57,2012-07-27
447805,125640,-64.0,1401,115,15:47:44,2012-07-27
447150,125645,-51.0,1401,115,15:52:45,2012-07-27
447270,125645,-54.0,1401,115,15:23:48,2012-07-27
447275,125645,-54.0,1401,115,15:23:50,2012-07-27
447280,125645,-54.0,1401,115,15:23:52,2012-07-27
447285,125645,-54.0,1401,115,15:23:53,2012-07-27
447290,125645,-54.0,1401,115,15:23:54,2012-07-27
447430,125645,-57.75,1401,115,15:26:48,2012-07-27
447570,125645,-57.0,1401,115,15:29:35,2012-07-27
447585,125645,-55.666668,1401,115,15:38:58,2012-07-27
447590,125645,-57.0,1401,115,15:38:58,2012-07-27
447800,125645,-64.800003,1401,115,15:47:43,2012-07-27
447275,125650,-54.0,1401,115,15:23:51,2012-07-27
447425,125650,-57.0,1401,115,15:26:48,2012-07-27
447430,125650,-60.555557,1401,115,15:29:06,2012-07-27
447570,125650,-57.0,1401,115,15:29:37,2012-07-27
447595,125650,-57.400002,1401,115,15:38:59,2012-07-27
447605,125650,-58.75,1401,115,15:39:00,2012-07-27
447795,125650,-66.0,1401,115,15:47:42,2012-07-27
447135,125655,-49.0,1401,115,16:44:05,2012-07-31
447145,125655,-51.0,1401,115,15:52:45,2012-07-27
447425,125655,-56.75,1401,115,15:26:49,2012-07-27
447430,125655,-61.5,1401,115,15:29:04,2012-07-27
447570,125655,-56.400002,1401,115,15:29:38,2012-07-27
447610,125655,-61.666668,1401,115,15:39:01,2012-07-27
447620,125655,-63.0,1401,115,15:39:02,2012-07-27
447795,125655,-66.666664,1401,115,15:47:42,2012-07-27
447135,125660,-51.0,1401,115,15:52:46,2012-07-27
447425,125660,-60.799999,1401,115,15:29:03,2012-07-27
447565,125660,-54.0,1401,115,15:29:39,2012-07-27
447625,125660,-63.0,1401,115,15:39:03,2012-07-27
447630,125660,-62.599998,1401,115,15:39:05,2012-07-27
447790,125660,-67.0,1401,115,15:47:40,2012-07-27
447130,125665,-51.0,1401,115,15:52:46,2012-07-27
447130,125665,-49.0,1401,115,16:44:04,2012-07-31
447420,125665,-56.0,1401,115,15:26:50,2012-07-27
447560,125665,-58.5,1401,115,15:30:59,2012-07-27
447565,125665,-54.0,1401,115,15:29:40,2012-07-27
447640,125665,-61.285713,1401,115,15:39:05,2012-07-27
447785,125665,-67.0,1401,115,15:47:39,2012-07-27
447125,125670,-51.0,1401,115,15:52:47,2012-07-27
447420,125670,-57.555557,1401,115,15:26:50,2012-07-27
447560,125670,-55.5,1401,115,15:29:41,2012-07-27
447565,125670,-54.0,1401,115,15:29:41,2012-07-27
447780,125670,-67.0,1401,115,15:47:39,2012-07-27
447415,125675,-56.0,1401,115,15:26:51,2012-07-27
447560,125675,-56.400002,1401,115,15:29:42,2012-07-27
447660,125675,-63.0,1401,115,15:39:08,2012-07-27
447775,125675,-65.800003,1401,115,15:47:37,2012-07-27
447560,125680,-53.75,1401,115,15:29:43,2012-07-27
447670,125680,-62.5,1401,115,15:39:09,2012-07-27
447770,125680,-62.75,1401,115,15:47:36,2012-07-27
447105,125685,-51.0,1401,115,15:52:48,2012-07-27
447415,125685,-55.5,1401,115,15:26:52,2012-07-27
447555,125685,-56.42857,1401,115,15:29:43,2012-07-27
447675,125685,-64.0,1401,115,18:22:29,2012-07-27
447680,125685,-60.0,1401,115,15:39:09,2012-07-27
447770,125685,-62.0,1401,115,15:47:35,2012-07-27
447410,125690,-55.0,1401,115,15:29:00,2012-07-27
447415,125690,-55.75,1401,115,15:29:00,2012-07-27
447550,125690,-57.0,1401,115,15:30:55,2012-07-27
447555,125690,-52.5,1401,115,15:29:44,2012-07-27
447685,125690,-59.599998,1401,115,15:39:10,2012-07-27
447760,125690,-60.0,1401,115,15:47:34,2012-07-27
447765,125690,-60.666668,1401,115,15:47:35,2012-07-27
447095,125695,-51.0,1401,115,15:52:49,2012-07-27
447410,125695,-54.0,1401,115,15:26:52,2012-07-27
447695,125695,-59.5,1401,115,15:39:12,2012-07-27
447705,125695,-60.25,1401,115,15:39:13,2012-07-27
447755,125695,-60.0,1401,115,15:47:33,2012-07-27
447410,125700,-52.333332,1401,115,15:28:58,2012-07-27
447545,125700,-54.285713,1401,115,15:29:45,2012-07-27
447695,125700,-61.0,1401,115,18:22:25,2012-07-27
447705,125700,-58.0,1401,115,18:22:25,2012-07-27
447740,125700,-60.400002,1401,115,15:39:17,2012-07-27
447745,125700,-60.75,1401,115,15:39:19,2012-07-27
447750,125700,-58.666668,1401,115,15:47:31,2012-07-27
447085,125705,-50.200001,1401,115,15:52:50,2012-07-27
447405,125705,-48.166668,1401,115,15:28:57,2012-07-27
447545,125705,-52.25,1401,115,15:29:47,2012-07-27
447710,125705,-59.5,1401,115,18:22:25,2012-07-27
447715,125705,-58.0,1401,115,18:22:24,2012-07-27
447720,125705,-58.0,1401,115,15:39:15,2012-07-27
447725,125705,-58.400002,1401,115,15:39:15,2012-07-27
447735,125705,-60.0,1401,115,15:39:17,2012-07-27
447750,125705,-58.0,1401,115,15:47:30,2012-07-27
447755,125705,-59.200001,1401,115,15:39:20,2012-07-27
447400,125710,-53.25,1401,115,15:26:55,2012-07-27
447725,125710,-58.0,1401,115,18:22:22,2012-07-27
447730,125710,-57.25,1401,115,18:22:22,2012-07-27
447735,125710,-57.0,1401,115,18:22:21,2012-07-27
447740,125710,-57.75,1401,115,18:22:21,2012-07-27
447745,125710,-59.333332,1401,115,18:22:19,2012-07-27
447750,125710,-58.0,1401,115,15:47:30,2012-07-27
447755,125710,-59.923077,1401,115,15:39:22,2012-07-27
447760,125710,-63.666668,1401,115,15:47:26,2012-07-27
447075,125715,-49.0,1401,115,15:52:50,2012-07-27
447750,125715,-59.18182,1401,115,15:39:23,2012-07-27
447755,125715,-60.0,1401,115,15:42:25,2012-07-27
447760,125715,-61.25,1401,115,15:42:26,2012-07-27
447765,125715,-64.0,1401,115,15:47:25,2012-07-27
447770,125715,-64.25,1401,115,15:42:28,2012-07-27
447070,125720,-49.5,1401,115,15:52:51,2012-07-27
447400,125720,-51.0,1401,115,15:26:55,2012-07-27
447540,125720,-54.384617,1401,115,15:29:48,2012-07-27
447750,125720,-60.0,1401,115,15:42:22,2012-07-27
447775,125720,-63.0,1401,115,15:42:29,2012-07-27
447780,125720,-63.666668,1401,115,15:42:30,2012-07-27
447785,125720,-64.0,1401,115,15:47:22,2012-07-27
447395,125725,-47.75,1401,115,15:28:55,2012-07-27
447750,125725,-58.0,1401,115,15:39:24,2012-07-27
447785,125725,-63.0,1401,115,15:42:31,2012-07-27
447790,125725,-63.57143,1401,115,15:42:32,2012-07-27
447060,125730,-51.0,1401,115,15:52:52,2012-07-27
447395,125730,-45.799999,1401,115,15:28:55,2012-07-27
447535,125730,-56.25,1401,115,15:30:50,2012-07-27
447745,125730,-57.0,1401,115,15:39:24,2012-07-27
447795,125730,-64.0,1401,115,15:42:33,2012-07-27
447800,125730,-64.0,1401,115,15:42:34,2012-07-27
447805,125730,-64.0,1401,115,15:42:34,2012-07-27
447050,125735,-52.0,1401,115,15:52:52,2012-07-27
447535,125735,-49.0,1401,115,15:29:50,2012-07-27
447745,125735,-62.599998,1401,115,18:00:47,2012-07-27
447810,125735,-64.0,1401,115,15:42:36,2012-07-27
447815,125735,-64.0,1401,115,15:42:37,2012-07-27
447820,125735,-65.0,1401,115,15:42:38,2012-07-27
447390,125740,-46.799999,1401,115,15:28:54,2012-07-27
447530,125740,-51.166668,1401,115,15:29:51,2012-07-27
447825,125740,-65.0,1401,115,15:42:39,2012-07-27
447835,125740,-62.75,1401,115,15:42:41,2012-07-27
447040,125745,-54.0,1401,115,15:52:53,2012-07-27
447385,125745,-46.333332,1401,115,15:28:53,2012-07-27
447530,125745,-55.25,1401,115,15:30:49,2012-07-27
447740,125745,-58.666668,1401,115,15:39:26,2012-07-27
447835,125745,-62.0,1401,115,15:42:41,2012-07-27
447840,125745,-61.666668,1401,115,15:42:42,2012-07-27
447845,125745,-61.0,1401,115,15:42:43,2012-07-27
447035,125750,-54.25,1401,115,15:52:54,2012-07-27
447380,125750,-46.25,1401,115,15:26:59,2012-07-27
447385,125750,-48.0,1401,115,15:28:52,2012-07-27
447845,125750,-61.0,1401,115,15:42:43,2012-07-27
447380,125755,-49.5,1401,115,15:28:50,2012-07-27
447525,125755,-48.0,1401,115,15:29:53,2012-07-27
447735,125755,-58.0,1401,115,18:00:47,2012-07-27
447025,125760,-55.0,1401,115,15:52:54,2012-07-27
447375,125760,-51.0,1401,115,15:28:50,2012-07-27
447525,125760,-52.833332,1401,115,15:29:53,2012-07-27
447735,125760,-58.0,1401,115,18:22:11,2012-07-27
447375,125765,-48.0,1401,115,15:27:00,2012-07-27
447525,125765,-51.666668,1401,115,15:30:46,2012-07-27
447730,125765,-58.0,1401,115,18:00:47,2012-07-27
447015,125770,-55.5,1401,115,15:52:55,2012-07-27
447375,125770,-48.400002,1401,115,15:27:55,2012-07-27
447380,125770,-46.0,1401,115,15:27:56,2012-07-27
447525,125770,-47.833332,1401,115,15:29:54,2012-07-27
447730,125770,-58.0,1401,115,15:39:29,2012-07-27
447370,125775,-47.333332,1401,115,15:27:02,2012-07-27
447380,125775,-48.666668,1401,115,15:27:57,2012-07-27
447390,125775,-42.25,1401,115,15:27:58,2012-07-27
447730,125775,-58.0,1401,115,15:39:29,2012-07-27
447000,125780,-57.0,1401,115,15:52:56,2012-07-27
447365,125780,-49.5,1401,115,15:27:02,2012-07-27
447385,125780,-52.75,1401,115,15:28:46,2012-07-27
447390,125780,-45.25,1401,115,15:27:59,2012-07-27
447520,125780,-47.555557,1401,115,15:29:55,2012-07-27
447725,125780,-58.0,1401,115,18:00:47,2012-07-27
447730,125780,-58.0,1401,115,15:39:30,2012-07-27
447360,125785,-50.0,1401,115,15:27:52,2012-07-27
447365,125785,-49.375,1401,115,15:27:03,2012-07-27
447395,125785,-53.666668,1401,115,15:28:45,2012-07-27
447400,125785,-46.5,1401,115,15:28:01,2012-07-27
447405,125785,-45.0,1401,115,15:28:02,2012-07-27
447725,125785,-58.0,1401,115,18:22:08,2012-07-27
446995,125790,-56.5,1401,115,15:52:57,2012-07-27
447360,125790,-49.900002,1401,115,15:27:04,2012-07-27
447405,125790,-54.799999,1401,115,15:28:43,2012-07-27
447410,125790,-49.400002,1401,115,15:28:02,2012-07-27
447520,125790,-45.75,1401,115,15:29:57,2012-07-27
447720,125790,-58.0,1401,115,18:22:07,2012-07-27
447725,125790,-58.0,1401,115,15:39:31,2012-07-27
446985,125795,-55.0,1401,115,15:52:57,2012-07-27
447355,125795,-51.599998,1401,115,15:27:05,2012-07-27
447360,125795,-48.599998,1401,115,15:27:04,2012-07-27
447415,125795,-55.75,1401,115,15:28:42,2012-07-27
447420,125795,-49.400002,1401,115,15:28:04,2012-07-27
447425,125795,-50.0,1401,115,15:28:04,2012-07-27
447520,125795,-47.0,1401,115,15:29:57,2012-07-27
447725,125795,-57.5,1401,115,15:39:32,2012-07-27
447355,125800,-49.799999,1401,115,15:27:06,2012-07-27
447425,125800,-56.599998,1401,115,15:28:40,2012-07-27
447430,125800,-51.5,1401,115,15:28:05,2012-07-27
447435,125800,-51.0,1401,115,15:28:06,2012-07-27
447720,125800,-56.0,1401,115,15:39:32,2012-07-27
446975,125805,-54.200001,1401,115,15:52:58,2012-07-27
447355,125805,-49.0,1401,115,15:27:08,2012-07-27
447360,125805,-51.222221,1401,115,15:27:08,2012-07-27
447435,125805,-55.5,1401,115,15:28:39,2012-07-27
447440,125805,-52.0,1401,115,15:28:07,2012-07-27
447515,125805,-48.400002,1401,115,15:30:41,2012-07-27
446970,125810,-53.0,1401,115,15:52:59,2012-07-27
447360,125810,-49.0,1401,115,15:27:09,2012-07-27
447365,125810,-51.0,1401,115,15:27:10,2012-07-27
447370,125810,-56.400002,1401,115,15:27:45,2012-07-27
447445,125810,-53.299999,1401,115,15:28:08,2012-07-27
447450,125810,-52.5,1401,115,15:28:09,2012-07-27
447455,125810,-54.0,1401,115,15:28:35,2012-07-27
447720,125810,-55.333332,1401,115,15:39:33,2012-07-27
447370,125815,-52.25,1401,115,15:27:11,2012-07-27
447375,125815,-55.333332,1401,115,15:27:12,2012-07-27
447450,125815,-48.599998,1401,115,15:28:11,2012-07-27
447455,125815,-51.549999,1401,115,15:28:12,2012-07-27
447715,125815,-54.0,1401,115,15:39:34,2012-07-27
446960,125820,-52.666668,1401,115,15:52:59,2012-07-27
447380,125820,-56.25,1401,115,15:27:14,2012-07-27
447385,125820,-56.333332,1401,115,15:27:16,2012-07-27
447510,125820,-48.799999,1401,115,15:30:40,2012-07-27
447515,125820,-47.0,1401,115,15:30:00,2012-07-27
447385,125825,-57.75,1401,115,15:27:43,2012-07-27
447395,125825,-53.0,1401,115,15:27:16,2012-07-27
447510,125825,-48.400002,1401,115,15:30:00,2012-07-27
447715,125825,-55.142857,1401,115,15:39:34,2012-07-27
447400,125830,-53.636364,1401,115,15:27:17,2012-07-27
447405,125830,-49.0,1401,115,15:27:19,2012-07-27
447510,125830,-51.0,1401,115,15:30:38,2012-07-27
447710,125830,-56.0,1401,115,15:39:35,2012-07-27
446940,125835,-53.0,1401,115,15:53:01,2012-07-27
447410,125835,-52.142857,1401,115,15:27:21,2012-07-27
447710,125835,-56.25,1401,115,15:39:36,2012-07-27
447415,125840,-57.400002,1401,115,15:27:38,2012-07-27
447420,125840,-52.0,1401,115,15:27:23,2012-07-27
447425,125840,-52.0,1401,115,15:27:25,2012-07-27
447710,125840,-57.0,1401,115,15:39:36,2012-07-27
446930,125845,-56.5,1401,115,15:53:01,2012-07-27
447425,125845,-54.615383,1401,115,15:27:26,2012-07-27
447430,125845,-58.466667,1401,115,15:27:35,2012-07-27
447505,125845,-49.888889,1401,115,15:30:02,2012-07-27
447705,125845,-57.0,1401,115,15:39:37,2012-07-27
446925,125850,-58.0,1401,115,15:53:03,2012-07-27
447500,125850,-51.25,1401,115,15:30:36,2012-07-27
447705,125850,-56.0,1401,115,15:39:37,2012-07-27
447500,125855,-50.0,1401,115,15:30:03,2012-07-27
447705,125855,-56.0,1401,115,15:39:37,2012-07-27
447495,125860,-52.5,1401,115,15:30:35,2012-07-27
447700,125860,-56.0,1401,115,15:39:38,2012-07-27
446910,125865,-59.714287,1401,115,15:53:04,2012-07-27
447495,125865,-48.666668,1401,115,15:30:05,2012-07-27
447700,125865,-55.599998,1401,115,15:39:39,2012-07-27
447490,125870,-58.0,1401,115,15:30:33,2012-07-27
447495,125870,-57.0,1401,115,15:30:33,2012-07-27
447695,125870,-55.0,1401,115,15:39:39,2012-07-27
446895,125875,-61.0,1401,115,15:53:04,2012-07-27
447490,125875,-54.666668,1401,115,15:30:32,2012-07-27
447490,125880,-46.5,1401,115,15:30:07,2012-07-27
446885,125885,-61.0,1401,115,15:53:06,2012-07-27
447485,125890,-50.75,1401,115,15:30:31,2012-07-27
447480,125895,-44.0,1401,115,15:30:08,2012-07-27
447485,125895,-50.0,1401,115,15:30:30,2012-07-27
446870,125900,-61.0,1401,115,15:53:06,2012-07-27
447480,125900,-49.400002,1401,115,15:30:29,2012-07-27
447475,125905,-46.0,1401,115,15:30:28,2012-07-27
447480,125905,-49.0,1401,115,15:30:28,2012-07-27
447475,125910,-42.799999,1401,115,15:30:09,2012-07-27
447475,125915,-40.166668,1401,115,15:30:11,2012-07-27
447470,125920,-37.5,1401,115,15:30:12,2012-07-27
447475,125920,-38.0,1401,115,15:30:12,2012-07-27
447465,125925,-37.0,1401,115,15:30:15,2012-07-27
447470,125925,-37.545456,1401,115,15:30:13,2012-07-27
447465,125930,-39.0,1401,115,15:30:17,2012-07-27
447470,125930,-40.333332,1401,115,15:30:24,2012-07-27
447640,125950,-57.0,1401,115,15:41:54,2012-07-27
447645,125950,-57.0,1401,115,15:41:55,2012-07-27
447635,125960,-55.0,1401,115,15:41:53,2012-07-27
447820,125975,-48.0,1401,115,14:45:40,2012-07-30
447625,125985,-49.0,1401,115,15:41:51,2012-07-27
447790,125990,-48.0,1401,115,14:45:39,2012-07-30
447615,125995,-42.0,1401,115,15:41:49,2012-07-27
447615,126000,-40.0,1401,115,15:41:49,2012-07-27
447760,126005,-47.333332,1401,115,14:45:38,2012-07-30
447600,126015,-38.25,1401,115,15:41:47,2012-07-27
447590,126020,-38.0,1401,115,15:41:46,2012-07-27
447730,126020,-44.599998,1401,115,14:45:37,2012-07-30
447585,126025,-37.25,1401,115,15:41:46,2012-07-27
447570,126035,-37.0,1401,115,15:41:44,2012-07-27
447700,126035,-43.0,1401,115,14:45:36,2012-07-30
447535,126040,-38.5,1401,115,15:41:41,2012-07-27
447545,126040,-37.0,1401,115,15:41:42,2012-07-27
447510,126045,-39.0,1401,115,15:41:39,2012-07-27
447520,126045,-39.0,1401,115,15:41:40,2012-07-27
447665,126045,-43.0,1401,115,14:45:35,2012-07-30
447495,126050,-39.0,1401,115,15:41:39,2012-07-27
447485,126055,-39.0,1401,115,15:41:37,2012-07-27
447480,126060,-39.0,1401,115,15:41:36,2012-07-27
447635,126060,-43.0,1401,115,14:45:34,2012-07-30
447470,126070,-39.0,1401,115,15:41:35,2012-07-27
447605,126070,-43.0,1401,115,14:45:33,2012-07-30
447465,126075,-39.0,1401,115,15:41:34,2012-07-27
447460,126085,-39.0,1401,115,15:41:34,2012-07-27
447575,126085,-43.0,1401,115,14:45:32,2012-07-30
447540,126095,-43.0,1401,115,14:45:31,2012-07-30
447450,126140,-37.0,1401,115,15:40:17,2012-07-27
447450,126145,-37.0,1401,115,15:40:17,2012-07-27
447450,126150,-37.0,1401,115,15:40:18,2012-07-27
447450,126155,-37.0,1401,115,15:40:18,2012-07-27
447450,126160,-37.0,1401,115,15:40:20,2012-07-27
447450,126165,-37.0,1401,115,15:40:20,2012-07-27
447450,126170,-37.0,1401,115,15:40:21,2012-07-27
447450,126180,-37.0,1401,115,15:40:22,2012-07-27
447450,126185,-38.25,1401,115,15:40:22,2012-07-27
447450,126190,-42.0,1401,115,15:40:23,2012-07-27
447450,126205,-45.0,1401,115,15:40:24,2012-07-27
447450,126210,-45.75,1401,115,15:40:25,2012-07-27
447450,126220,-48.599998,1401,115,15:40:26,2012-07-27
447445,126240,-52.599998,1401,115,15:40:28,2012-07-27
447440,126265,-54.599998,1401,115,15:40:30,2012-07-27
