450560,126115,-56.0,1663,107,12:58:53,2012-07-31
450560,126130,-54.0,1663,107,14:22:46,2012-07-31
450565,126130,-56.0,1663,107,12:58:54,2012-07-31
450565,126140,-56.0,1663,107,13:02:24,2012-07-31
450565,126145,-54.799999,1663,107,14:22:47,2012-07-31
450565,126150,-56.0,1663,107,13:02:25,2012-07-31
450565,126160,-56.0,1663,107,13:02:27,2012-07-31
450565,126165,-54.799999,1663,107,14:22:48,2012-07-31
450570,126165,-56.0,1663,107,12:58:56,2012-07-31
450565,126180,-54.5,1663,107,14:22:49,2012-07-31
450570,126185,-57.5,1663,107,12:58:58,2012-07-31
450570,126190,-61.799999,1663,107,12:59:00,2012-07-31
450565,126200,-57.0,1663,107,13:02:30,2012-07-31
450570,126200,-54.0,1663,107,14:22:50,2012-07-31
450575,126200,-62.0,1663,107,12:59:01,2012-07-31
450580,126200,-63.400002,1663,107,12:59:03,2012-07-31
450585,126200,-63.666668,1663,107,12:59:04,2012-07-31
450565,126205,-60.0,1663,107,13:02:31,2012-07-31
450590,126205,-63.0,1663,107,12:59:05,2012-07-31
450600,126205,-63.333332,1663,107,12:59:07,2012-07-31
450605,126210,-64.0,1663,107,12:59:08,2012-07-31
450610,126210,-64.0,1663,107,12:59:09,2012-07-31
450615,126210,-63.200001,1663,107,12:59:10,2012-07-31
450565,126215,-60.0,1663,107,13:02:32,2012-07-31
450620,126215,-62.0,1663,107,12:59:11,2012-07-31
450625,126215,-62.0,1663,107,12:59:12,2012-07-31
450630,126215,-62.0,1663,107,12:59:13,2012-07-31
450565,126220,-57.0,1663,107,14:22:52,2012-07-31
450635,126220,-62.5,1663,107,12:59:14,2012-07-31
450565,126230,-60.0,1663,107,13:02:33,2012-07-31
450565,126245,-60.799999,1663,107,14:22:53,2012-07-31
450565,126250,-60.0,1663,107,13:02:34,2012-07-31
450565,126265,-60.0,1663,107,13:02:35,2012-07-31
450565,126275,-60.299999,1663,107,13:02:36,2012-07-31
450560,126285,-59.0,1663,107,13:02:36,2012-07-31
450560,126295,-59.5,1663,107,14:22:56,2012-07-31
450560,126300,-59.666668,1663,107,13:02:37,2012-07-31
450555,126310,-61.0,1663,107,13:02:38,2012-07-31
450555,126320,-61.0,1663,107,13:02:38,2012-07-31
450555,126325,-62.0,1663,107,13:02:38,2012-07-31
450550,126330,-58.799999,1663,107,14:22:57,2012-07-31
450555,126330,-65.0,1663,107,13:02:39,2012-07-31
450550,126335,-65.0,1663,107,13:02:39,2012-07-31
450545,126350,-61.5,1663,107,14:22:59,2012-07-31
450530,126400,-62.0,1663,107,14:23:01,2012-07-31
450290,126805,-55.0,1663,107,13:03:04,2012-07-31
450270,126835,-55.0,1663,107,13:03:05,2012-07-31
450250,126865,-55.0,1663,107,13:03:06,2012-07-31
450240,126885,-55.0,1663,107,13:03:07,2012-07-31
450225,126905,-43.0,1663,107,13:03:10,2012-07-31
450215,126920,-53.0,1663,107,14:23:26,2012-07-31
450215,126925,-53.0,1663,107,14:23:26,2012-07-31
450210,126935,-53.0,1663,107,14:23:27,2012-07-31
450205,126940,-53.0,1663,107,14:23:27,2012-07-31
450200,126945,-45.25,1663,107,13:03:11,2012-07-31
450195,126950,-53.0,1663,107,14:23:28,2012-07-31
450190,126960,-53.0,1663,107,14:23:28,2012-07-31
450185,126970,-53.0,1663,107,14:23:29,2012-07-31
450175,126985,-44.5,1663,107,13:03:13,2012-07-31
450165,127005,-45.0,1663,107,13:03:14,2012-07-31
450155,127020,-53.0,1663,107,14:23:31,2012-07-31
450145,127030,-48.666668,1663,107,14:23:32,2012-07-31
450145,127035,-41.0,1663,107,13:03:15,2012-07-31
450130,127055,-39.599998,1663,107,14:23:33,2012-07-31
450135,127055,-40.200001,1663,107,13:03:15,2012-07-31
450125,127065,-39.0,1663,107,13:03:17,2012-07-31
450120,127075,-39.333332,1663,107,14:23:35,2012-07-31
450115,127085,-39.0,1663,107,13:03:17,2012-07-31
450100,127105,-39.5,1663,107,13:03:18,2012-07-31
450090,127125,-41.0,1663,107,14:23:37,2012-07-31
450085,127135,-39.0,1663,107,13:03:20,2012-07-31
450075,127145,-41.200001,1663,107,14:23:38,2012-07-31
450070,127150,-39.0,1663,107,13:03:21,2012-07-31
450060,127170,-39.200001,1663,107,13:03:22,2012-07-31
450055,127175,-42.0,1663,107,14:23:40,2012-07-31
450050,127185,-40.0,1663,107,13:03:23,2012-07-31
450045,127195,-42.799999,1663,107,14:23:40,2012-07-31
450040,127205,-41.0,1663,107,13:03:24,2012-07-31
450030,127220,-43.666668,1663,107,13:03:25,2012-07-31
450025,127225,-44.0,1663,107,14:23:42,2012-07-31
450010,127245,-44.25,1663,107,14:23:43,2012-07-31
450010,127255,-45.0,1663,107,13:03:27,2012-07-31
450000,127260,-45.25,1663,107,13:03:27,2012-07-31
450000,127265,-45.400002,1663,107,14:23:44,2012-07-31
449980,127295,-46.222221,1663,107,13:03:29,2012-07-31
449970,127310,-43.333332,1663,107,13:03:31,2012-07-31
449970,127315,-46.0,1663,107,14:23:47,2012-07-31
449960,127330,-45.599998,1663,107,14:23:47,2012-07-31
449955,127345,-41.5,1663,107,13:03:32,2012-07-31
449950,127360,-43.25,1663,107,13:03:33,2012-07-31
449940,127380,-40.0,1663,107,13:03:34,2012-07-31
449940,127385,-40.0,1663,107,13:03:34,2012-07-31
449940,127390,-42.0,1663,107,13:03:35,2012-07-31
449935,127400,-40.0,1663,107,13:03:35,2012-07-31
449930,127405,-42.0,1663,107,14:23:51,2012-07-31
449935,127405,-39.0,1663,107,13:03:36,2012-07-31
449930,127410,-39.0,1663,107,13:03:36,2012-07-31
449930,127415,-39.0,1663,107,13:03:36,2012-07-31
449930,127420,-41.5,1663,107,14:23:52,2012-07-31
449925,127425,-40.0,1663,107,14:23:52,2012-07-31
449930,127425,-39.0,1663,107,13:03:37,2012-07-31
449925,127430,-39.0,1663,107,13:03:37,2012-07-31
449925,127435,-39.5,1663,107,13:03:37,2012-07-31
449925,127445,-40.0,1663,107,14:23:53,2012-07-31
449925,127450,-39.25,1663,107,13:03:38,2012-07-31
449920,127455,-40.0,1663,107,14:23:54,2012-07-31
449920,127460,-40.0,1663,107,13:03:39,2012-07-31
449920,127470,-40.375,1663,107,13:03:39,2012-07-31
449920,127475,-41.0,1663,107,14:23:55,2012-07-31
449920,127480,-41.200001,1663,107,14:23:55,2012-07-31
449915,127485,-41.0,1663,107,14:23:56,2012-07-31
449915,127490,-42.0,1663,107,14:23:56,2012-07-31
449920,127490,-42.5,1663,107,13:03:41,2012-07-31
449915,127500,-44.0,1663,107,14:23:56,2012-07-31
449920,127500,-44.0,1663,107,13:03:41,2012-07-31
449915,127505,-44.0,1663,107,14:23:57,2012-07-31
449915,127510,-44.0,1663,107,14:23:57,2012-07-31
449920,127510,-44.5,1663,107,13:03:42,2012-07-31
449915,127515,-45.333332,1663,107,14:23:57,2012-07-31
449920,127515,-46.0,1663,107,13:03:43,2012-07-31
449920,127520,-46.0,1663,107,13:03:43,2012-07-31
449915,127525,-48.0,1663,107,14:23:58,2012-07-31
449915,127530,-48.0,1663,107,14:23:58,2012-07-31
449920,127530,-46.5,1663,107,13:03:44,2012-07-31
449915,127540,-48.400002,1663,107,14:23:59,2012-07-31
449915,127545,-49.0,1663,107,14:23:59,2012-07-31
449920,127545,-48.333332,1663,107,13:03:45,2012-07-31
449915,127550,-49.0,1663,107,14:23:59,2012-07-31
449920,127560,-49.0,1663,107,13:03:46,2012-07-31
449920,127570,-50.0,1663,107,14:24:01,2012-07-31
449925,127575,-47.799999,1663,107,13:03:48,2012-07-31
449920,127580,-49.666668,1663,107,14:24:02,2012-07-31
449925,127585,-47.0,1663,107,13:03:48,2012-07-31
449925,127590,-49.0,1663,107,14:24:02,2012-07-31
449925,127595,-47.333332,1663,107,13:03:49,2012-07-31
449925,127600,-48.75,1663,107,14:24:03,2012-07-31
449925,127605,-48.0,1663,107,14:24:04,2012-07-31
449925,127615,-47.5,1663,107,14:24:04,2012-07-31
449930,127630,-49.0,1663,107,13:03:52,2012-07-31
449930,127635,-45.666668,1663,107,14:24:06,2012-07-31
449935,127645,-48.75,1663,107,13:03:53,2012-07-31
449935,127655,-45.0,1663,107,14:24:07,2012-07-31
449935,127665,-45.0,1663,107,14:24:08,2012-07-31
449940,127665,-48.0,1663,107,13:03:55,2012-07-31
449935,127670,-45.0,1663,107,14:24:09,2012-07-31
449940,127670,-48.0,1663,107,13:03:55,2012-07-31
449940,127680,-47.0,1663,107,14:24:09,2012-07-31
449940,127690,-45.285713,1663,107,14:24:10,2012-07-31
449940,127700,-44.333332,1663,107,14:24:11,2012-07-31
449940,127705,-43.0,1663,107,14:24:11,2012-07-31
449940,127710,-43.0,1663,107,14:24:11,2012-07-31
449940,127715,-44.714287,1663,107,14:24:12,2012-07-31
449940,127720,-43.0,1663,107,14:24:12,2012-07-31
449940,127725,-45.0,1663,107,13:04:01,2012-07-31
449940,127730,-43.0,1663,107,14:24:13,2012-07-31
449940,127735,-45.0,1663,107,13:04:01,2012-07-31
449940,127745,-43.799999,1663,107,14:24:14,2012-07-31
449940,127755,-45.0,1663,107,14:24:15,2012-07-31
449945,127760,-46.200001,1663,107,13:04:03,2012-07-31
449940,127765,-45.25,1663,107,14:24:16,2012-07-31
449945,127765,-48.666668,1663,107,13:04:05,2012-07-31
449940,127770,-46.0,1663,107,14:24:16,2012-07-31
449950,127775,-51.0,1663,107,13:04:06,2012-07-31
449940,127780,-46.75,1663,107,14:24:17,2012-07-31
449935,127785,-49.0,1663,107,14:24:18,2012-07-31
449965,127785,-56.0,1663,107,13:04:08,2012-07-31
449935,127790,-49.0,1663,107,14:24:18,2012-07-31
449970,127790,-59.0,1663,107,13:04:09,2012-07-31
449935,127800,-49.75,1663,107,14:24:19,2012-07-31
449975,127800,-61.0,1663,107,13:04:10,2012-07-31
449935,127805,-52.0,1663,107,14:24:19,2012-07-31
449980,127805,-61.0,1663,107,13:04:10,2012-07-31
449930,127815,-52.5,1663,107,14:24:20,2012-07-31
449985,127815,-60.75,1663,107,13:04:12,2012-07-31
449930,127825,-54.0,1663,107,14:24:21,2012-07-31
449990,127830,-59.0,1663,107,13:04:13,2012-07-31
449930,127835,-54.25,1663,107,14:24:21,2012-07-31
449925,127845,-55.0,1663,107,14:24:22,2012-07-31
449990,127845,-54.666668,1663,107,13:04:15,2012-07-31
449925,127855,-56.333332,1663,107,14:24:23,2012-07-31
449995,127855,-51.799999,1663,107,13:04:16,2012-07-31
449995,127865,-51.0,1663,107,13:04:17,2012-07-31
449920,127870,-58.0,1663,107,14:24:25,2012-07-31
449920,127875,-58.666668,1663,107,14:24:24,2012-07-31
449995,127875,-49.799999,1663,107,13:04:17,2012-07-31
449920,127885,-57.75,1663,107,14:24:26,2012-07-31
450000,127890,-48.0,1663,107,13:04:18,2012-07-31
449915,127895,-55.599998,1663,107,14:24:27,2012-07-31
450000,127895,-48.0,1663,107,13:04:19,2012-07-31
450000,127900,-48.0,1663,107,13:04:19,2012-07-31
450005,127905,-48.0,1663,107,13:04:20,2012-07-31
450005,127910,-48.25,1663,107,13:04:20,2012-07-31
450005,127915,-49.0,1663,107,13:04:21,2012-07-31
450005,127925,-50.0,1663,107,13:04:22,2012-07-31
449910,127930,-53.200001,1663,107,14:24:28,2012-07-31
450010,127935,-52.0,1663,107,13:04:23,2012-07-31
450010,127940,-52.799999,1663,107,13:04:23,2012-07-31
449905,127945,-49.599998,1663,107,14:24:30,2012-07-31
450015,127945,-54.0,1663,107,13:04:24,2012-07-31
450015,127950,-54.0,1663,107,13:04:24,2012-07-31
450015,127955,-54.75,1663,107,13:04:24,2012-07-31
449905,127960,-45.0,1663,107,14:24:31,2012-07-31
450020,127960,-57.0,1663,107,13:04:25,2012-07-31
450025,127965,-57.5,1663,107,13:04:26,2012-07-31
449900,127975,-42.0,1663,107,14:24:32,2012-07-31
450030,127975,-59.0,1663,107,13:04:27,2012-07-31
450035,127980,-58.599998,1663,107,13:04:27,2012-07-31
450040,127985,-58.0,1663,107,13:04:28,2012-07-31
449895,127990,-41.200001,1663,107,14:24:33,2012-07-31
450045,127990,-57.5,1663,107,13:04:29,2012-07-31
450055,128000,-55.0,1663,107,13:04:30,2012-07-31
450060,128005,-52.0,1663,107,13:04:31,2012-07-31
449895,128015,-39.333332,1663,107,14:24:34,2012-07-31
450060,128015,-51.25,1663,107,13:04:32,2012-07-31
449890,128030,-37.666668,1663,107,14:24:35,2012-07-31
450060,128030,-48.25,1663,107,13:04:33,2012-07-31
450060,128035,-46.0,1663,107,13:04:33,2012-07-31
449885,128045,-37.0,1663,107,14:24:37,2012-07-31
450060,128045,-45.5,1663,107,13:04:34,2012-07-31
450060,128050,-45.0,1663,107,13:04:35,2012-07-31
450060,128060,-44.333332,1663,107,13:04:36,2012-07-31
450060,128075,-43.333332,1663,107,13:04:37,2012-07-31
449880,128080,-37.0,1663,107,14:24:38,2012-07-31
450060,128080,-44.0,1663,107,13:04:38,2012-07-31
450060,128090,-44.5,1663,107,13:04:39,2012-07-31
449875,128100,-37.0,1663,107,14:24:40,2012-07-31
450060,128105,-46.666668,1663,107,13:04:40,2012-07-31
450065,128110,-48.0,1663,107,13:04:41,2012-07-31
450065,128120,-48.25,1663,107,13:04:42,2012-07-31
449870,128125,-37.0,1663,107,14:24:40,2012-07-31
450070,128125,-49.0,1663,107,13:04:42,2012-07-31
450075,128135,-50.200001,1663,107,13:04:43,2012-07-31
450080,128140,-52.799999,1663,107,13:04:44,2012-07-31
449870,128145,-37.0,1663,107,14:24:42,2012-07-31
450095,128155,-52.799999,1663,107,13:04:46,2012-07-31
449865,128165,-37.0,1663,107,14:24:43,2012-07-31
450100,128165,-50.75,1663,107,13:04:47,2012-07-31
450105,128175,-50.0,1663,107,13:04:48,2012-07-31
449860,128180,-37.0,1663,107,14:24:44,2012-07-31
450110,128185,-49.375,1663,107,13:04:49,2012-07-31
450110,128195,-48.5,1663,107,13:04:50,2012-07-31
449855,128200,-37.666668,1663,107,14:24:45,2012-07-31
450115,128210,-47.0,1663,107,13:04:51,2012-07-31
450115,128215,-47.0,1663,107,13:04:51,2012-07-31
450115,128225,-47.666668,1663,107,13:04:53,2012-07-31
449850,128240,-39.5,1663,107,14:24:47,2012-07-31
450120,128240,-49.599998,1663,107,13:04:53,2012-07-31
450125,128255,-52.0,1663,107,13:04:55,2012-07-31
449845,128260,-40.0,1663,107,14:24:48,2012-07-31
450130,128260,-52.0,1663,107,13:04:56,2012-07-31
450135,128275,-52.0,1663,107,13:04:57,2012-07-31
449840,128280,-40.0,1663,107,14:24:49,2012-07-31
450140,128280,-52.0,1663,107,13:04:58,2012-07-31
450145,128285,-51.599998,1663,107,13:04:58,2012-07-31
450150,128295,-50.5,1663,107,13:05:00,2012-07-31
449835,128310,-40.0,1663,107,14:24:51,2012-07-31
450160,128310,-49.0,1663,107,13:05:01,2012-07-31
450160,128315,-48.599998,1663,107,13:05:01,2012-07-31
450165,128325,-48.25,1663,107,13:05:03,2012-07-31
449830,128335,-40.0,1663,107,14:24:52,2012-07-31
450170,128335,-49.599998,1663,107,13:05:03,2012-07-31
450180,128345,-52.0,1663,107,13:05:05,2012-07-31
449830,128355,-39.200001,1663,107,14:24:52,2012-07-31
450185,128355,-52.25,1663,107,13:05:05,2012-07-31
450190,128365,-53.599998,1663,107,13:05:06,2012-07-31
449825,128375,-38.0,1663,107,14:24:54,2012-07-31
450195,128380,-56.0,1663,107,13:05:08,2012-07-31
450195,128390,-56.25,1663,107,13:05:08,2012-07-31
450195,128405,-56.75,1663,107,13:05:10,2012-07-31
449815,128410,-38.0,1663,107,14:24:55,2012-07-31
450200,128415,-55.599998,1663,107,13:05:11,2012-07-31
450205,128440,-54.200001,1663,107,13:05:12,2012-07-31
449810,128445,-38.0,1663,107,14:24:56,2012-07-31
449810,128455,-38.25,1663,107,14:24:57,2012-07-31
449805,128460,-39.0,1663,107,14:24:57,2012-07-31
450205,128465,-55.666668,1663,107,13:05:14,2012-07-31
449805,128470,-39.0,1663,107,14:24:57,2012-07-31
450210,128475,-56.666668,1663,107,13:05:15,2012-07-31
449805,128490,-39.0,1663,107,14:24:58,2012-07-31
449800,128495,-39.0,1663,107,14:24:59,2012-07-31
449800,128500,-39.0,1663,107,14:24:59,2012-07-31
450210,128500,-55.0,1663,107,13:05:17,2012-07-31
449800,128515,-39.25,1663,107,14:24:59,2012-07-31
450210,128520,-51.400002,1663,107,13:05:18,2012-07-31
450210,128525,-49.0,1663,107,13:05:18,2012-07-31
450210,128530,-49.0,1663,107,13:05:19,2012-07-31
450210,128540,-48.57143,1663,107,13:05:20,2012-07-31
450210,128545,-48.0,1663,107,13:05:20,2012-07-31
449795,128550,-40.0,1663,107,14:25:01,2012-07-31
450210,128550,-46.666668,1663,107,13:05:21,2012-07-31
449795,128560,-40.0,1663,107,14:25:02,2012-07-31
450210,128570,-43.25,1663,107,13:05:22,2012-07-31
449795,128580,-40.25,1663,107,14:25:02,2012-07-31
450210,128580,-41.0,1663,107,13:05:23,2012-07-31
450210,128590,-41.25,1663,107,13:05:24,2012-07-31
449795,128595,-41.0,1663,107,14:25:03,2012-07-31
450210,128600,-42.0,1663,107,13:05:25,2012-07-31
450210,128605,-42.5,1663,107,13:05:25,2012-07-31
449795,128610,-41.25,1663,107,14:25:04,2012-07-31
450210,128615,-44.0,1663,107,13:05:26,2012-07-31
449795,128620,-42.0,1663,107,14:25:04,2012-07-31
450210,128625,-44.5,1663,107,13:05:27,2012-07-31
449795,128640,-42.25,1663,107,14:25:05,2012-07-31
450210,128640,-46.0,1663,107,13:05:27,2012-07-31
450210,128645,-46.25,1663,107,13:05:28,2012-07-31
449795,128655,-43.0,1663,107,14:25:06,2012-07-31
450215,128655,-47.0,1663,107,13:05:29,2012-07-31
450215,128665,-48.25,1663,107,13:05:29,2012-07-31
449790,128670,-43.25,1663,107,14:25:07,2012-07-31
450215,128670,-52.5,1663,107,13:05:30,2012-07-31
450215,128675,-52.0,1663,107,13:05:31,2012-07-31
450215,128680,-54.0,1663,107,13:05:32,2012-07-31
449790,128685,-44.0,1663,107,14:25:07,2012-07-31
450215,128690,-57.0,1663,107,13:05:33,2012-07-31
449790,128700,-44.5,1663,107,14:25:08,2012-07-31
450215,128705,-57.0,1663,107,13:05:34,2012-07-31
449785,128715,-46.0,1663,107,14:25:09,2012-07-31
450215,128715,-57.0,1663,107,13:05:34,2012-07-31
450215,128720,-56.75,1663,107,13:05:37,2012-07-31
449785,128735,-47.5,1663,107,14:25:09,2012-07-31
450210,128740,-55.0,1663,107,13:05:37,2012-07-31
449780,128750,-52.0,1663,107,14:25:10,2012-07-31
450205,128750,-55.0,1663,107,13:05:38,2012-07-31
449775,128760,-53.666668,1663,107,14:25:11,2012-07-31
449775,128765,-57.0,1663,107,14:25:11,2012-07-31
450200,128765,-55.0,1663,107,13:05:39,2012-07-31
449775,128775,-57.0,1663,107,14:25:12,2012-07-31
450195,128775,-54.200001,1663,107,13:05:39,2012-07-31
449775,128785,-58.599998,1663,107,14:25:12,2012-07-31
450195,128790,-52.75,1663,107,13:05:41,2012-07-31
450195,128800,-52.200001,1663,107,13:05:41,2012-07-31
449770,128815,-62.25,1663,107,14:25:14,2012-07-31
450195,128815,-53.0,1663,107,13:05:43,2012-07-31
450200,128820,-53.400002,1663,107,13:05:44,2012-07-31
449765,128840,-67.0,1663,107,14:25:14,2012-07-31
450200,128840,-54.25,1663,107,13:05:45,2012-07-31
450200,128845,-55.0,1663,107,13:05:46,2012-07-31
449765,128860,-71.400002,1663,107,14:25:16,2012-07-31
450205,128865,-55.400002,1663,107,13:05:46,2012-07-31
450205,128875,-56.5,1663,107,13:05:48,2012-07-31
449770,128880,-73.0,1663,107,14:45:54,2012-07-31
450205,128880,-58.0,1663,107,13:05:48,2012-07-31
449770,128885,-73.0,1663,107,14:45:55,2012-07-31
449770,128890,-73.0,1663,107,14:45:55,2012-07-31
449760,128895,-73.0,1663,107,14:25:17,2012-07-31
450205,128895,-58.909092,1663,107,13:05:49,2012-07-31
449770,128900,-73.0,1663,107,14:45:56,2012-07-31
449770,128905,-73.0,1663,107,14:45:57,2012-07-31
449760,128915,-73.5,1663,107,14:25:18,2012-07-31
449775,128915,-73.0,1663,107,14:45:58,2012-07-31
450205,128915,-61.0,1663,107,13:05:51,2012-07-31
449760,128925,-75.75,1663,107,14:25:18,2012-07-31
449775,128925,-73.0,1663,107,14:45:59,2012-07-31
450210,128925,-62.5,1663,107,13:05:52,2012-07-31
449775,128930,-73.0,1663,107,14:45:59,2012-07-31
450210,128935,-64.571426,1663,107,13:05:53,2012-07-31
449775,128940,-73.75,1663,107,14:46:00,2012-07-31
450215,128945,-68.0,1663,107,13:05:54,2012-07-31
449775,128950,-76.0,1663,107,14:46:00,2012-07-31
449765,128955,-78.0,1663,107,14:25:20,2012-07-31
449775,128960,-76.0,1663,107,14:46:01,2012-07-31
449780,128960,-76.0,1663,107,14:46:01,2012-07-31
449765,128965,-78.25,1663,107,14:25:21,2012-07-31
449780,128965,-76.0,1663,107,14:46:02,2012-07-31
449780,128970,-76.0,1663,107,14:46:02,2012-07-31
449780,128975,-75.5,1663,107,14:46:03,2012-07-31
450560,126115,-56.0,1663,107,12:58:53,2012-07-31
450560,126130,-54.0,1663,107,14:22:46,2012-07-31
450565,126130,-56.0,1663,107,12:58:54,2012-07-31
450565,126140,-56.0,1663,107,13:02:24,2012-07-31
450565,126145,-54.799999,1663,107,14:22:47,2012-07-31
450565,126150,-56.0,1663,107,13:02:25,2012-07-31
450565,126160,-56.0,1663,107,13:02:27,2012-07-31
450565,126165,-54.799999,1663,107,14:22:48,2012-07-31
450570,126165,-56.0,1663,107,12:58:56,2012-07-31
450565,126180,-54.5,1663,107,14:22:49,2012-07-31
450570,126185,-57.5,1663,107,12:58:58,2012-07-31
450570,126190,-61.799999,1663,107,12:59:00,2012-07-31
450565,126200,-57.0,1663,107,13:02:30,2012-07-31
450570,126200,-54.0,1663,107,14:22:50,2012-07-31
450575,126200,-62.0,1663,107,12:59:01,2012-07-31
450580,126200,-63.400002,1663,107,12:59:03,2012-07-31
450585,126200,-63.666668,1663,107,12:59:04,2012-07-31
450565,126205,-60.0,1663,107,13:02:31,2012-07-31
450590,126205,-63.0,1663,107,12:59:05,2012-07-31
450600,126205,-63.333332,1663,107,12:59:07,2012-07-31
450605,126210,-64.0,1663,107,12:59:08,2012-07-31
450610,126210,-64.0,1663,107,12:59:09,2012-07-31
450615,126210,-63.200001,1663,107,12:59:10,2012-07-31
450565,126215,-60.0,1663,107,13:02:32,2012-07-31
450620,126215,-62.0,1663,107,12:59:11,2012-07-31
450625,126215,-62.0,1663,107,12:59:12,2012-07-31
450630,126215,-62.0,1663,107,12:59:13,2012-07-31
450565,126220,-57.0,1663,107,14:22:52,2012-07-31
450635,126220,-62.5,1663,107,12:59:14,2012-07-31
450565,126230,-60.0,1663,107,13:02:33,2012-07-31
450565,126245,-60.799999,1663,107,14:22:53,2012-07-31
450565,126250,-60.0,1663,107,13:02:34,2012-07-31
450565,126265,-60.0,1663,107,13:02:35,2012-07-31
450565,126275,-60.299999,1663,107,13:02:36,2012-07-31
450560,126285,-59.0,1663,107,13:02:36,2012-07-31
450560,126295,-59.5,1663,107,14:22:56,2012-07-31
450560,126300,-59.666668,1663,107,13:02:37,2012-07-31
450555,126310,-61.0,1663,107,13:02:38,2012-07-31
450555,126320,-61.0,1663,107,13:02:38,2012-07-31
450555,126325,-62.0,1663,107,13:02:38,2012-07-31
450550,126330,-58.799999,1663,107,14:22:57,2012-07-31
450555,126330,-65.0,1663,107,13:02:39,2012-07-31
450550,126335,-65.0,1663,107,13:02:39,2012-07-31
450545,126350,-61.5,1663,107,14:22:59,2012-07-31
450530,126400,-62.0,1663,107,14:23:01,2012-07-31
450290,126805,-55.0,1663,107,13:03:04,2012-07-31
450270,126835,-55.0,1663,107,13:03:05,2012-07-31
450250,126865,-55.0,1663,107,13:03:06,2012-07-31
450240,126885,-55.0,1663,107,13:03:07,2012-07-31
450225,126905,-43.0,1663,107,13:03:10,2012-07-31
450215,126920,-53.0,1663,107,14:23:26,2012-07-31
450215,126925,-53.0,1663,107,14:23:26,2012-07-31
450210,126935,-53.0,1663,107,14:23:27,2012-07-31
450205,126940,-53.0,1663,107,14:23:27,2012-07-31
450200,126945,-45.25,1663,107,13:03:11,2012-07-31
450195,126950,-53.0,1663,107,14:23:28,2012-07-31
450190,126960,-53.0,1663,107,14:23:28,2012-07-31
450185,126970,-53.0,1663,107,14:23:29,2012-07-31
450175,126985,-44.5,1663,107,13:03:13,2012-07-31
450165,127005,-45.0,1663,107,13:03:14,2012-07-31
450155,127020,-53.0,1663,107,14:23:31,2012-07-31
450145,127030,-48.666668,1663,107,14:23:32,2012-07-31
450145,127035,-41.0,1663,107,13:03:15,2012-07-31
450130,127055,-39.599998,1663,107,14:23:33,2012-07-31
450135,127055,-40.200001,1663,107,13:03:15,2012-07-31
450125,127065,-39.0,1663,107,13:03:17,2012-07-31
450120,127075,-39.333332,1663,107,14:23:35,2012-07-31
450115,127085,-39.0,1663,107,13:03:17,2012-07-31
450100,127105,-39.5,1663,107,13:03:18,2012-07-31
450090,127125,-41.0,1663,107,14:23:37,2012-07-31
450085,127135,-39.0,1663,107,13:03:20,2012-07-31
450075,127145,-41.200001,1663,107,14:23:38,2012-07-31
450070,127150,-39.0,1663,107,13:03:21,2012-07-31
450060,127170,-39.200001,1663,107,13:03:22,2012-07-31
450055,127175,-42.0,1663,107,14:23:40,2012-07-31
450050,127185,-40.0,1663,107,13:03:23,2012-07-31
450045,127195,-42.799999,1663,107,14:23:40,2012-07-31
450040,127205,-41.0,1663,107,13:03:24,2012-07-31
450030,127220,-43.666668,1663,107,13:03:25,2012-07-31
450025,127225,-44.0,1663,107,14:23:42,2012-07-31
450010,127245,-44.25,1663,107,14:23:43,2012-07-31
450010,127255,-45.0,1663,107,13:03:27,2012-07-31
450000,127260,-45.25,1663,107,13:03:27,2012-07-31
450000,127265,-45.400002,1663,107,14:23:44,2012-07-31
449980,127295,-46.222221,1663,107,13:03:29,2012-07-31
449970,127310,-43.333332,1663,107,13:03:31,2012-07-31
449970,127315,-46.0,1663,107,14:23:47,2012-07-31
449960,127330,-45.599998,1663,107,14:23:47,2012-07-31
449955,127345,-41.5,1663,107,13:03:32,2012-07-31
449950,127360,-43.25,1663,107,13:03:33,2012-07-31
449940,127380,-40.0,1663,107,13:03:34,2012-07-31
449940,127385,-40.0,1663,107,13:03:34,2012-07-31
449940,127390,-42.0,1663,107,13:03:35,2012-07-31
449935,127400,-40.0,1663,107,13:03:35,2012-07-31
449930,127405,-42.0,1663,107,14:23:51,2012-07-31
449935,127405,-39.0,1663,107,13:03:36,2012-07-31
449930,127410,-39.0,1663,107,13:03:36,2012-07-31
449930,127415,-39.0,1663,107,13:03:36,2012-07-31
449930,127420,-41.5,1663,107,14:23:52,2012-07-31
449925,127425,-40.0,1663,107,14:23:52,2012-07-31
449930,127425,-39.0,1663,107,13:03:37,2012-07-31
449925,127430,-39.0,1663,107,13:03:37,2012-07-31
449925,127435,-39.5,1663,107,13:03:37,2012-07-31
449925,127445,-40.0,1663,107,14:23:53,2012-07-31
449925,127450,-39.25,1663,107,13:03:38,2012-07-31
449920,127455,-40.0,1663,107,14:23:54,2012-07-31
449920,127460,-40.0,1663,107,13:03:39,2012-07-31
449920,127470,-40.375,1663,107,13:03:39,2012-07-31
449920,127475,-41.0,1663,107,14:23:55,2012-07-31
449920,127480,-41.200001,1663,107,14:23:55,2012-07-31
449915,127485,-41.0,1663,107,14:23:56,2012-07-31
449915,127490,-42.0,1663,107,14:23:56,2012-07-31
449920,127490,-42.5,1663,107,13:03:41,2012-07-31
449915,127500,-44.0,1663,107,14:23:56,2012-07-31
449920,127500,-44.0,1663,107,13:03:41,2012-07-31
449915,127505,-44.0,1663,107,14:23:57,2012-07-31
449915,127510,-44.0,1663,107,14:23:57,2012-07-31
449920,127510,-44.5,1663,107,13:03:42,2012-07-31
449915,127515,-45.333332,1663,107,14:23:57,2012-07-31
449920,127515,-46.0,1663,107,13:03:43,2012-07-31
449920,127520,-46.0,1663,107,13:03:43,2012-07-31
449915,127525,-48.0,1663,107,14:23:58,2012-07-31
449915,127530,-48.0,1663,107,14:23:58,2012-07-31
449920,127530,-46.5,1663,107,13:03:44,2012-07-31
449915,127540,-48.400002,1663,107,14:23:59,2012-07-31
449915,127545,-49.0,1663,107,14:23:59,2012-07-31
449920,127545,-48.333332,1663,107,13:03:45,2012-07-31
449915,127550,-49.0,1663,107,14:23:59,2012-07-31
449920,127560,-49.0,1663,107,13:03:46,2012-07-31
449920,127570,-50.0,1663,107,14:24:01,2012-07-31
449925,127575,-47.799999,1663,107,13:03:48,2012-07-31
449920,127580,-49.666668,1663,107,14:24:02,2012-07-31
449925,127585,-47.0,1663,107,13:03:48,2012-07-31
449925,127590,-49.0,1663,107,14:24:02,2012-07-31
449925,127595,-47.333332,1663,107,13:03:49,2012-07-31
449925,127600,-48.75,1663,107,14:24:03,2012-07-31
449925,127605,-48.0,1663,107,14:24:04,2012-07-31
449925,127615,-47.5,1663,107,14:24:04,2012-07-31
449930,127630,-49.0,1663,107,13:03:52,2012-07-31
449930,127635,-45.666668,1663,107,14:24:06,2012-07-31
449935,127645,-48.75,1663,107,13:03:53,2012-07-31
449935,127655,-45.0,1663,107,14:24:07,2012-07-31
449935,127665,-45.0,1663,107,14:24:08,2012-07-31
449940,127665,-48.0,1663,107,13:03:55,2012-07-31
449935,127670,-45.0,1663,107,14:24:09,2012-07-31
449940,127670,-48.0,1663,107,13:03:55,2012-07-31
449940,127680,-47.0,1663,107,14:24:09,2012-07-31
449940,127690,-45.285713,1663,107,14:24:10,2012-07-31
449940,127700,-44.333332,1663,107,14:24:11,2012-07-31
449940,127705,-43.0,1663,107,14:24:11,2012-07-31
449940,127710,-43.0,1663,107,14:24:11,2012-07-31
449940,127715,-44.714287,1663,107,14:24:12,2012-07-31
449940,127720,-43.0,1663,107,14:24:12,2012-07-31
449940,127725,-45.0,1663,107,13:04:01,2012-07-31
449940,127730,-43.0,1663,107,14:24:13,2012-07-31
449940,127735,-45.0,1663,107,13:04:01,2012-07-31
449940,127745,-43.799999,1663,107,14:24:14,2012-07-31
449940,127755,-45.0,1663,107,14:24:15,2012-07-31
449945,127760,-46.200001,1663,107,13:04:03,2012-07-31
449940,127765,-45.25,1663,107,14:24:16,2012-07-31
449945,127765,-48.666668,1663,107,13:04:05,2012-07-31
449940,127770,-46.0,1663,107,14:24:16,2012-07-31
449950,127775,-51.0,1663,107,13:04:06,2012-07-31
449940,127780,-46.75,1663,107,14:24:17,2012-07-31
449935,127785,-49.0,1663,107,14:24:18,2012-07-31
449965,127785,-56.0,1663,107,13:04:08,2012-07-31
449935,127790,-49.0,1663,107,14:24:18,2012-07-31
449970,127790,-59.0,1663,107,13:04:09,2012-07-31
449935,127800,-49.75,1663,107,14:24:19,2012-07-31
449975,127800,-61.0,1663,107,13:04:10,2012-07-31
449935,127805,-52.0,1663,107,14:24:19,2012-07-31
449980,127805,-61.0,1663,107,13:04:10,2012-07-31
449930,127815,-52.5,1663,107,14:24:20,2012-07-31
449985,127815,-60.75,1663,107,13:04:12,2012-07-31
449930,127825,-54.0,1663,107,14:24:21,2012-07-31
449990,127830,-59.0,1663,107,13:04:13,2012-07-31
449930,127835,-54.25,1663,107,14:24:21,2012-07-31
449925,127845,-55.0,1663,107,14:24:22,2012-07-31
449990,127845,-54.666668,1663,107,13:04:15,2012-07-31
449925,127855,-56.333332,1663,107,14:24:23,2012-07-31
449995,127855,-51.799999,1663,107,13:04:16,2012-07-31
449995,127865,-51.0,1663,107,13:04:17,2012-07-31
449920,127870,-58.0,1663,107,14:24:25,2012-07-31
449920,127875,-58.666668,1663,107,14:24:24,2012-07-31
449995,127875,-49.799999,1663,107,13:04:17,2012-07-31
449920,127885,-57.75,1663,107,14:24:26,2012-07-31
450000,127890,-48.0,1663,107,13:04:18,2012-07-31
449915,127895,-55.599998,1663,107,14:24:27,2012-07-31
450000,127895,-48.0,1663,107,13:04:19,2012-07-31
450000,127900,-48.0,1663,107,13:04:19,2012-07-31
450005,127905,-48.0,1663,107,13:04:20,2012-07-31
450005,127910,-48.25,1663,107,13:04:20,2012-07-31
450005,127915,-49.0,1663,107,13:04:21,2012-07-31
450005,127925,-50.0,1663,107,13:04:22,2012-07-31
449910,127930,-53.200001,1663,107,14:24:28,2012-07-31
450010,127935,-52.0,1663,107,13:04:23,2012-07-31
450010,127940,-52.799999,1663,107,13:04:23,2012-07-31
449905,127945,-49.599998,1663,107,14:24:30,2012-07-31
450015,127945,-54.0,1663,107,13:04:24,2012-07-31
450015,127950,-54.0,1663,107,13:04:24,2012-07-31
450015,127955,-54.75,1663,107,13:04:24,2012-07-31
449905,127960,-45.0,1663,107,14:24:31,2012-07-31
450020,127960,-57.0,1663,107,13:04:25,2012-07-31
450025,127965,-57.5,1663,107,13:04:26,2012-07-31
449900,127975,-42.0,1663,107,14:24:32,2012-07-31
450030,127975,-59.0,1663,107,13:04:27,2012-07-31
450035,127980,-58.599998,1663,107,13:04:27,2012-07-31
450040,127985,-58.0,1663,107,13:04:28,2012-07-31
449895,127990,-41.200001,1663,107,14:24:33,2012-07-31
450045,127990,-57.5,1663,107,13:04:29,2012-07-31
450055,128000,-55.0,1663,107,13:04:30,2012-07-31
450060,128005,-52.0,1663,107,13:04:31,2012-07-31
449895,128015,-39.333332,1663,107,14:24:34,2012-07-31
450060,128015,-51.25,1663,107,13:04:32,2012-07-31
449890,128030,-37.666668,1663,107,14:24:35,2012-07-31
450060,128030,-48.25,1663,107,13:04:33,2012-07-31
450060,128035,-46.0,1663,107,13:04:33,2012-07-31
449885,128045,-37.0,1663,107,14:24:37,2012-07-31
450060,128045,-45.5,1663,107,13:04:34,2012-07-31
450060,128050,-45.0,1663,107,13:04:35,2012-07-31
450060,128060,-44.333332,1663,107,13:04:36,2012-07-31
450060,128075,-43.333332,1663,107,13:04:37,2012-07-31
449880,128080,-37.0,1663,107,14:24:38,2012-07-31
450060,128080,-44.0,1663,107,13:04:38,2012-07-31
450060,128090,-44.5,1663,107,13:04:39,2012-07-31
449875,128100,-37.0,1663,107,14:24:40,2012-07-31
450060,128105,-46.666668,1663,107,13:04:40,2012-07-31
450065,128110,-48.0,1663,107,13:04:41,2012-07-31
450065,128120,-48.25,1663,107,13:04:42,2012-07-31
449870,128125,-37.0,1663,107,14:24:40,2012-07-31
450070,128125,-49.0,1663,107,13:04:42,2012-07-31
450075,128135,-50.200001,1663,107,13:04:43,2012-07-31
450080,128140,-52.799999,1663,107,13:04:44,2012-07-31
449870,128145,-37.0,1663,107,14:24:42,2012-07-31
450095,128155,-52.799999,1663,107,13:04:46,2012-07-31
449865,128165,-37.0,1663,107,14:24:43,2012-07-31
450100,128165,-50.75,1663,107,13:04:47,2012-07-31
450105,128175,-50.0,1663,107,13:04:48,2012-07-31
449860,128180,-37.0,1663,107,14:24:44,2012-07-31
450110,128185,-49.375,1663,107,13:04:49,2012-07-31
450110,128195,-48.5,1663,107,13:04:50,2012-07-31
449855,128200,-37.666668,1663,107,14:24:45,2012-07-31
450115,128210,-47.0,1663,107,13:04:51,2012-07-31
450115,128215,-47.0,1663,107,13:04:51,2012-07-31
450115,128225,-47.666668,1663,107,13:04:53,2012-07-31
449850,128240,-39.5,1663,107,14:24:47,2012-07-31
450120,128240,-49.599998,1663,107,13:04:53,2012-07-31
450125,128255,-52.0,1663,107,13:04:55,2012-07-31
449845,128260,-40.0,1663,107,14:24:48,2012-07-31
450130,128260,-52.0,1663,107,13:04:56,2012-07-31
450135,128275,-52.0,1663,107,13:04:57,2012-07-31
449840,128280,-40.0,1663,107,14:24:49,2012-07-31
450140,128280,-52.0,1663,107,13:04:58,2012-07-31
450145,128285,-51.599998,1663,107,13:04:58,2012-07-31
450150,128295,-50.5,1663,107,13:05:00,2012-07-31
449835,128310,-40.0,1663,107,14:24:51,2012-07-31
450160,128310,-49.0,1663,107,13:05:01,2012-07-31
450160,128315,-48.599998,1663,107,13:05:01,2012-07-31
450165,128325,-48.25,1663,107,13:05:03,2012-07-31
449830,128335,-40.0,1663,107,14:24:52,2012-07-31
450170,128335,-49.599998,1663,107,13:05:03,2012-07-31
450180,128345,-52.0,1663,107,13:05:05,2012-07-31
449830,128355,-39.200001,1663,107,14:24:52,2012-07-31
450185,128355,-52.25,1663,107,13:05:05,2012-07-31
450190,128365,-53.599998,1663,107,13:05:06,2012-07-31
449825,128375,-38.0,1663,107,14:24:54,2012-07-31
450195,128380,-56.0,1663,107,13:05:08,2012-07-31
450195,128390,-56.25,1663,107,13:05:08,2012-07-31
450195,128405,-56.75,1663,107,13:05:10,2012-07-31
449815,128410,-38.0,1663,107,14:24:55,2012-07-31
450200,128415,-55.599998,1663,107,13:05:11,2012-07-31
450205,128440,-54.200001,1663,107,13:05:12,2012-07-31
449810,128445,-38.0,1663,107,14:24:56,2012-07-31
449810,128455,-38.25,1663,107,14:24:57,2012-07-31
449805,128460,-39.0,1663,107,14:24:57,2012-07-31
450205,128465,-55.666668,1663,107,13:05:14,2012-07-31
449805,128470,-39.0,1663,107,14:24:57,2012-07-31
450210,128475,-56.666668,1663,107,13:05:15,2012-07-31
449805,128490,-39.0,1663,107,14:24:58,2012-07-31
449800,128495,-39.0,1663,107,14:24:59,2012-07-31
449800,128500,-39.0,1663,107,14:24:59,2012-07-31
450210,128500,-55.0,1663,107,13:05:17,2012-07-31
449800,128515,-39.25,1663,107,14:24:59,2012-07-31
450210,128520,-51.400002,1663,107,13:05:18,2012-07-31
450210,128525,-49.0,1663,107,13:05:18,2012-07-31
450210,128530,-49.0,1663,107,13:05:19,2012-07-31
450210,128540,-48.57143,1663,107,13:05:20,2012-07-31
450210,128545,-48.0,1663,107,13:05:20,2012-07-31
449795,128550,-40.0,1663,107,14:25:01,2012-07-31
450210,128550,-46.666668,1663,107,13:05:21,2012-07-31
449795,128560,-40.0,1663,107,14:25:02,2012-07-31
450210,128570,-43.25,1663,107,13:05:22,2012-07-31
449795,128580,-40.25,1663,107,14:25:02,2012-07-31
450210,128580,-41.0,1663,107,13:05:23,2012-07-31
450210,128590,-41.25,1663,107,13:05:24,2012-07-31
449795,128595,-41.0,1663,107,14:25:03,2012-07-31
450210,128600,-42.0,1663,107,13:05:25,2012-07-31
450210,128605,-42.5,1663,107,13:05:25,2012-07-31
449795,128610,-41.25,1663,107,14:25:04,2012-07-31
450210,128615,-44.0,1663,107,13:05:26,2012-07-31
449795,128620,-42.0,1663,107,14:25:04,2012-07-31
450210,128625,-44.5,1663,107,13:05:27,2012-07-31
449795,128640,-42.25,1663,107,14:25:05,2012-07-31
450210,128640,-46.0,1663,107,13:05:27,2012-07-31
450210,128645,-46.25,1663,107,13:05:28,2012-07-31
449795,128655,-43.0,1663,107,14:25:06,2012-07-31
450215,128655,-47.0,1663,107,13:05:29,2012-07-31
450215,128665,-48.25,1663,107,13:05:29,2012-07-31
449790,128670,-43.25,1663,107,14:25:07,2012-07-31
450215,128670,-52.5,1663,107,13:05:30,2012-07-31
450215,128675,-52.0,1663,107,13:05:31,2012-07-31
450215,128680,-54.0,1663,107,13:05:32,2012-07-31
449790,128685,-44.0,1663,107,14:25:07,2012-07-31
450215,128690,-57.0,1663,107,13:05:33,2012-07-31
449790,128700,-44.5,1663,107,14:25:08,2012-07-31
450215,128705,-57.0,1663,107,13:05:34,2012-07-31
449785,128715,-46.0,1663,107,14:25:09,2012-07-31
450215,128715,-57.0,1663,107,13:05:34,2012-07-31
450215,128720,-56.75,1663,107,13:05:37,2012-07-31
449785,128735,-47.5,1663,107,14:25:09,2012-07-31
450210,128740,-55.0,1663,107,13:05:37,2012-07-31
449780,128750,-52.0,1663,107,14:25:10,2012-07-31
450205,128750,-55.0,1663,107,13:05:38,2012-07-31
449775,128760,-53.666668,1663,107,14:25:11,2012-07-31
449775,128765,-57.0,1663,107,14:25:11,2012-07-31
450200,128765,-55.0,1663,107,13:05:39,2012-07-31
449775,128775,-57.0,1663,107,14:25:12,2012-07-31
450195,128775,-54.200001,1663,107,13:05:39,2012-07-31
449775,128785,-58.599998,1663,107,14:25:12,2012-07-31
450195,128790,-52.75,1663,107,13:05:41,2012-07-31
450195,128800,-52.200001,1663,107,13:05:41,2012-07-31
449770,128815,-62.25,1663,107,14:25:14,2012-07-31
450195,128815,-53.0,1663,107,13:05:43,2012-07-31
450200,128820,-53.400002,1663,107,13:05:44,2012-07-31
449765,128840,-67.0,1663,107,14:25:14,2012-07-31
450200,128840,-54.25,1663,107,13:05:45,2012-07-31
450200,128845,-55.0,1663,107,13:05:46,2012-07-31
449765,128860,-71.400002,1663,107,14:25:16,2012-07-31
450205,128865,-55.400002,1663,107,13:05:46,2012-07-31
450205,128875,-56.5,1663,107,13:05:48,2012-07-31
449770,128880,-73.0,1663,107,14:45:54,2012-07-31
450205,128880,-58.0,1663,107,13:05:48,2012-07-31
449770,128885,-73.0,1663,107,14:45:55,2012-07-31
449770,128890,-73.0,1663,107,14:45:55,2012-07-31
449760,128895,-73.0,1663,107,14:25:17,2012-07-31
450205,128895,-58.909092,1663,107,13:05:49,2012-07-31
449770,128900,-73.0,1663,107,14:45:56,2012-07-31
449770,128905,-73.0,1663,107,14:45:57,2012-07-31
449760,128915,-73.5,1663,107,14:25:18,2012-07-31
449775,128915,-73.0,1663,107,14:45:58,2012-07-31
450205,128915,-61.0,1663,107,13:05:51,2012-07-31
449760,128925,-75.75,1663,107,14:25:18,2012-07-31
449775,128925,-73.0,1663,107,14:45:59,2012-07-31
450210,128925,-62.5,1663,107,13:05:52,2012-07-31
449775,128930,-73.0,1663,107,14:45:59,2012-07-31
450210,128935,-64.571426,1663,107,13:05:53,2012-07-31
449775,128940,-73.75,1663,107,14:46:00,2012-07-31
450215,128945,-68.0,1663,107,13:05:54,2012-07-31
449775,128950,-76.0,1663,107,14:46:00,2012-07-31
449765,128955,-78.0,1663,107,14:25:20,2012-07-31
449775,128960,-76.0,1663,107,14:46:01,2012-07-31
449780,128960,-76.0,1663,107,14:46:01,2012-07-31
449765,128965,-78.25,1663,107,14:25:21,2012-07-31
449780,128965,-76.0,1663,107,14:46:02,2012-07-31
449780,128970,-76.0,1663,107,14:46:02,2012-07-31
449780,128975,-75.5,1663,107,14:46:03,2012-07-31
