449755,128875,-73.0,1041,115,14:45:49,2012-07-31
449760,128875,-83.0,1041,115,14:45:50,2012-07-31
449765,128875,-82.666664,1041,115,14:45:51,2012-07-31
449730,128880,-63.0,1041,115,14:45:47,2012-07-31
449720,128885,-63.0,1041,115,14:45:46,2012-07-31
449710,128895,-63.0,1041,115,14:45:44,2012-07-31
449700,128900,-63.0,1041,115,14:45:44,2012-07-31
449690,128905,-63.0,1041,115,14:45:43,2012-07-31
450225,128955,-62.0,1041,115,13:05:55,2012-07-31
450230,128965,-62.0,1041,115,13:05:56,2012-07-31
450240,128975,-62.0,1041,115,13:05:56,2012-07-31
450240,128980,-62.0,1041,115,13:05:58,2012-07-31
450245,128990,-62.0,1041,115,13:05:58,2012-07-31
450255,129025,-60.5,1041,115,13:06:01,2012-07-31
450255,129035,-56.0,1041,115,13:06:01,2012-07-31
450260,129050,-56.5,1041,115,13:06:02,2012-07-31
450260,129060,-58.0,1041,115,13:06:03,2012-07-31
450260,129070,-58.25,1041,115,13:06:03,2012-07-31
450260,129080,-59.0,1041,115,13:06:04,2012-07-31
450260,129085,-59.0,1041,115,13:06:04,2012-07-31
450265,129090,-59.0,1041,115,13:06:05,2012-07-31
450265,129095,-59.0,1041,115,13:06:05,2012-07-31
450265,129105,-59.0,1041,115,13:06:06,2012-07-31
450265,129115,-59.666668,1041,115,13:06:06,2012-07-31
450265,129125,-61.0,1041,115,13:06:07,2012-07-31
450265,129140,-61.5,1041,115,13:06:08,2012-07-31
450260,129155,-63.25,1041,115,13:06:09,2012-07-31
450265,129180,-64.0,1041,115,13:06:10,2012-07-31
450265,129190,-64.0,1041,115,13:06:11,2012-07-31
450265,129195,-64.5,1041,115,13:06:12,2012-07-31
450270,129210,-66.0,1041,115,13:06:13,2012-07-31
450275,129220,-65.75,1041,115,13:06:13,2012-07-31
450285,129235,-65.0,1041,115,13:06:14,2012-07-31
450285,129245,-64.666664,1041,115,13:06:15,2012-07-31
450290,129255,-64.0,1041,115,13:06:15,2012-07-31
450300,129265,-64.0,1041,115,13:06:16,2012-07-31
450305,129280,-64.0,1041,115,13:06:17,2012-07-31
450315,129295,-64.0,1041,115,13:06:17,2012-07-31
450320,129305,-64.0,1041,115,13:06:18,2012-07-31
450325,129310,-64.0,1041,115,13:06:18,2012-07-31
450325,129315,-64.400002,1041,115,13:06:19,2012-07-31
450330,129325,-66.0,1041,115,13:06:19,2012-07-31
450335,129330,-66.166664,1041,115,13:06:20,2012-07-31
450355,129365,-67.0,1041,115,13:06:22,2012-07-31
450365,129390,-68.0,1041,115,13:06:23,2012-07-31
450370,129390,-67.0,1041,115,13:06:23,2012-07-31
450375,129405,-68.333336,1041,115,13:06:25,2012-07-31
450380,129420,-68.75,1041,115,13:06:26,2012-07-31
450395,129445,-68.0,1041,115,13:06:27,2012-07-31
450400,129450,-68.0,1041,115,13:06:27,2012-07-31
450415,129465,-67.599998,1041,115,13:06:29,2012-07-31
450430,129470,-66.5,1041,115,13:06:30,2012-07-31
450465,129485,-64.666664,1041,115,13:06:32,2012-07-31
450475,129490,-63.75,1041,115,13:06:33,2012-07-31
450495,129500,-63.0,1041,115,13:06:34,2012-07-31
450510,129510,-62.5,1041,115,13:06:34,2012-07-31
450525,129520,-61.0,1041,115,13:06:35,2012-07-31
450550,129540,-61.0,1041,115,13:06:37,2012-07-31
450580,129565,-61.333332,1041,115,13:06:39,2012-07-31
450595,129580,-62.25,1041,115,13:06:40,2012-07-31
450615,129595,-63.0,1041,115,13:06:41,2012-07-31
450625,129605,-62.666668,1041,115,13:06:42,2012-07-31
450630,129610,-62.0,1041,115,13:06:42,2012-07-31
450645,129620,-61.75,1041,115,13:06:43,2012-07-31
450665,129635,-60.333332,1041,115,13:06:44,2012-07-31
450690,129645,-58.666668,1041,115,13:06:46,2012-07-31
450700,129650,-58.0,1041,115,13:06:46,2012-07-31
450710,129660,-58.0,1041,115,13:06:47,2012-07-31
450720,129665,-58.0,1041,115,13:06:48,2012-07-31
450720,129670,-59.0,1041,115,13:06:49,2012-07-31
450725,129675,-61.0,1041,115,13:06:49,2012-07-31
450730,129675,-61.0,1041,115,13:06:49,2012-07-31
450735,129680,-62.0,1041,115,13:06:50,2012-07-31
450760,129685,-65.666664,1041,115,13:06:51,2012-07-31
450770,129690,-67.0,1041,115,13:06:52,2012-07-31
450780,129690,-67.0,1041,115,13:06:53,2012-07-31
450790,129690,-67.0,1041,115,13:06:54,2012-07-31
450795,129690,-66.666664,1041,115,13:06:54,2012-07-31
450820,129695,-65.5,1041,115,13:06:56,2012-07-31
450830,129700,-64.0,1041,115,13:06:56,2012-07-31
450840,129705,-63.25,1041,115,13:06:57,2012-07-31
450850,129710,-61.0,1041,115,13:06:58,2012-07-31
450855,129715,-60.0,1041,115,13:06:58,2012-07-31
450865,129730,-57.666668,1041,115,13:07:00,2012-07-31
450870,129740,-57.0,1041,115,13:07:01,2012-07-31
450875,129750,-57.25,1041,115,13:07:01,2012-07-31
450880,129760,-58.0,1041,115,13:07:02,2012-07-31
450885,129770,-58.0,1041,115,13:07:03,2012-07-31
450895,129795,-58.0,1041,115,13:07:04,2012-07-31
450900,129805,-58.0,1041,115,13:07:05,2012-07-31
450905,129815,-58.25,1041,115,13:07:06,2012-07-31
450910,129825,-59.0,1041,115,13:07:06,2012-07-31
450915,129830,-59.25,1041,115,13:07:07,2012-07-31
450920,129835,-60.0,1041,115,13:07:08,2012-07-31
450925,129845,-59.5,1041,115,13:07:08,2012-07-31
450930,129855,-58.0,1041,115,13:07:09,2012-07-31
450940,129860,-58.0,1041,115,13:07:10,2012-07-31
450955,129870,-57.75,1041,115,13:07:11,2012-07-31
450960,129870,-57.0,1041,115,13:07:12,2012-07-31
450970,129870,-57.333332,1041,115,13:07:13,2012-07-31
450980,129875,-58.0,1041,115,13:07:13,2012-07-31
450990,129875,-58.5,1041,115,13:07:14,2012-07-31
451005,129880,-60.0,1041,115,13:07:15,2012-07-31
451015,129880,-60.333332,1041,115,13:07:15,2012-07-31
451020,129885,-61.0,1041,115,13:07:16,2012-07-31
451030,129890,-60.5,1041,115,13:07:17,2012-07-31
451045,129900,-60.75,1041,115,13:07:18,2012-07-31
451065,129915,-60.0,1041,115,13:07:20,2012-07-31
451080,129925,-59.200001,1041,115,13:07:21,2012-07-31
451100,129940,-58.0,1041,115,13:07:22,2012-07-31
451105,129945,-58.0,1041,115,13:07:23,2012-07-31
451120,129955,-58.0,1041,115,13:07:24,2012-07-31
451135,129970,-58.0,1041,115,13:07:25,2012-07-31
451150,129980,-58.0,1041,115,13:07:26,2012-07-31
451165,129995,-57.599998,1041,115,13:07:27,2012-07-31
451180,130005,-56.5,1041,115,13:07:28,2012-07-31
451190,130020,-55.0,1041,115,13:07:29,2012-07-31
451200,130030,-54.5,1041,115,13:07:30,2012-07-31
451215,130040,-52.5,1041,115,13:07:31,2012-07-31
451225,130055,-51.0,1041,115,13:07:32,2012-07-31
451225,130080,-58.458332,1041,115,14:34:06,2012-07-31
451245,130080,-51.0,1041,115,13:07:33,2012-07-31
451225,130085,-53.0,1041,115,14:33:55,2012-07-31
451230,130085,-50.894737,1041,115,14:33:55,2012-07-31
451225,130090,-51.666668,1041,115,14:33:53,2012-07-31
451255,130090,-51.5,1041,115,13:07:34,2012-07-31
451220,130095,-50.444443,1041,115,14:33:52,2012-07-31
451215,130100,-51.25,1041,115,14:33:51,2012-07-31
451210,130105,-51.200001,1041,115,14:34:12,2012-07-31
451270,130105,-52.333332,1041,115,13:07:35,2012-07-31
451205,130110,-51.5,1041,115,14:34:13,2012-07-31
451195,130115,-55.454544,1041,115,14:33:49,2012-07-31
451185,130120,-59.0,1041,115,14:33:48,2012-07-31
451180,130125,-54.0,1041,115,14:34:15,2012-07-31
451185,130125,-62.0,1041,115,14:33:47,2012-07-31
451180,130130,-66.666664,1041,115,14:33:46,2012-07-31
451175,130135,-58.200001,1041,115,14:34:16,2012-07-31
451295,130135,-53.5,1041,115,13:07:37,2012-07-31
451165,130140,-72.75,1041,115,14:33:45,2012-07-31
451170,130140,-58.5,1041,115,14:34:17,2012-07-31
451305,130150,-54.0,1041,115,13:07:38,2012-07-31
451150,130155,-77.75,1041,115,14:33:43,2012-07-31
450970,130160,-79.0,1041,115,14:33:29,2012-07-31
450975,130160,-79.5,1041,115,14:33:29,2012-07-31
450985,130160,-81.0,1041,115,14:33:30,2012-07-31
450990,130160,-81.0,1041,115,14:33:31,2012-07-31
451140,130160,-79.0,1041,115,14:33:43,2012-07-31
451145,130160,-64.599998,1041,115,14:34:19,2012-07-31
450945,130165,-81.0,1041,115,14:34:33,2012-07-31
450955,130165,-85.0,1041,115,14:33:28,2012-07-31
450960,130165,-83.0,1041,115,14:33:28,2012-07-31
450970,130165,-81.75,1041,115,14:34:31,2012-07-31
450980,130165,-82.0,1041,115,14:34:31,2012-07-31
451005,130165,-81.0,1041,115,14:33:31,2012-07-31
451135,130165,-79.75,1041,115,14:33:42,2012-07-31
450925,130170,-82.199997,1041,115,14:34:34,2012-07-31
450930,130170,-85.0,1041,115,14:33:26,2012-07-31
450935,130170,-85.0,1041,115,14:33:27,2012-07-31
450985,130170,-81.25,1041,115,14:34:30,2012-07-31
451015,130170,-81.0,1041,115,14:33:32,2012-07-31
451020,130170,-81.0,1041,115,14:33:33,2012-07-31
451130,130170,-68.25,1041,115,14:34:20,2012-07-31
450905,130175,-84.400002,1041,115,14:34:36,2012-07-31
450910,130175,-85.0,1041,115,14:33:24,2012-07-31
450920,130175,-84.25,1041,115,14:34:35,2012-07-31
451010,130175,-80.25,1041,115,14:34:29,2012-07-31
451030,130175,-81.25,1041,115,14:33:34,2012-07-31
451120,130175,-80.75,1041,115,14:33:41,2012-07-31
451125,130175,-76.0,1041,115,14:34:21,2012-07-31
450890,130180,-85.0,1041,115,14:34:38,2012-07-31
450900,130180,-85.0,1041,115,14:33:24,2012-07-31
450905,130180,-85.0,1041,115,14:33:24,2012-07-31
451020,130180,-80.0,1041,115,14:34:28,2012-07-31
451045,130180,-82.0,1041,115,14:33:34,2012-07-31
451115,130180,-76.5,1041,115,14:34:21,2012-07-31
451120,130180,-72.0,1041,115,14:34:21,2012-07-31
451335,130180,-54.0,1041,115,13:07:39,2012-07-31
450880,130185,-85.0,1041,115,14:33:22,2012-07-31
451030,130185,-80.800003,1041,115,14:34:27,2012-07-31
451050,130185,-81.75,1041,115,14:33:35,2012-07-31
451060,130185,-81.0,1041,115,14:33:36,2012-07-31
451100,130185,-79.5,1041,115,14:33:39,2012-07-31
451110,130185,-73.0,1041,115,14:34:22,2012-07-31
450570,130190,-90.0,1041,115,14:35:02,2012-07-31
450575,130190,-90.0,1041,115,14:35:02,2012-07-31
450875,130190,-85.0,1041,115,14:34:38,2012-07-31
451045,130190,-81.0,1041,115,14:34:26,2012-07-31
451050,130190,-79.666664,1041,115,14:34:26,2012-07-31
451065,130190,-80.333336,1041,115,14:33:36,2012-07-31
451080,130190,-79.0,1041,115,14:33:38,2012-07-31
451090,130190,-77.5,1041,115,14:34:23,2012-07-31
451100,130190,-76.0,1041,115,14:34:22,2012-07-31
450585,130195,-89.166664,1041,115,14:35:00,2012-07-31
450870,130195,-87.0,1041,115,14:34:39,2012-07-31
451055,130195,-79.0,1041,115,14:34:25,2012-07-31
451060,130195,-79.0,1041,115,14:34:25,2012-07-31
451065,130195,-79.0,1041,115,14:34:25,2012-07-31
451075,130195,-79.0,1041,115,14:34:24,2012-07-31
451080,130195,-79.0,1041,115,14:34:24,2012-07-31
451345,130195,-54.0,1041,115,13:07:41,2012-07-31
450595,130200,-88.333336,1041,115,14:35:00,2012-07-31
451355,130205,-54.0,1041,115,13:07:41,2012-07-31
450530,130210,-90.0,1041,115,14:35:06,2012-07-31
450620,130210,-88.800003,1041,115,14:34:58,2012-07-31
450520,130215,-90.0,1041,115,14:35:07,2012-07-31
450855,130215,-87.0,1041,115,14:34:41,2012-07-31
451365,130215,-54.25,1041,115,13:07:42,2012-07-31
450515,130220,-90.0,1041,115,14:35:07,2012-07-31
450635,130220,-89.0,1041,115,14:34:56,2012-07-31
450720,130220,-88.25,1041,115,14:34:51,2012-07-31
450515,130225,-90.0,1041,115,14:35:07,2012-07-31
450650,130225,-89.555557,1041,115,14:34:56,2012-07-31
450665,130225,-90.0,1041,115,14:34:54,2012-07-31
450690,130225,-89.400002,1041,115,14:34:53,2012-07-31
450705,130225,-89.0,1041,115,14:34:52,2012-07-31
450735,130225,-87.333336,1041,115,14:34:50,2012-07-31
451375,130225,-55.0,1041,115,13:07:43,2012-07-31
450510,130230,-90.0,1041,115,14:35:08,2012-07-31
450770,130230,-85.400002,1041,115,14:34:48,2012-07-31
450840,130230,-86.75,1041,115,14:34:43,2012-07-31
451385,130230,-55.333332,1041,115,13:07:44,2012-07-31
450510,130235,-89.75,1041,115,14:35:08,2012-07-31
450790,130235,-84.25,1041,115,14:34:47,2012-07-31
450825,130235,-85.800003,1041,115,14:34:44,2012-07-31
450505,130240,-89.0,1041,115,14:35:08,2012-07-31
450805,130240,-84.666664,1041,115,14:34:46,2012-07-31
450810,130240,-85.0,1041,115,14:34:44,2012-07-31
451400,130245,-56.333332,1041,115,13:07:45,2012-07-31
450500,130255,-89.0,1041,115,14:35:09,2012-07-31
450495,130260,-89.0,1041,115,14:35:10,2012-07-31
451420,130260,-57.0,1041,115,13:07:46,2012-07-31
450490,130265,-89.0,1041,115,14:35:10,2012-07-31
450490,130270,-89.0,1041,115,14:35:10,2012-07-31
451430,130270,-57.333332,1041,115,13:07:48,2012-07-31
451435,130270,-58.0,1041,115,13:07:48,2012-07-31
451440,130275,-58.0,1041,115,13:07:49,2012-07-31
450485,130280,-89.0,1041,115,14:35:11,2012-07-31
451445,130280,-58.0,1041,115,13:07:49,2012-07-31
451450,130280,-58.0,1041,115,13:07:50,2012-07-31
451455,130280,-58.0,1041,115,13:07:50,2012-07-31
450480,130285,-89.0,1041,115,14:35:11,2012-07-31
450480,130290,-89.0,1041,115,14:35:12,2012-07-31
451465,130290,-58.75,1041,115,13:07:51,2012-07-31
450475,130295,-89.0,1041,115,14:35:12,2012-07-31
451470,130295,-61.0,1041,115,13:07:51,2012-07-31
450470,130300,-89.0,1041,115,14:35:12,2012-07-31
451480,130300,-61.0,1041,115,13:07:52,2012-07-31
450470,130305,-89.0,1041,115,14:35:13,2012-07-31
451485,130305,-61.0,1041,115,13:07:53,2012-07-31
451490,130310,-61.25,1041,115,13:07:54,2012-07-31
451495,130320,-62.0,1041,115,13:07:54,2012-07-31
451500,130325,-62.5,1041,115,13:07:55,2012-07-31
451510,130330,-64.0,1041,115,13:07:56,2012-07-31
451515,130335,-63.75,1041,115,13:07:56,2012-07-31
452525,130335,-78.0,1041,115,13:29:46,2012-07-31
451520,130340,-63.0,1041,115,13:07:57,2012-07-31
451525,130340,-62.333332,1041,115,13:07:58,2012-07-31
451530,130345,-61.0,1041,115,13:07:59,2012-07-31
451535,130345,-61.75,1041,115,13:07:59,2012-07-31
451550,130350,-64.333336,1041,115,13:08:01,2012-07-31
451560,130350,-65.25,1041,115,13:08:02,2012-07-31
451565,130350,-66.0,1041,115,13:08:03,2012-07-31
452530,130350,-79.0,1041,115,13:29:45,2012-07-31
451575,130355,-66.75,1041,115,13:08:03,2012-07-31
451585,130355,-69.0,1041,115,13:08:04,2012-07-31
451590,130355,-69.5,1041,115,13:08:05,2012-07-31
452530,130355,-79.0,1041,115,13:29:45,2012-07-31
451600,130360,-71.0,1041,115,13:08:05,2012-07-31
451605,130365,-71.25,1041,115,13:08:06,2012-07-31
451610,130365,-72.0,1041,115,13:08:07,2012-07-31
452530,130365,-79.0,1041,115,13:29:44,2012-07-31
451620,130370,-72.25,1041,115,13:08:08,2012-07-31
452530,130370,-79.0,1041,115,13:29:44,2012-07-31
451625,130375,-73.0,1041,115,13:08:08,2012-07-31
451635,130380,-73.0,1041,115,13:08:09,2012-07-31
451640,130380,-73.0,1041,115,13:08:10,2012-07-31
451645,130380,-72.75,1041,115,13:08:11,2012-07-31
452530,130380,-78.0,1041,115,13:29:43,2012-07-31
451650,130385,-72.0,1041,115,13:08:11,2012-07-31
451655,130390,-72.0,1041,115,13:08:12,2012-07-31
452530,130390,-78.0,1041,115,13:29:42,2012-07-31
451660,130395,-71.599998,1041,115,13:08:13,2012-07-31
451665,130405,-70.400002,1041,115,13:08:14,2012-07-31
452525,130410,-78.333336,1041,115,13:29:40,2012-07-31
451670,130420,-74.625,1041,115,13:08:15,2012-07-31
451680,130420,-77.400002,1041,115,13:11:09,2012-07-31
451685,130420,-76.5,1041,115,13:11:08,2012-07-31
451695,130420,-75.400002,1041,115,13:11:06,2012-07-31
451700,130420,-75.0,1041,115,13:11:06,2012-07-31
451665,130425,-74.199997,1041,115,13:11:12,2012-07-31
451710,130425,-73.5,1041,115,13:11:05,2012-07-31
451720,130425,-72.25,1041,115,13:11:03,2012-07-31
451730,130425,-71.0,1041,115,13:11:02,2012-07-31
451665,130430,-72.666664,1041,115,13:11:13,2012-07-31
451670,130430,-72.14286,1041,115,13:08:16,2012-07-31
451755,130435,-70.75,1041,115,13:11:01,2012-07-31
451675,130440,-73.0,1041,115,13:08:18,2012-07-31
451760,130440,-69.5,1041,115,13:10:59,2012-07-31
451665,130445,-72.0,1041,115,13:11:15,2012-07-31
451770,130445,-69.0,1041,115,13:10:58,2012-07-31
451665,130450,-72.0,1041,115,13:11:16,2012-07-31
451675,130450,-73.400002,1041,115,13:08:19,2012-07-31
451785,130450,-70.5,1041,115,13:10:56,2012-07-31
451665,130455,-73.0,1041,115,13:11:16,2012-07-31
451790,130455,-78.07692,1041,115,13:08:58,2012-07-31
451795,130455,-71.0,1041,115,13:10:55,2012-07-31
451670,130460,-74.0,1041,115,13:08:20,2012-07-31
451785,130460,-75.0,1041,115,13:08:56,2012-07-31
451790,130460,-77.0,1041,115,13:08:57,2012-07-31
451795,130460,-77.0,1041,115,13:20:15,2012-07-31
452505,130460,-69.0,1041,115,13:29:36,2012-07-31
451665,130465,-75.25,1041,115,13:11:18,2012-07-31
451670,130465,-74.0,1041,115,13:08:21,2012-07-31
451785,130465,-75.75,1041,115,13:08:56,2012-07-31
451820,130465,-75.75,1041,115,13:10:52,2012-07-31
451660,130470,-76.0,1041,115,13:11:18,2012-07-31
451785,130470,-76.0,1041,115,13:08:55,2012-07-31
451935,130470,-79.0,1041,115,13:10:44,2012-07-31
452500,130470,-69.0,1041,115,13:29:35,2012-07-31
451660,130475,-75.599998,1041,115,13:11:19,2012-07-31
451665,130475,-73.666664,1041,115,13:08:22,2012-07-31
451785,130475,-77.833336,1041,115,13:08:54,2012-07-31
451660,130480,-75.0,1041,115,13:11:19,2012-07-31
451860,130480,-79.0,1041,115,13:10:49,2012-07-31
451660,130485,-73.666664,1041,115,13:08:23,2012-07-31
451780,130485,-75.333336,1041,115,13:08:53,2012-07-31
451870,130485,-79.0,1041,115,13:10:48,2012-07-31
452490,130485,-67.0,1041,115,13:29:34,2012-07-31
451660,130490,-73.0,1041,115,13:11:21,2012-07-31
451780,130490,-77.666664,1041,115,13:20:10,2012-07-31
451660,130495,-73.0,1041,115,13:08:24,2012-07-31
451775,130495,-75.666664,1041,115,13:08:51,2012-07-31
452485,130495,-66.0,1041,115,13:29:34,2012-07-31
451660,130500,-73.333336,1041,115,13:08:25,2012-07-31
451780,130500,-77.75,1041,115,13:20:09,2012-07-31
451660,130505,-73.166664,1041,115,13:11:23,2012-07-31
451775,130505,-78.0,1041,115,13:20:08,2012-07-31
452480,130505,-57.0,1041,115,13:29:33,2012-07-31
451660,130510,-73.25,1041,115,13:11:25,2012-07-31
451775,130510,-78.0,1041,115,13:08:50,2012-07-31
451655,130515,-74.0,1041,115,13:11:25,2012-07-31
451660,130515,-73.5,1041,115,13:08:26,2012-07-31
451775,130515,-78.833336,1041,115,13:20:07,2012-07-31
452480,130515,-57.0,1041,115,13:29:32,2012-07-31
451655,130520,-74.800003,1041,115,13:11:26,2012-07-31
451660,130520,-72.0,1041,115,13:08:27,2012-07-31
451775,130520,-79.599998,1041,115,13:08:48,2012-07-31
452475,130520,-57.0,1041,115,13:29:31,2012-07-31
451650,130525,-75.0,1041,115,13:12:06,2012-07-31
451655,130525,-75.25,1041,115,13:12:07,2012-07-31
451660,130525,-73.75,1041,115,13:08:27,2012-07-31
451640,130530,-73.25,1041,115,13:12:04,2012-07-31
451645,130530,-74.800003,1041,115,13:12:05,2012-07-31
451665,130530,-72.75,1041,115,13:12:11,2012-07-31
451775,130530,-80.0,1041,115,13:08:47,2012-07-31
451635,130535,-73.0,1041,115,13:12:03,2012-07-31
451640,130535,-74.14286,1041,115,13:11:30,2012-07-31
451630,130540,-73.0,1041,115,13:12:02,2012-07-31
451635,130540,-72.800003,1041,115,13:11:32,2012-07-31
451665,130540,-71.555557,1041,115,13:12:13,2012-07-31
452470,130540,-57.0,1041,115,13:29:31,2012-07-31
451620,130545,-71.5,1041,115,13:12:01,2012-07-31
451665,130545,-72.0,1041,115,13:08:30,2012-07-31
451770,130545,-81.111115,1041,115,13:20:03,2012-07-31
451775,130545,-79.5,1041,115,13:20:04,2012-07-31
451620,130550,-72.0,1041,115,13:11:33,2012-07-31
451625,130550,-72.0,1041,115,13:11:32,2012-07-31
451665,130550,-71.5,1041,115,13:08:30,2012-07-31
451670,130550,-69.199997,1041,115,13:12:14,2012-07-31
451765,130550,-83.75,1041,115,13:08:44,2012-07-31
451770,130550,-83.0,1041,115,13:08:45,2012-07-31
451610,130555,-73.0,1041,115,13:11:59,2012-07-31
451615,130555,-72.333336,1041,115,13:12:00,2012-07-31
451670,130555,-68.666664,1041,115,13:12:16,2012-07-31
451760,130555,-81.0,1041,115,13:20:02,2012-07-31
451765,130555,-81.0,1041,115,13:20:02,2012-07-31
452465,130555,-57.0,1041,115,13:29:30,2012-07-31
451605,130560,-72.25,1041,115,13:11:59,2012-07-31
451610,130560,-72.800003,1041,115,13:11:35,2012-07-31
451675,130560,-69.85714,1041,115,13:08:32,2012-07-31
451680,130560,-72.5,1041,115,13:08:32,2012-07-31
451750,130560,-78.25,1041,115,13:20:00,2012-07-31
451755,130560,-81.75,1041,115,13:08:43,2012-07-31
451595,130565,-72.75,1041,115,13:11:57,2012-07-31
451600,130565,-73.75,1041,115,13:11:36,2012-07-31
451680,130565,-69.75,1041,115,13:08:33,2012-07-31
451685,130565,-74.571426,1041,115,13:08:34,2012-07-31
451690,130565,-72.333336,1041,115,13:08:35,2012-07-31
451695,130565,-75.0,1041,115,13:12:20,2012-07-31
451700,130565,-74.333336,1041,115,13:08:36,2012-07-31
451710,130565,-74.0,1041,115,13:08:37,2012-07-31
451715,130565,-74.199997,1041,115,13:19:55,2012-07-31
451720,130565,-72.0,1041,115,13:19:56,2012-07-31
451725,130565,-77.333336,1041,115,13:19:57,2012-07-31
451730,130565,-76.428574,1041,115,13:19:57,2012-07-31
451735,130565,-79.666664,1041,115,13:08:40,2012-07-31
451740,130565,-75.333336,1041,115,13:19:59,2012-07-31
451745,130565,-79.5,1041,115,13:08:42,2012-07-31
451590,130570,-74.5,1041,115,13:11:56,2012-07-31
451595,130570,-73.333336,1041,115,13:11:37,2012-07-31
451705,130570,-76.666664,1041,115,13:12:22,2012-07-31
451710,130570,-74.277779,1041,115,13:19:53,2012-07-31
452460,130570,-57.0,1041,115,13:29:29,2012-07-31
451580,130575,-74.326088,1041,115,13:11:52,2012-07-31
451585,130575,-74.866669,1041,115,13:11:54,2012-07-31
451710,130575,-73.0,1041,115,13:19:52,2012-07-31
451715,130575,-74.800003,1041,115,13:12:27,2012-07-31
451580,130580,-75.785713,1041,115,13:11:42,2012-07-31
451715,130580,-73.5,1041,115,13:19:51,2012-07-31
452460,130580,-57.0,1041,115,13:29:29,2012-07-31
451715,130585,-70.5,1041,115,13:19:50,2012-07-31
451720,130585,-74.0,1041,115,13:12:28,2012-07-31
452460,130585,-57.0,1041,115,13:29:28,2012-07-31
451715,130590,-71.333336,1041,115,13:19:49,2012-07-31
451720,130590,-73.5,1041,115,13:12:30,2012-07-31
452460,130590,-57.0,1041,115,13:29:28,2012-07-31
451720,130595,-72.0,1041,115,13:19:48,2012-07-31
451725,130595,-72.0,1041,115,13:12:30,2012-07-31
452460,130595,-57.0,1041,115,13:29:28,2012-07-31
451725,130600,-71.666664,1041,115,13:12:31,2012-07-31
451735,130600,-70.333336,1041,115,13:18:03,2012-07-31
451740,130600,-70.25,1041,115,13:18:05,2012-07-31
451755,130600,-71.800003,1041,115,13:18:07,2012-07-31
451725,130605,-71.85714,1041,115,13:12:32,2012-07-31
451730,130605,-72.75,1041,115,13:19:46,2012-07-31
451760,130605,-73.0,1041,115,13:18:09,2012-07-31
452455,130605,-57.0,1041,115,13:29:27,2012-07-31
451725,130610,-71.5,1041,115,13:18:02,2012-07-31
451735,130610,-72.199997,1041,115,13:19:44,2012-07-31
451740,130610,-73.5,1041,115,13:19:43,2012-07-31
451745,130610,-74.0,1041,115,13:19:43,2012-07-31
451770,130610,-72.75,1041,115,13:18:10,2012-07-31
451725,130615,-73.777779,1041,115,13:18:00,2012-07-31
451750,130615,-73.25,1041,115,13:19:42,2012-07-31
451755,130615,-73.0,1041,115,13:19:41,2012-07-31
451760,130615,-75.0,1041,115,13:19:40,2012-07-31
451720,130620,-75.0,1041,115,13:17:59,2012-07-31
451770,130620,-76.0,1041,115,13:19:39,2012-07-31
451780,130620,-72.0,1041,115,13:18:11,2012-07-31
451720,130625,-76.25,1041,115,13:17:59,2012-07-31
451775,130625,-76.0,1041,115,13:19:38,2012-07-31
451780,130625,-72.599998,1041,115,13:18:13,2012-07-31
451715,130630,-77.75,1041,115,13:12:36,2012-07-31
451780,130630,-75.25,1041,115,13:19:38,2012-07-31
451785,130635,-71.0,1041,115,13:18:14,2012-07-31
451710,130640,-77.166664,1041,115,13:12:37,2012-07-31
451785,130640,-73.5,1041,115,13:19:36,2012-07-31
451790,130640,-73.0,1041,115,13:19:36,2012-07-31
451705,130645,-79.0,1041,115,13:12:38,2012-07-31
451790,130645,-73.0,1041,115,13:19:35,2012-07-31
451705,130650,-80.0,1041,115,13:17:55,2012-07-31
451790,130650,-71.400002,1041,115,13:18:15,2012-07-31
451700,130655,-79.5,1041,115,13:12:39,2012-07-31
451705,130655,-80.0,1041,115,13:17:54,2012-07-31
451790,130655,-70.666664,1041,115,13:18:16,2012-07-31
451795,130660,-68.75,1041,115,13:19:33,2012-07-31
451695,130665,-81.0,1041,115,13:12:40,2012-07-31
451700,130665,-80.666664,1041,115,13:17:53,2012-07-31
451795,130665,-70.0,1041,115,13:18:17,2012-07-31
451700,130670,-81.0,1041,115,13:17:52,2012-07-31
451795,130670,-66.800003,1041,115,13:19:32,2012-07-31
451690,130675,-80.599998,1041,115,13:12:41,2012-07-31
451700,130675,-82.5,1041,115,13:17:52,2012-07-31
451800,130675,-69.0,1041,115,13:19:31,2012-07-31
451685,130680,-80.25,1041,115,13:12:42,2012-07-31
451700,130680,-83.0,1041,115,13:17:51,2012-07-31
451800,130680,-66.75,1041,115,13:19:31,2012-07-31
451700,130685,-83.0,1041,115,13:17:51,2012-07-31
451800,130685,-69.0,1041,115,13:18:19,2012-07-31
451700,130690,-83.0,1041,115,13:17:51,2012-07-31
451800,130690,-67.666664,1041,115,13:19:29,2012-07-31
451700,130695,-82.25,1041,115,13:17:50,2012-07-31
451805,130695,-69.666664,1041,115,13:18:20,2012-07-31
451685,130700,-81.0,1041,115,13:12:44,2012-07-31
451700,130700,-82.0,1041,115,13:17:50,2012-07-31
451805,130700,-68.0,1041,115,13:19:28,2012-07-31
451705,130705,-82.0,1041,115,13:17:49,2012-07-31
451805,130705,-70.0,1041,115,13:19:28,2012-07-31
451685,130710,-81.0,1041,115,13:12:45,2012-07-31
451705,130710,-82.0,1041,115,13:17:49,2012-07-31
451705,130715,-82.0,1041,115,13:17:49,2012-07-31
451805,130715,-70.0,1041,115,13:18:22,2012-07-31
451705,130720,-82.0,1041,115,13:17:48,2012-07-31
451710,130725,-82.0,1041,115,13:17:48,2012-07-31
451805,130725,-70.0,1041,115,13:19:25,2012-07-31
451690,130730,-81.0,1041,115,13:12:47,2012-07-31
451710,130730,-82.75,1041,115,13:17:47,2012-07-31
451805,130730,-69.0,1041,115,13:19:24,2012-07-31
451805,130735,-67.454544,1041,115,13:19:12,2012-07-31
451810,130735,-70.0,1041,115,13:19:06,2012-07-31
451690,130740,-81.666664,1041,115,13:12:48,2012-07-31
451710,130740,-83.0,1041,115,13:17:47,2012-07-31
451805,130740,-72.333336,1041,115,13:18:24,2012-07-31
451810,130740,-70.75,1041,115,13:19:05,2012-07-31
451690,130745,-83.0,1041,115,13:12:48,2012-07-31
451710,130745,-83.0,1041,115,13:17:47,2012-07-31
451810,130745,-70.888885,1041,115,13:19:02,2012-07-31
451685,130750,-83.0,1041,115,13:12:49,2012-07-31
451710,130750,-83.666664,1041,115,13:17:46,2012-07-31
451810,130750,-73.625,1041,115,13:19:01,2012-07-31
451685,130755,-83.166664,1041,115,13:12:49,2012-07-31
451810,130755,-76.111115,1041,115,13:18:26,2012-07-31
451685,130760,-84.0,1041,115,13:12:50,2012-07-31
451710,130760,-84.0,1041,115,13:17:45,2012-07-31
451810,130760,-77.0,1041,115,13:18:26,2012-07-31
451680,130765,-84.0,1041,115,13:12:50,2012-07-31
451705,130765,-84.0,1041,115,13:17:45,2012-07-31
451675,130770,-83.75,1041,115,13:12:51,2012-07-31
451680,130770,-84.0,1041,115,13:12:51,2012-07-31
451815,130770,-78.071426,1041,115,13:18:27,2012-07-31
451675,130775,-83.0,1041,115,13:12:51,2012-07-31
451700,130775,-84.0,1041,115,13:17:43,2012-07-31
451815,130775,-77.5,1041,115,13:18:28,2012-07-31
451670,130780,-83.333336,1041,115,13:12:52,2012-07-31
451815,130780,-78.375,1041,115,13:18:28,2012-07-31
451665,130785,-84.0,1041,115,13:12:53,2012-07-31
451695,130785,-84.0,1041,115,13:17:43,2012-07-31
451815,130785,-81.0,1041,115,13:18:53,2012-07-31
451690,130790,-84.0,1041,115,13:17:42,2012-07-31
451815,130790,-77.0,1041,115,13:18:29,2012-07-31
451655,130795,-84.0,1041,115,13:12:54,2012-07-31
451820,130795,-80.090912,1041,115,13:18:30,2012-07-31
451650,130800,-84.0,1041,115,13:12:54,2012-07-31
451820,130800,-80.199997,1041,115,13:18:51,2012-07-31
451645,130805,-83.75,1041,115,13:12:55,2012-07-31
451680,130805,-84.0,1041,115,13:17:40,2012-07-31
451820,130805,-78.85714,1041,115,13:18:31,2012-07-31
451635,130810,-83.0,1041,115,13:12:57,2012-07-31
451820,130810,-78.375,1041,115,13:18:32,2012-07-31
451630,130815,-83.0,1041,115,13:12:57,2012-07-31
451820,130815,-78.099998,1041,115,13:18:47,2012-07-31
451825,130815,-79.0,1041,115,13:18:34,2012-07-31
451620,130820,-83.25,1041,115,13:12:58,2012-07-31
451820,130820,-76.814812,1041,115,13:18:40,2012-07-31
451825,130820,-77.846153,1041,115,13:18:37,2012-07-31
451615,130830,-84.0,1041,115,13:12:59,2012-07-31
451610,130835,-83.75,1041,115,13:12:59,2012-07-31
451605,130840,-83.0,1041,115,13:13:00,2012-07-31
452460,130840,-62.0,1041,115,13:22:06,2012-07-31
451595,130845,-83.0,1041,115,13:13:01,2012-07-31
452460,130850,-62.0,1041,115,13:22:07,2012-07-31
451590,130860,-83.333336,1041,115,13:13:02,2012-07-31
451590,130865,-84.0,1041,115,13:13:03,2012-07-31
451590,130870,-84.5,1041,115,13:13:04,2012-07-31
452460,130870,-62.0,1041,115,13:22:07,2012-07-31
451585,130885,-86.0,1041,115,13:13:05,2012-07-31
452460,130885,-62.0,1041,115,13:22:09,2012-07-31
451585,130900,-86.75,1041,115,13:13:06,2012-07-31
452455,130905,-62.0,1041,115,13:22:10,2012-07-31
451585,130915,-89.333336,1041,115,13:13:08,2012-07-31
451585,130930,-90.666664,1041,115,13:13:09,2012-07-31
452455,130930,-63.0,1041,115,13:22:11,2012-07-31
451585,130935,-92.0,1041,115,13:13:10,2012-07-31
451585,130945,-91.75,1041,115,13:13:11,2012-07-31
452455,130945,-67.0,1041,115,13:22:12,2012-07-31
451585,130950,-91.0,1041,115,13:13:11,2012-07-31
451585,130955,-91.0,1041,115,13:13:12,2012-07-31
451585,130960,-91.400002,1041,115,13:13:12,2012-07-31
451585,130965,-92.0,1041,115,13:13:12,2012-07-31
452455,130965,-63.642857,1041,115,13:29:09,2012-07-31
451585,130970,-91.800003,1041,115,13:13:13,2012-07-31
452455,130980,-64.400002,1041,115,13:29:08,2012-07-31
452460,130995,-62.0,1041,115,13:29:07,2012-07-31
452460,131010,-68.25,1041,115,13:22:16,2012-07-31
452460,131025,-68.833336,1041,115,13:22:17,2012-07-31
452460,131030,-58.5,1041,115,13:29:05,2012-07-31
452460,131040,-67.400002,1041,115,13:22:19,2012-07-31
452460,131045,-57.200001,1041,115,13:29:03,2012-07-31
452460,131050,-57.0,1041,115,13:29:03,2012-07-31
452460,131055,-67.0,1041,115,13:22:19,2012-07-31
452460,131065,-65.36364,1041,115,13:29:02,2012-07-31
452460,131070,-57.0,1041,115,13:29:01,2012-07-31
452465,131080,-57.0,1041,115,13:29:00,2012-07-31
452465,131085,-57.0,1041,115,13:29:00,2012-07-31
452465,131100,-57.0,1041,115,13:28:58,2012-07-31
452465,131105,-57.0,1041,115,13:28:57,2012-07-31
452465,131110,-57.0,1041,115,13:28:57,2012-07-31
452460,131115,-57.0,1041,115,13:28:56,2012-07-31
452460,131120,-57.0,1041,115,13:28:55,2012-07-31
452450,131125,-69.0,1041,115,13:28:54,2012-07-31
452455,131125,-57.0,1041,115,13:28:55,2012-07-31
452440,131130,-73.0,1041,115,13:28:53,2012-07-31
452425,131135,-73.0,1041,115,13:28:50,2012-07-31
452430,131135,-73.0,1041,115,13:28:50,2012-07-31
452415,131140,-73.0,1041,115,13:28:48,2012-07-31
452425,131140,-73.0,1041,115,13:28:50,2012-07-31
452330,131165,-73.0,1041,115,13:28:36,2012-07-31
452310,131170,-76.800003,1041,115,13:28:33,2012-07-31
452300,131175,-78.0,1041,115,13:28:32,2012-07-31
452285,131185,-77.0,1041,115,13:28:30,2012-07-31
452280,131190,-77.800003,1041,115,13:28:29,2012-07-31
452275,131195,-78.0,1041,115,13:28:27,2012-07-31
452265,131200,-76.666664,1041,115,13:28:26,2012-07-31
452250,131205,-71.800003,1041,115,13:28:24,2012-07-31
452255,131205,-74.5,1041,115,13:28:25,2012-07-31
452230,131210,-68.333336,1041,115,13:28:22,2012-07-31
452235,131210,-71.0,1041,115,13:28:23,2012-07-31
452220,131215,-64.333336,1041,115,13:28:21,2012-07-31
452205,131220,-60.0,1041,115,13:28:18,2012-07-31
452210,131220,-61.714287,1041,115,13:28:19,2012-07-31
452230,131220,-74.0,1041,115,13:23:02,2012-07-31
452240,131220,-74.0,1041,115,13:23:01,2012-07-31
452195,131225,-60.0,1041,115,13:28:17,2012-07-31
452215,131225,-74.0,1041,115,13:23:04,2012-07-31
452220,131225,-74.0,1041,115,13:23:02,2012-07-31
452190,131230,-58.5,1041,115,13:28:16,2012-07-31
452205,131230,-74.0,1041,115,13:23:04,2012-07-31
452190,131235,-58.0,1041,115,13:28:15,2012-07-31
452195,131235,-62.0,1041,115,13:23:07,2012-07-31
452200,131235,-71.0,1041,115,13:23:07,2012-07-31
452185,131240,-58.0,1041,115,13:28:14,2012-07-31
452190,131240,-62.25,1041,115,13:23:08,2012-07-31
452185,131245,-59.5,1041,115,13:28:14,2012-07-31
452185,131250,-63.166668,1041,115,13:28:13,2012-07-31
452185,131255,-62.0,1041,115,13:28:12,2012-07-31
452190,131260,-61.0,1041,115,13:28:12,2012-07-31
452185,131265,-68.333336,1041,115,13:23:11,2012-07-31
452190,131265,-63.25,1041,115,13:28:11,2012-07-31
452190,131270,-71.400002,1041,115,13:23:12,2012-07-31
452190,131275,-67.333336,1041,115,13:28:10,2012-07-31
452190,131280,-73.0,1041,115,13:23:13,2012-07-31
452195,131280,-69.0,1041,115,13:28:09,2012-07-31
452195,131290,-71.400002,1041,115,13:28:08,2012-07-31
452195,131295,-72.599998,1041,115,13:23:14,2012-07-31
452195,131300,-70.666664,1041,115,13:28:07,2012-07-31
452195,131305,-72.0,1041,115,13:28:06,2012-07-31
452195,131310,-70.75,1041,115,13:28:05,2012-07-31
452195,131325,-72.25,1041,115,13:28:04,2012-07-31
452190,131330,-69.666664,1041,115,13:28:02,2012-07-31
452195,131330,-71.0,1041,115,13:28:03,2012-07-31
452200,131330,-72.0,1041,115,13:23:17,2012-07-31
452185,131340,-68.333336,1041,115,13:28:01,2012-07-31
452200,131340,-72.0,1041,115,13:23:18,2012-07-31
452175,131345,-68.666664,1041,115,13:28:00,2012-07-31
452200,131345,-72.0,1041,115,13:23:18,2012-07-31
452165,131350,-68.0,1041,115,13:27:58,2012-07-31
452170,131350,-68.25,1041,115,13:27:58,2012-07-31
452195,131350,-72.0,1041,115,13:23:19,2012-07-31
452195,131355,-72.0,1041,115,13:23:19,2012-07-31
452160,131360,-68.0,1041,115,13:27:57,2012-07-31
452195,131360,-72.0,1041,115,13:23:19,2012-07-31
452160,131365,-67.0,1041,115,13:27:55,2012-07-31
452190,131370,-72.333336,1041,115,13:23:21,2012-07-31
452180,131375,-73.0,1041,115,13:23:23,2012-07-31
452185,131375,-73.0,1041,115,13:23:22,2012-07-31
452155,131380,-66.75,1041,115,13:27:54,2012-07-31
452180,131380,-73.0,1041,115,13:23:23,2012-07-31
452155,131385,-67.0,1041,115,13:27:53,2012-07-31
452175,131385,-72.75,1041,115,13:23:24,2012-07-31
452155,131390,-66.25,1041,115,13:27:53,2012-07-31
452175,131390,-72.0,1041,115,13:23:24,2012-07-31
452155,131395,-66.0,1041,115,13:27:52,2012-07-31
452175,131395,-72.0,1041,115,13:23:25,2012-07-31
452175,131400,-72.0,1041,115,13:23:26,2012-07-31
452155,131405,-65.25,1041,115,13:27:51,2012-07-31
452175,131405,-72.0,1041,115,13:23:26,2012-07-31
452155,131410,-65.0,1041,115,13:27:50,2012-07-31
452175,131410,-72.0,1041,115,13:23:27,2012-07-31
452155,131415,-65.0,1041,115,13:27:50,2012-07-31
452175,131415,-72.333336,1041,115,13:23:28,2012-07-31
452155,131420,-65.666664,1041,115,13:27:50,2012-07-31
452155,131425,-66.0,1041,115,13:27:49,2012-07-31
452175,131425,-73.0,1041,115,13:23:29,2012-07-31
452155,131430,-66.0,1041,115,13:27:49,2012-07-31
452175,131430,-72.400002,1041,115,13:23:29,2012-07-31
452155,131435,-66.0,1041,115,13:27:48,2012-07-31
452160,131435,-66.571426,1041,115,13:27:48,2012-07-31
452175,131435,-72.0,1041,115,13:23:30,2012-07-31
452175,131440,-71.75,1041,115,13:23:31,2012-07-31
452160,131445,-67.0,1041,115,13:27:48,2012-07-31
452175,131445,-71.0,1041,115,13:23:31,2012-07-31
452160,131455,-67.0,1041,115,13:27:47,2012-07-31
452175,131455,-70.5,1041,115,13:23:32,2012-07-31
452165,131465,-67.0,1041,115,13:27:46,2012-07-31
452175,131465,-68.800003,1041,115,13:23:33,2012-07-31
452165,131470,-67.75,1041,115,13:27:46,2012-07-31
452180,131475,-68.0,1041,115,13:23:34,2012-07-31
452170,131480,-68.0,1041,115,13:27:45,2012-07-31
452185,131485,-67.599998,1041,115,13:23:35,2012-07-31
452175,131490,-68.75,1041,115,13:27:44,2012-07-31
452185,131490,-67.400002,1041,115,13:23:36,2012-07-31
452180,131505,-69.0,1041,115,13:27:43,2012-07-31
452190,131505,-69.0,1041,115,13:23:37,2012-07-31
452195,131515,-69.5,1041,115,13:23:38,2012-07-31
452190,131525,-69.0,1041,115,13:27:42,2012-07-31
452200,131525,-71.0,1041,115,13:23:39,2012-07-31
452195,131535,-69.0,1041,115,13:27:41,2012-07-31
452205,131535,-71.599998,1041,115,13:23:40,2012-07-31
452210,131545,-74.0,1041,115,13:23:41,2012-07-31
452205,131550,-69.75,1041,115,13:27:40,2012-07-31
452215,131555,-73.75,1041,115,13:23:42,2012-07-31
452210,131560,-72.25,1041,115,13:27:38,2012-07-31
452220,131570,-73.0,1041,115,13:23:43,2012-07-31
452215,131585,-73.0,1041,115,13:27:37,2012-07-31
452230,131585,-72.571426,1041,115,13:23:43,2012-07-31
452220,131595,-74.5,1041,115,13:27:37,2012-07-31
452230,131615,-71.25,1041,115,13:27:36,2012-07-31
452240,131620,-74.0,1041,115,13:23:46,2012-07-31
452235,131635,-70.0,1041,115,13:27:35,2012-07-31
452250,131645,-75.5,1041,115,13:23:48,2012-07-31
452250,131665,-70.0,1041,115,13:27:33,2012-07-31
452255,131665,-75.0,1041,115,13:23:48,2012-07-31
452255,131680,-70.0,1041,115,13:27:32,2012-07-31
452265,131685,-77.0,1041,115,13:23:50,2012-07-31
452260,131690,-70.0,1041,115,13:27:31,2012-07-31
452265,131705,-70.0,1041,115,13:27:30,2012-07-31
452275,131710,-79.5,1041,115,13:23:52,2012-07-31
452270,131715,-70.0,1041,115,13:27:29,2012-07-31
452280,131735,-73.85714,1041,115,13:27:29,2012-07-31
452285,131740,-79.0,1041,115,13:23:54,2012-07-31
452290,131745,-70.0,1041,115,13:27:27,2012-07-31
452290,131755,-79.0,1041,115,13:23:55,2012-07-31
452295,131765,-79.25,1041,115,13:23:56,2012-07-31
452305,131775,-80.0,1041,115,13:23:56,2012-07-31
452310,131780,-80.0,1041,115,13:23:57,2012-07-31
452315,131785,-78.5,1041,115,13:23:57,2012-07-31
452320,131790,-77.0,1041,115,13:23:58,2012-07-31
452325,131790,-77.199997,1041,115,13:23:59,2012-07-31
452330,131795,-78.0,1041,115,13:24:00,2012-07-31
452335,131795,-78.0,1041,115,13:24:00,2012-07-31
452345,131800,-78.0,1041,115,13:24:02,2012-07-31
452355,131800,-78.0,1041,115,13:24:02,2012-07-31
452360,131800,-78.0,1041,115,13:24:03,2012-07-31
452365,131800,-78.0,1041,115,13:24:04,2012-07-31
452375,131805,-77.75,1041,115,13:24:05,2012-07-31
452380,131810,-77.0,1041,115,13:24:06,2012-07-31
452390,131815,-77.0,1041,115,13:24:07,2012-07-31
452395,131820,-76.75,1041,115,13:24:07,2012-07-31
452400,131820,-76.0,1041,115,13:24:08,2012-07-31
452400,131825,-76.0,1041,115,13:24:08,2012-07-31
452405,131830,-76.25,1041,115,13:24:09,2012-07-31
452405,131835,-77.0,1041,115,13:24:09,2012-07-31
452405,131845,-77.0,1041,115,13:24:10,2012-07-31
452405,131855,-77.0,1041,115,13:24:11,2012-07-31
452405,131860,-78.5,1041,115,13:24:12,2012-07-31
452405,131865,-80.0,1041,115,13:24:12,2012-07-31
452400,131875,-80.25,1041,115,13:24:13,2012-07-31
452405,131875,-80.0,1041,115,13:24:13,2012-07-31
452650,131875,-73.0,1041,115,13:24:47,2012-07-31
452660,131875,-73.75,1041,115,13:24:48,2012-07-31
452665,131875,-76.0,1041,115,13:24:48,2012-07-31
452670,131875,-76.0,1041,115,13:24:49,2012-07-31
452675,131875,-76.0,1041,115,13:24:49,2012-07-31
452680,131875,-76.0,1041,115,13:24:50,2012-07-31
452400,131880,-81.0,1041,115,13:24:13,2012-07-31
452645,131880,-72.333336,1041,115,13:24:46,2012-07-31
452685,131880,-76.0,1041,115,13:24:51,2012-07-31
452695,131880,-76.0,1041,115,13:24:52,2012-07-31
452630,131885,-70.5,1041,115,13:24:45,2012-07-31
452700,131885,-76.0,1041,115,13:24:53,2012-07-31
452620,131890,-65.333336,1041,115,13:24:43,2012-07-31
452625,131890,-70.0,1041,115,13:24:44,2012-07-31
452710,131890,-76.0,1041,115,13:24:55,2012-07-31
452725,131890,-76.0,1041,115,13:24:56,2012-07-31
452615,131895,-63.0,1041,115,13:24:43,2012-07-31
452730,131895,-76.25,1041,115,13:24:57,2012-07-31
452735,131895,-77.0,1041,115,13:24:58,2012-07-31
452595,131900,-63.0,1041,115,13:24:40,2012-07-31
452600,131900,-63.0,1041,115,13:24:40,2012-07-31
452605,131900,-63.0,1041,115,13:24:41,2012-07-31
452610,131900,-63.0,1041,115,13:24:42,2012-07-31
452740,131900,-77.25,1041,115,13:24:58,2012-07-31
452560,131905,-63.0,1041,115,13:24:38,2012-07-31
452575,131905,-63.0,1041,115,13:24:38,2012-07-31
452580,131905,-63.0,1041,115,13:24:38,2012-07-31
452585,131905,-63.0,1041,115,13:24:39,2012-07-31
452595,131905,-63.0,1041,115,13:24:40,2012-07-31
452750,131905,-78.0,1041,115,13:25:00,2012-07-31
452755,131905,-78.0,1041,115,13:25:01,2012-07-31
452760,131910,-77.599998,1041,115,13:25:01,2012-07-31
452765,131910,-77.0,1041,115,13:25:02,2012-07-31
452840,131950,-75.0,1041,115,13:25:29,2012-07-31
452840,131955,-71.71875,1041,115,13:25:20,2012-07-31
452845,131955,-72.0,1041,115,13:25:13,2012-07-31
449755,128875,-73.0,1041,115,14:45:49,2012-07-31
449760,128875,-83.0,1041,115,14:45:50,2012-07-31
449765,128875,-82.666664,1041,115,14:45:51,2012-07-31
449730,128880,-63.0,1041,115,14:45:47,2012-07-31
449720,128885,-63.0,1041,115,14:45:46,2012-07-31
449710,128895,-63.0,1041,115,14:45:44,2012-07-31
449700,128900,-63.0,1041,115,14:45:44,2012-07-31
449690,128905,-63.0,1041,115,14:45:43,2012-07-31
450225,128955,-62.0,1041,115,13:05:55,2012-07-31
450230,128965,-62.0,1041,115,13:05:56,2012-07-31
450240,128975,-62.0,1041,115,13:05:56,2012-07-31
450240,128980,-62.0,1041,115,13:05:58,2012-07-31
450245,128990,-62.0,1041,115,13:05:58,2012-07-31
450255,129025,-60.5,1041,115,13:06:01,2012-07-31
450255,129035,-56.0,1041,115,13:06:01,2012-07-31
450260,129050,-56.5,1041,115,13:06:02,2012-07-31
450260,129060,-58.0,1041,115,13:06:03,2012-07-31
450260,129070,-58.25,1041,115,13:06:03,2012-07-31
450260,129080,-59.0,1041,115,13:06:04,2012-07-31
450260,129085,-59.0,1041,115,13:06:04,2012-07-31
450265,129090,-59.0,1041,115,13:06:05,2012-07-31
450265,129095,-59.0,1041,115,13:06:05,2012-07-31
450265,129105,-59.0,1041,115,13:06:06,2012-07-31
450265,129115,-59.666668,1041,115,13:06:06,2012-07-31
450265,129125,-61.0,1041,115,13:06:07,2012-07-31
450265,129140,-61.5,1041,115,13:06:08,2012-07-31
450260,129155,-63.25,1041,115,13:06:09,2012-07-31
450265,129180,-64.0,1041,115,13:06:10,2012-07-31
450265,129190,-64.0,1041,115,13:06:11,2012-07-31
450265,129195,-64.5,1041,115,13:06:12,2012-07-31
450270,129210,-66.0,1041,115,13:06:13,2012-07-31
450275,129220,-65.75,1041,115,13:06:13,2012-07-31
450285,129235,-65.0,1041,115,13:06:14,2012-07-31
450285,129245,-64.666664,1041,115,13:06:15,2012-07-31
450290,129255,-64.0,1041,115,13:06:15,2012-07-31
450300,129265,-64.0,1041,115,13:06:16,2012-07-31
450305,129280,-64.0,1041,115,13:06:17,2012-07-31
450315,129295,-64.0,1041,115,13:06:17,2012-07-31
450320,129305,-64.0,1041,115,13:06:18,2012-07-31
450325,129310,-64.0,1041,115,13:06:18,2012-07-31
450325,129315,-64.400002,1041,115,13:06:19,2012-07-31
450330,129325,-66.0,1041,115,13:06:19,2012-07-31
450335,129330,-66.166664,1041,115,13:06:20,2012-07-31
450355,129365,-67.0,1041,115,13:06:22,2012-07-31
450365,129390,-68.0,1041,115,13:06:23,2012-07-31
450370,129390,-67.0,1041,115,13:06:23,2012-07-31
450375,129405,-68.333336,1041,115,13:06:25,2012-07-31
450380,129420,-68.75,1041,115,13:06:26,2012-07-31
450395,129445,-68.0,1041,115,13:06:27,2012-07-31
450400,129450,-68.0,1041,115,13:06:27,2012-07-31
450415,129465,-67.599998,1041,115,13:06:29,2012-07-31
450430,129470,-66.5,1041,115,13:06:30,2012-07-31
450465,129485,-64.666664,1041,115,13:06:32,2012-07-31
450475,129490,-63.75,1041,115,13:06:33,2012-07-31
450495,129500,-63.0,1041,115,13:06:34,2012-07-31
450510,129510,-62.5,1041,115,13:06:34,2012-07-31
450525,129520,-61.0,1041,115,13:06:35,2012-07-31
450550,129540,-61.0,1041,115,13:06:37,2012-07-31
450580,129565,-61.333332,1041,115,13:06:39,2012-07-31
450595,129580,-62.25,1041,115,13:06:40,2012-07-31
450615,129595,-63.0,1041,115,13:06:41,2012-07-31
450625,129605,-62.666668,1041,115,13:06:42,2012-07-31
450630,129610,-62.0,1041,115,13:06:42,2012-07-31
450645,129620,-61.75,1041,115,13:06:43,2012-07-31
450665,129635,-60.333332,1041,115,13:06:44,2012-07-31
450690,129645,-58.666668,1041,115,13:06:46,2012-07-31
450700,129650,-58.0,1041,115,13:06:46,2012-07-31
450710,129660,-58.0,1041,115,13:06:47,2012-07-31
450720,129665,-58.0,1041,115,13:06:48,2012-07-31
450720,129670,-59.0,1041,115,13:06:49,2012-07-31
450725,129675,-61.0,1041,115,13:06:49,2012-07-31
450730,129675,-61.0,1041,115,13:06:49,2012-07-31
450735,129680,-62.0,1041,115,13:06:50,2012-07-31
450760,129685,-65.666664,1041,115,13:06:51,2012-07-31
450770,129690,-67.0,1041,115,13:06:52,2012-07-31
450780,129690,-67.0,1041,115,13:06:53,2012-07-31
450790,129690,-67.0,1041,115,13:06:54,2012-07-31
450795,129690,-66.666664,1041,115,13:06:54,2012-07-31
450820,129695,-65.5,1041,115,13:06:56,2012-07-31
450830,129700,-64.0,1041,115,13:06:56,2012-07-31
450840,129705,-63.25,1041,115,13:06:57,2012-07-31
450850,129710,-61.0,1041,115,13:06:58,2012-07-31
450855,129715,-60.0,1041,115,13:06:58,2012-07-31
450865,129730,-57.666668,1041,115,13:07:00,2012-07-31
450870,129740,-57.0,1041,115,13:07:01,2012-07-31
450875,129750,-57.25,1041,115,13:07:01,2012-07-31
450880,129760,-58.0,1041,115,13:07:02,2012-07-31
450885,129770,-58.0,1041,115,13:07:03,2012-07-31
450895,129795,-58.0,1041,115,13:07:04,2012-07-31
450900,129805,-58.0,1041,115,13:07:05,2012-07-31
450905,129815,-58.25,1041,115,13:07:06,2012-07-31
450910,129825,-59.0,1041,115,13:07:06,2012-07-31
450915,129830,-59.25,1041,115,13:07:07,2012-07-31
450920,129835,-60.0,1041,115,13:07:08,2012-07-31
450925,129845,-59.5,1041,115,13:07:08,2012-07-31
450930,129855,-58.0,1041,115,13:07:09,2012-07-31
450940,129860,-58.0,1041,115,13:07:10,2012-07-31
450955,129870,-57.75,1041,115,13:07:11,2012-07-31
450960,129870,-57.0,1041,115,13:07:12,2012-07-31
450970,129870,-57.333332,1041,115,13:07:13,2012-07-31
450980,129875,-58.0,1041,115,13:07:13,2012-07-31
450990,129875,-58.5,1041,115,13:07:14,2012-07-31
451005,129880,-60.0,1041,115,13:07:15,2012-07-31
451015,129880,-60.333332,1041,115,13:07:15,2012-07-31
451020,129885,-61.0,1041,115,13:07:16,2012-07-31
451030,129890,-60.5,1041,115,13:07:17,2012-07-31
451045,129900,-60.75,1041,115,13:07:18,2012-07-31
451065,129915,-60.0,1041,115,13:07:20,2012-07-31
451080,129925,-59.200001,1041,115,13:07:21,2012-07-31
451100,129940,-58.0,1041,115,13:07:22,2012-07-31
451105,129945,-58.0,1041,115,13:07:23,2012-07-31
451120,129955,-58.0,1041,115,13:07:24,2012-07-31
451135,129970,-58.0,1041,115,13:07:25,2012-07-31
451150,129980,-58.0,1041,115,13:07:26,2012-07-31
451165,129995,-57.599998,1041,115,13:07:27,2012-07-31
451180,130005,-56.5,1041,115,13:07:28,2012-07-31
451190,130020,-55.0,1041,115,13:07:29,2012-07-31
451200,130030,-54.5,1041,115,13:07:30,2012-07-31
451215,130040,-52.5,1041,115,13:07:31,2012-07-31
451225,130055,-51.0,1041,115,13:07:32,2012-07-31
451225,130080,-58.458332,1041,115,14:34:06,2012-07-31
451245,130080,-51.0,1041,115,13:07:33,2012-07-31
451225,130085,-53.0,1041,115,14:33:55,2012-07-31
451230,130085,-50.894737,1041,115,14:33:55,2012-07-31
451225,130090,-51.666668,1041,115,14:33:53,2012-07-31
451255,130090,-51.5,1041,115,13:07:34,2012-07-31
451220,130095,-50.444443,1041,115,14:33:52,2012-07-31
451215,130100,-51.25,1041,115,14:33:51,2012-07-31
451210,130105,-51.200001,1041,115,14:34:12,2012-07-31
451270,130105,-52.333332,1041,115,13:07:35,2012-07-31
451205,130110,-51.5,1041,115,14:34:13,2012-07-31
451195,130115,-55.454544,1041,115,14:33:49,2012-07-31
451185,130120,-59.0,1041,115,14:33:48,2012-07-31
451180,130125,-54.0,1041,115,14:34:15,2012-07-31
451185,130125,-62.0,1041,115,14:33:47,2012-07-31
451180,130130,-66.666664,1041,115,14:33:46,2012-07-31
451175,130135,-58.200001,1041,115,14:34:16,2012-07-31
451295,130135,-53.5,1041,115,13:07:37,2012-07-31
451165,130140,-72.75,1041,115,14:33:45,2012-07-31
451170,130140,-58.5,1041,115,14:34:17,2012-07-31
451305,130150,-54.0,1041,115,13:07:38,2012-07-31
451150,130155,-77.75,1041,115,14:33:43,2012-07-31
450970,130160,-79.0,1041,115,14:33:29,2012-07-31
450975,130160,-79.5,1041,115,14:33:29,2012-07-31
450985,130160,-81.0,1041,115,14:33:30,2012-07-31
450990,130160,-81.0,1041,115,14:33:31,2012-07-31
451140,130160,-79.0,1041,115,14:33:43,2012-07-31
451145,130160,-64.599998,1041,115,14:34:19,2012-07-31
450945,130165,-81.0,1041,115,14:34:33,2012-07-31
450955,130165,-85.0,1041,115,14:33:28,2012-07-31
450960,130165,-83.0,1041,115,14:33:28,2012-07-31
450970,130165,-81.75,1041,115,14:34:31,2012-07-31
450980,130165,-82.0,1041,115,14:34:31,2012-07-31
451005,130165,-81.0,1041,115,14:33:31,2012-07-31
451135,130165,-79.75,1041,115,14:33:42,2012-07-31
450925,130170,-82.199997,1041,115,14:34:34,2012-07-31
450930,130170,-85.0,1041,115,14:33:26,2012-07-31
450935,130170,-85.0,1041,115,14:33:27,2012-07-31
450985,130170,-81.25,1041,115,14:34:30,2012-07-31
451015,130170,-81.0,1041,115,14:33:32,2012-07-31
451020,130170,-81.0,1041,115,14:33:33,2012-07-31
451130,130170,-68.25,1041,115,14:34:20,2012-07-31
450905,130175,-84.400002,1041,115,14:34:36,2012-07-31
450910,130175,-85.0,1041,115,14:33:24,2012-07-31
450920,130175,-84.25,1041,115,14:34:35,2012-07-31
451010,130175,-80.25,1041,115,14:34:29,2012-07-31
451030,130175,-81.25,1041,115,14:33:34,2012-07-31
451120,130175,-80.75,1041,115,14:33:41,2012-07-31
451125,130175,-76.0,1041,115,14:34:21,2012-07-31
450890,130180,-85.0,1041,115,14:34:38,2012-07-31
450900,130180,-85.0,1041,115,14:33:24,2012-07-31
450905,130180,-85.0,1041,115,14:33:24,2012-07-31
451020,130180,-80.0,1041,115,14:34:28,2012-07-31
451045,130180,-82.0,1041,115,14:33:34,2012-07-31
451115,130180,-76.5,1041,115,14:34:21,2012-07-31
451120,130180,-72.0,1041,115,14:34:21,2012-07-31
451335,130180,-54.0,1041,115,13:07:39,2012-07-31
450880,130185,-85.0,1041,115,14:33:22,2012-07-31
451030,130185,-80.800003,1041,115,14:34:27,2012-07-31
451050,130185,-81.75,1041,115,14:33:35,2012-07-31
451060,130185,-81.0,1041,115,14:33:36,2012-07-31
451100,130185,-79.5,1041,115,14:33:39,2012-07-31
451110,130185,-73.0,1041,115,14:34:22,2012-07-31
450570,130190,-90.0,1041,115,14:35:02,2012-07-31
450575,130190,-90.0,1041,115,14:35:02,2012-07-31
450875,130190,-85.0,1041,115,14:34:38,2012-07-31
451045,130190,-81.0,1041,115,14:34:26,2012-07-31
451050,130190,-79.666664,1041,115,14:34:26,2012-07-31
451065,130190,-80.333336,1041,115,14:33:36,2012-07-31
451080,130190,-79.0,1041,115,14:33:38,2012-07-31
451090,130190,-77.5,1041,115,14:34:23,2012-07-31
451100,130190,-76.0,1041,115,14:34:22,2012-07-31
450585,130195,-89.166664,1041,115,14:35:00,2012-07-31
450870,130195,-87.0,1041,115,14:34:39,2012-07-31
451055,130195,-79.0,1041,115,14:34:25,2012-07-31
451060,130195,-79.0,1041,115,14:34:25,2012-07-31
451065,130195,-79.0,1041,115,14:34:25,2012-07-31
451075,130195,-79.0,1041,115,14:34:24,2012-07-31
451080,130195,-79.0,1041,115,14:34:24,2012-07-31
451345,130195,-54.0,1041,115,13:07:41,2012-07-31
450595,130200,-88.333336,1041,115,14:35:00,2012-07-31
451355,130205,-54.0,1041,115,13:07:41,2012-07-31
450530,130210,-90.0,1041,115,14:35:06,2012-07-31
450620,130210,-88.800003,1041,115,14:34:58,2012-07-31
450520,130215,-90.0,1041,115,14:35:07,2012-07-31
450855,130215,-87.0,1041,115,14:34:41,2012-07-31
451365,130215,-54.25,1041,115,13:07:42,2012-07-31
450515,130220,-90.0,1041,115,14:35:07,2012-07-31
450635,130220,-89.0,1041,115,14:34:56,2012-07-31
450720,130220,-88.25,1041,115,14:34:51,2012-07-31
450515,130225,-90.0,1041,115,14:35:07,2012-07-31
450650,130225,-89.555557,1041,115,14:34:56,2012-07-31
450665,130225,-90.0,1041,115,14:34:54,2012-07-31
450690,130225,-89.400002,1041,115,14:34:53,2012-07-31
450705,130225,-89.0,1041,115,14:34:52,2012-07-31
450735,130225,-87.333336,1041,115,14:34:50,2012-07-31
451375,130225,-55.0,1041,115,13:07:43,2012-07-31
450510,130230,-90.0,1041,115,14:35:08,2012-07-31
450770,130230,-85.400002,1041,115,14:34:48,2012-07-31
450840,130230,-86.75,1041,115,14:34:43,2012-07-31
451385,130230,-55.333332,1041,115,13:07:44,2012-07-31
450510,130235,-89.75,1041,115,14:35:08,2012-07-31
450790,130235,-84.25,1041,115,14:34:47,2012-07-31
450825,130235,-85.800003,1041,115,14:34:44,2012-07-31
450505,130240,-89.0,1041,115,14:35:08,2012-07-31
450805,130240,-84.666664,1041,115,14:34:46,2012-07-31
450810,130240,-85.0,1041,115,14:34:44,2012-07-31
451400,130245,-56.333332,1041,115,13:07:45,2012-07-31
450500,130255,-89.0,1041,115,14:35:09,2012-07-31
450495,130260,-89.0,1041,115,14:35:10,2012-07-31
451420,130260,-57.0,1041,115,13:07:46,2012-07-31
450490,130265,-89.0,1041,115,14:35:10,2012-07-31
450490,130270,-89.0,1041,115,14:35:10,2012-07-31
451430,130270,-57.333332,1041,115,13:07:48,2012-07-31
451435,130270,-58.0,1041,115,13:07:48,2012-07-31
451440,130275,-58.0,1041,115,13:07:49,2012-07-31
450485,130280,-89.0,1041,115,14:35:11,2012-07-31
451445,130280,-58.0,1041,115,13:07:49,2012-07-31
451450,130280,-58.0,1041,115,13:07:50,2012-07-31
451455,130280,-58.0,1041,115,13:07:50,2012-07-31
450480,130285,-89.0,1041,115,14:35:11,2012-07-31
450480,130290,-89.0,1041,115,14:35:12,2012-07-31
451465,130290,-58.75,1041,115,13:07:51,2012-07-31
450475,130295,-89.0,1041,115,14:35:12,2012-07-31
451470,130295,-61.0,1041,115,13:07:51,2012-07-31
450470,130300,-89.0,1041,115,14:35:12,2012-07-31
451480,130300,-61.0,1041,115,13:07:52,2012-07-31
450470,130305,-89.0,1041,115,14:35:13,2012-07-31
451485,130305,-61.0,1041,115,13:07:53,2012-07-31
451490,130310,-61.25,1041,115,13:07:54,2012-07-31
451495,130320,-62.0,1041,115,13:07:54,2012-07-31
451500,130325,-62.5,1041,115,13:07:55,2012-07-31
451510,130330,-64.0,1041,115,13:07:56,2012-07-31
451515,130335,-63.75,1041,115,13:07:56,2012-07-31
452525,130335,-78.0,1041,115,13:29:46,2012-07-31
451520,130340,-63.0,1041,115,13:07:57,2012-07-31
451525,130340,-62.333332,1041,115,13:07:58,2012-07-31
451530,130345,-61.0,1041,115,13:07:59,2012-07-31
451535,130345,-61.75,1041,115,13:07:59,2012-07-31
451550,130350,-64.333336,1041,115,13:08:01,2012-07-31
451560,130350,-65.25,1041,115,13:08:02,2012-07-31
451565,130350,-66.0,1041,115,13:08:03,2012-07-31
452530,130350,-79.0,1041,115,13:29:45,2012-07-31
451575,130355,-66.75,1041,115,13:08:03,2012-07-31
451585,130355,-69.0,1041,115,13:08:04,2012-07-31
451590,130355,-69.5,1041,115,13:08:05,2012-07-31
452530,130355,-79.0,1041,115,13:29:45,2012-07-31
451600,130360,-71.0,1041,115,13:08:05,2012-07-31
451605,130365,-71.25,1041,115,13:08:06,2012-07-31
451610,130365,-72.0,1041,115,13:08:07,2012-07-31
452530,130365,-79.0,1041,115,13:29:44,2012-07-31
451620,130370,-72.25,1041,115,13:08:08,2012-07-31
452530,130370,-79.0,1041,115,13:29:44,2012-07-31
451625,130375,-73.0,1041,115,13:08:08,2012-07-31
451635,130380,-73.0,1041,115,13:08:09,2012-07-31
451640,130380,-73.0,1041,115,13:08:10,2012-07-31
451645,130380,-72.75,1041,115,13:08:11,2012-07-31
452530,130380,-78.0,1041,115,13:29:43,2012-07-31
451650,130385,-72.0,1041,115,13:08:11,2012-07-31
451655,130390,-72.0,1041,115,13:08:12,2012-07-31
452530,130390,-78.0,1041,115,13:29:42,2012-07-31
451660,130395,-71.599998,1041,115,13:08:13,2012-07-31
451665,130405,-70.400002,1041,115,13:08:14,2012-07-31
452525,130410,-78.333336,1041,115,13:29:40,2012-07-31
451670,130420,-74.625,1041,115,13:08:15,2012-07-31
451680,130420,-77.400002,1041,115,13:11:09,2012-07-31
451685,130420,-76.5,1041,115,13:11:08,2012-07-31
451695,130420,-75.400002,1041,115,13:11:06,2012-07-31
451700,130420,-75.0,1041,115,13:11:06,2012-07-31
451665,130425,-74.199997,1041,115,13:11:12,2012-07-31
451710,130425,-73.5,1041,115,13:11:05,2012-07-31
451720,130425,-72.25,1041,115,13:11:03,2012-07-31
451730,130425,-71.0,1041,115,13:11:02,2012-07-31
451665,130430,-72.666664,1041,115,13:11:13,2012-07-31
451670,130430,-72.14286,1041,115,13:08:16,2012-07-31
451755,130435,-70.75,1041,115,13:11:01,2012-07-31
451675,130440,-73.0,1041,115,13:08:18,2012-07-31
451760,130440,-69.5,1041,115,13:10:59,2012-07-31
451665,130445,-72.0,1041,115,13:11:15,2012-07-31
451770,130445,-69.0,1041,115,13:10:58,2012-07-31
451665,130450,-72.0,1041,115,13:11:16,2012-07-31
451675,130450,-73.400002,1041,115,13:08:19,2012-07-31
451785,130450,-70.5,1041,115,13:10:56,2012-07-31
451665,130455,-73.0,1041,115,13:11:16,2012-07-31
451790,130455,-78.07692,1041,115,13:08:58,2012-07-31
451795,130455,-71.0,1041,115,13:10:55,2012-07-31
451670,130460,-74.0,1041,115,13:08:20,2012-07-31
451785,130460,-75.0,1041,115,13:08:56,2012-07-31
451790,130460,-77.0,1041,115,13:08:57,2012-07-31
451795,130460,-77.0,1041,115,13:20:15,2012-07-31
452505,130460,-69.0,1041,115,13:29:36,2012-07-31
451665,130465,-75.25,1041,115,13:11:18,2012-07-31
451670,130465,-74.0,1041,115,13:08:21,2012-07-31
451785,130465,-75.75,1041,115,13:08:56,2012-07-31
451820,130465,-75.75,1041,115,13:10:52,2012-07-31
451660,130470,-76.0,1041,115,13:11:18,2012-07-31
451785,130470,-76.0,1041,115,13:08:55,2012-07-31
451935,130470,-79.0,1041,115,13:10:44,2012-07-31
452500,130470,-69.0,1041,115,13:29:35,2012-07-31
451660,130475,-75.599998,1041,115,13:11:19,2012-07-31
451665,130475,-73.666664,1041,115,13:08:22,2012-07-31
451785,130475,-77.833336,1041,115,13:08:54,2012-07-31
451660,130480,-75.0,1041,115,13:11:19,2012-07-31
451860,130480,-79.0,1041,115,13:10:49,2012-07-31
451660,130485,-73.666664,1041,115,13:08:23,2012-07-31
451780,130485,-75.333336,1041,115,13:08:53,2012-07-31
451870,130485,-79.0,1041,115,13:10:48,2012-07-31
452490,130485,-67.0,1041,115,13:29:34,2012-07-31
451660,130490,-73.0,1041,115,13:11:21,2012-07-31
451780,130490,-77.666664,1041,115,13:20:10,2012-07-31
451660,130495,-73.0,1041,115,13:08:24,2012-07-31
451775,130495,-75.666664,1041,115,13:08:51,2012-07-31
452485,130495,-66.0,1041,115,13:29:34,2012-07-31
451660,130500,-73.333336,1041,115,13:08:25,2012-07-31
451780,130500,-77.75,1041,115,13:20:09,2012-07-31
451660,130505,-73.166664,1041,115,13:11:23,2012-07-31
451775,130505,-78.0,1041,115,13:20:08,2012-07-31
452480,130505,-57.0,1041,115,13:29:33,2012-07-31
451660,130510,-73.25,1041,115,13:11:25,2012-07-31
451775,130510,-78.0,1041,115,13:08:50,2012-07-31
451655,130515,-74.0,1041,115,13:11:25,2012-07-31
451660,130515,-73.5,1041,115,13:08:26,2012-07-31
451775,130515,-78.833336,1041,115,13:20:07,2012-07-31
452480,130515,-57.0,1041,115,13:29:32,2012-07-31
451655,130520,-74.800003,1041,115,13:11:26,2012-07-31
451660,130520,-72.0,1041,115,13:08:27,2012-07-31
451775,130520,-79.599998,1041,115,13:08:48,2012-07-31
452475,130520,-57.0,1041,115,13:29:31,2012-07-31
451650,130525,-75.0,1041,115,13:12:06,2012-07-31
451655,130525,-75.25,1041,115,13:12:07,2012-07-31
451660,130525,-73.75,1041,115,13:08:27,2012-07-31
451640,130530,-73.25,1041,115,13:12:04,2012-07-31
451645,130530,-74.800003,1041,115,13:12:05,2012-07-31
451665,130530,-72.75,1041,115,13:12:11,2012-07-31
451775,130530,-80.0,1041,115,13:08:47,2012-07-31
451635,130535,-73.0,1041,115,13:12:03,2012-07-31
451640,130535,-74.14286,1041,115,13:11:30,2012-07-31
451630,130540,-73.0,1041,115,13:12:02,2012-07-31
451635,130540,-72.800003,1041,115,13:11:32,2012-07-31
451665,130540,-71.555557,1041,115,13:12:13,2012-07-31
452470,130540,-57.0,1041,115,13:29:31,2012-07-31
451620,130545,-71.5,1041,115,13:12:01,2012-07-31
451665,130545,-72.0,1041,115,13:08:30,2012-07-31
451770,130545,-81.111115,1041,115,13:20:03,2012-07-31
451775,130545,-79.5,1041,115,13:20:04,2012-07-31
451620,130550,-72.0,1041,115,13:11:33,2012-07-31
451625,130550,-72.0,1041,115,13:11:32,2012-07-31
451665,130550,-71.5,1041,115,13:08:30,2012-07-31
451670,130550,-69.199997,1041,115,13:12:14,2012-07-31
451765,130550,-83.75,1041,115,13:08:44,2012-07-31
451770,130550,-83.0,1041,115,13:08:45,2012-07-31
451610,130555,-73.0,1041,115,13:11:59,2012-07-31
451615,130555,-72.333336,1041,115,13:12:00,2012-07-31
451670,130555,-68.666664,1041,115,13:12:16,2012-07-31
451760,130555,-81.0,1041,115,13:20:02,2012-07-31
451765,130555,-81.0,1041,115,13:20:02,2012-07-31
452465,130555,-57.0,1041,115,13:29:30,2012-07-31
451605,130560,-72.25,1041,115,13:11:59,2012-07-31
451610,130560,-72.800003,1041,115,13:11:35,2012-07-31
451675,130560,-69.85714,1041,115,13:08:32,2012-07-31
451680,130560,-72.5,1041,115,13:08:32,2012-07-31
451750,130560,-78.25,1041,115,13:20:00,2012-07-31
451755,130560,-81.75,1041,115,13:08:43,2012-07-31
451595,130565,-72.75,1041,115,13:11:57,2012-07-31
451600,130565,-73.75,1041,115,13:11:36,2012-07-31
451680,130565,-69.75,1041,115,13:08:33,2012-07-31
451685,130565,-74.571426,1041,115,13:08:34,2012-07-31
451690,130565,-72.333336,1041,115,13:08:35,2012-07-31
451695,130565,-75.0,1041,115,13:12:20,2012-07-31
451700,130565,-74.333336,1041,115,13:08:36,2012-07-31
451710,130565,-74.0,1041,115,13:08:37,2012-07-31
451715,130565,-74.199997,1041,115,13:19:55,2012-07-31
451720,130565,-72.0,1041,115,13:19:56,2012-07-31
451725,130565,-77.333336,1041,115,13:19:57,2012-07-31
451730,130565,-76.428574,1041,115,13:19:57,2012-07-31
451735,130565,-79.666664,1041,115,13:08:40,2012-07-31
451740,130565,-75.333336,1041,115,13:19:59,2012-07-31
451745,130565,-79.5,1041,115,13:08:42,2012-07-31
451590,130570,-74.5,1041,115,13:11:56,2012-07-31
451595,130570,-73.333336,1041,115,13:11:37,2012-07-31
451705,130570,-76.666664,1041,115,13:12:22,2012-07-31
451710,130570,-74.277779,1041,115,13:19:53,2012-07-31
452460,130570,-57.0,1041,115,13:29:29,2012-07-31
451580,130575,-74.326088,1041,115,13:11:52,2012-07-31
451585,130575,-74.866669,1041,115,13:11:54,2012-07-31
451710,130575,-73.0,1041,115,13:19:52,2012-07-31
451715,130575,-74.800003,1041,115,13:12:27,2012-07-31
451580,130580,-75.785713,1041,115,13:11:42,2012-07-31
451715,130580,-73.5,1041,115,13:19:51,2012-07-31
452460,130580,-57.0,1041,115,13:29:29,2012-07-31
451715,130585,-70.5,1041,115,13:19:50,2012-07-31
451720,130585,-74.0,1041,115,13:12:28,2012-07-31
452460,130585,-57.0,1041,115,13:29:28,2012-07-31
451715,130590,-71.333336,1041,115,13:19:49,2012-07-31
451720,130590,-73.5,1041,115,13:12:30,2012-07-31
452460,130590,-57.0,1041,115,13:29:28,2012-07-31
451720,130595,-72.0,1041,115,13:19:48,2012-07-31
451725,130595,-72.0,1041,115,13:12:30,2012-07-31
452460,130595,-57.0,1041,115,13:29:28,2012-07-31
451725,130600,-71.666664,1041,115,13:12:31,2012-07-31
451735,130600,-70.333336,1041,115,13:18:03,2012-07-31
451740,130600,-70.25,1041,115,13:18:05,2012-07-31
451755,130600,-71.800003,1041,115,13:18:07,2012-07-31
451725,130605,-71.85714,1041,115,13:12:32,2012-07-31
451730,130605,-72.75,1041,115,13:19:46,2012-07-31
451760,130605,-73.0,1041,115,13:18:09,2012-07-31
452455,130605,-57.0,1041,115,13:29:27,2012-07-31
451725,130610,-71.5,1041,115,13:18:02,2012-07-31
451735,130610,-72.199997,1041,115,13:19:44,2012-07-31
451740,130610,-73.5,1041,115,13:19:43,2012-07-31
451745,130610,-74.0,1041,115,13:19:43,2012-07-31
451770,130610,-72.75,1041,115,13:18:10,2012-07-31
451725,130615,-73.777779,1041,115,13:18:00,2012-07-31
451750,130615,-73.25,1041,115,13:19:42,2012-07-31
451755,130615,-73.0,1041,115,13:19:41,2012-07-31
451760,130615,-75.0,1041,115,13:19:40,2012-07-31
451720,130620,-75.0,1041,115,13:17:59,2012-07-31
451770,130620,-76.0,1041,115,13:19:39,2012-07-31
451780,130620,-72.0,1041,115,13:18:11,2012-07-31
451720,130625,-76.25,1041,115,13:17:59,2012-07-31
451775,130625,-76.0,1041,115,13:19:38,2012-07-31
451780,130625,-72.599998,1041,115,13:18:13,2012-07-31
451715,130630,-77.75,1041,115,13:12:36,2012-07-31
451780,130630,-75.25,1041,115,13:19:38,2012-07-31
451785,130635,-71.0,1041,115,13:18:14,2012-07-31
451710,130640,-77.166664,1041,115,13:12:37,2012-07-31
451785,130640,-73.5,1041,115,13:19:36,2012-07-31
451790,130640,-73.0,1041,115,13:19:36,2012-07-31
451705,130645,-79.0,1041,115,13:12:38,2012-07-31
451790,130645,-73.0,1041,115,13:19:35,2012-07-31
451705,130650,-80.0,1041,115,13:17:55,2012-07-31
451790,130650,-71.400002,1041,115,13:18:15,2012-07-31
451700,130655,-79.5,1041,115,13:12:39,2012-07-31
451705,130655,-80.0,1041,115,13:17:54,2012-07-31
451790,130655,-70.666664,1041,115,13:18:16,2012-07-31
451795,130660,-68.75,1041,115,13:19:33,2012-07-31
451695,130665,-81.0,1041,115,13:12:40,2012-07-31
451700,130665,-80.666664,1041,115,13:17:53,2012-07-31
451795,130665,-70.0,1041,115,13:18:17,2012-07-31
451700,130670,-81.0,1041,115,13:17:52,2012-07-31
451795,130670,-66.800003,1041,115,13:19:32,2012-07-31
451690,130675,-80.599998,1041,115,13:12:41,2012-07-31
451700,130675,-82.5,1041,115,13:17:52,2012-07-31
451800,130675,-69.0,1041,115,13:19:31,2012-07-31
451685,130680,-80.25,1041,115,13:12:42,2012-07-31
451700,130680,-83.0,1041,115,13:17:51,2012-07-31
451800,130680,-66.75,1041,115,13:19:31,2012-07-31
451700,130685,-83.0,1041,115,13:17:51,2012-07-31
451800,130685,-69.0,1041,115,13:18:19,2012-07-31
451700,130690,-83.0,1041,115,13:17:51,2012-07-31
451800,130690,-67.666664,1041,115,13:19:29,2012-07-31
451700,130695,-82.25,1041,115,13:17:50,2012-07-31
451805,130695,-69.666664,1041,115,13:18:20,2012-07-31
451685,130700,-81.0,1041,115,13:12:44,2012-07-31
451700,130700,-82.0,1041,115,13:17:50,2012-07-31
451805,130700,-68.0,1041,115,13:19:28,2012-07-31
451705,130705,-82.0,1041,115,13:17:49,2012-07-31
451805,130705,-70.0,1041,115,13:19:28,2012-07-31
451685,130710,-81.0,1041,115,13:12:45,2012-07-31
451705,130710,-82.0,1041,115,13:17:49,2012-07-31
451705,130715,-82.0,1041,115,13:17:49,2012-07-31
451805,130715,-70.0,1041,115,13:18:22,2012-07-31
451705,130720,-82.0,1041,115,13:17:48,2012-07-31
451710,130725,-82.0,1041,115,13:17:48,2012-07-31
451805,130725,-70.0,1041,115,13:19:25,2012-07-31
451690,130730,-81.0,1041,115,13:12:47,2012-07-31
451710,130730,-82.75,1041,115,13:17:47,2012-07-31
451805,130730,-69.0,1041,115,13:19:24,2012-07-31
451805,130735,-67.454544,1041,115,13:19:12,2012-07-31
451810,130735,-70.0,1041,115,13:19:06,2012-07-31
451690,130740,-81.666664,1041,115,13:12:48,2012-07-31
451710,130740,-83.0,1041,115,13:17:47,2012-07-31
451805,130740,-72.333336,1041,115,13:18:24,2012-07-31
451810,130740,-70.75,1041,115,13:19:05,2012-07-31
451690,130745,-83.0,1041,115,13:12:48,2012-07-31
451710,130745,-83.0,1041,115,13:17:47,2012-07-31
451810,130745,-70.888885,1041,115,13:19:02,2012-07-31
451685,130750,-83.0,1041,115,13:12:49,2012-07-31
451710,130750,-83.666664,1041,115,13:17:46,2012-07-31
451810,130750,-73.625,1041,115,13:19:01,2012-07-31
451685,130755,-83.166664,1041,115,13:12:49,2012-07-31
451810,130755,-76.111115,1041,115,13:18:26,2012-07-31
451685,130760,-84.0,1041,115,13:12:50,2012-07-31
451710,130760,-84.0,1041,115,13:17:45,2012-07-31
451810,130760,-77.0,1041,115,13:18:26,2012-07-31
451680,130765,-84.0,1041,115,13:12:50,2012-07-31
451705,130765,-84.0,1041,115,13:17:45,2012-07-31
451675,130770,-83.75,1041,115,13:12:51,2012-07-31
451680,130770,-84.0,1041,115,13:12:51,2012-07-31
451815,130770,-78.071426,1041,115,13:18:27,2012-07-31
451675,130775,-83.0,1041,115,13:12:51,2012-07-31
451700,130775,-84.0,1041,115,13:17:43,2012-07-31
451815,130775,-77.5,1041,115,13:18:28,2012-07-31
451670,130780,-83.333336,1041,115,13:12:52,2012-07-31
451815,130780,-78.375,1041,115,13:18:28,2012-07-31
451665,130785,-84.0,1041,115,13:12:53,2012-07-31
451695,130785,-84.0,1041,115,13:17:43,2012-07-31
451815,130785,-81.0,1041,115,13:18:53,2012-07-31
451690,130790,-84.0,1041,115,13:17:42,2012-07-31
451815,130790,-77.0,1041,115,13:18:29,2012-07-31
451655,130795,-84.0,1041,115,13:12:54,2012-07-31
451820,130795,-80.090912,1041,115,13:18:30,2012-07-31
451650,130800,-84.0,1041,115,13:12:54,2012-07-31
451820,130800,-80.199997,1041,115,13:18:51,2012-07-31
451645,130805,-83.75,1041,115,13:12:55,2012-07-31
451680,130805,-84.0,1041,115,13:17:40,2012-07-31
451820,130805,-78.85714,1041,115,13:18:31,2012-07-31
451635,130810,-83.0,1041,115,13:12:57,2012-07-31
451820,130810,-78.375,1041,115,13:18:32,2012-07-31
451630,130815,-83.0,1041,115,13:12:57,2012-07-31
451820,130815,-78.099998,1041,115,13:18:47,2012-07-31
451825,130815,-79.0,1041,115,13:18:34,2012-07-31
451620,130820,-83.25,1041,115,13:12:58,2012-07-31
451820,130820,-76.814812,1041,115,13:18:40,2012-07-31
451825,130820,-77.846153,1041,115,13:18:37,2012-07-31
451615,130830,-84.0,1041,115,13:12:59,2012-07-31
451610,130835,-83.75,1041,115,13:12:59,2012-07-31
451605,130840,-83.0,1041,115,13:13:00,2012-07-31
452460,130840,-62.0,1041,115,13:22:06,2012-07-31
451595,130845,-83.0,1041,115,13:13:01,2012-07-31
452460,130850,-62.0,1041,115,13:22:07,2012-07-31
451590,130860,-83.333336,1041,115,13:13:02,2012-07-31
451590,130865,-84.0,1041,115,13:13:03,2012-07-31
451590,130870,-84.5,1041,115,13:13:04,2012-07-31
452460,130870,-62.0,1041,115,13:22:07,2012-07-31
451585,130885,-86.0,1041,115,13:13:05,2012-07-31
452460,130885,-62.0,1041,115,13:22:09,2012-07-31
451585,130900,-86.75,1041,115,13:13:06,2012-07-31
452455,130905,-62.0,1041,115,13:22:10,2012-07-31
451585,130915,-89.333336,1041,115,13:13:08,2012-07-31
451585,130930,-90.666664,1041,115,13:13:09,2012-07-31
452455,130930,-63.0,1041,115,13:22:11,2012-07-31
451585,130935,-92.0,1041,115,13:13:10,2012-07-31
451585,130945,-91.75,1041,115,13:13:11,2012-07-31
452455,130945,-67.0,1041,115,13:22:12,2012-07-31
451585,130950,-91.0,1041,115,13:13:11,2012-07-31
451585,130955,-91.0,1041,115,13:13:12,2012-07-31
451585,130960,-91.400002,1041,115,13:13:12,2012-07-31
451585,130965,-92.0,1041,115,13:13:12,2012-07-31
452455,130965,-63.642857,1041,115,13:29:09,2012-07-31
451585,130970,-91.800003,1041,115,13:13:13,2012-07-31
452455,130980,-64.400002,1041,115,13:29:08,2012-07-31
452460,130995,-62.0,1041,115,13:29:07,2012-07-31
452460,131010,-68.25,1041,115,13:22:16,2012-07-31
452460,131025,-68.833336,1041,115,13:22:17,2012-07-31
452460,131030,-58.5,1041,115,13:29:05,2012-07-31
452460,131040,-67.400002,1041,115,13:22:19,2012-07-31
452460,131045,-57.200001,1041,115,13:29:03,2012-07-31
452460,131050,-57.0,1041,115,13:29:03,2012-07-31
452460,131055,-67.0,1041,115,13:22:19,2012-07-31
452460,131065,-65.36364,1041,115,13:29:02,2012-07-31
452460,131070,-57.0,1041,115,13:29:01,2012-07-31
452465,131080,-57.0,1041,115,13:29:00,2012-07-31
452465,131085,-57.0,1041,115,13:29:00,2012-07-31
452465,131100,-57.0,1041,115,13:28:58,2012-07-31
452465,131105,-57.0,1041,115,13:28:57,2012-07-31
452465,131110,-57.0,1041,115,13:28:57,2012-07-31
452460,131115,-57.0,1041,115,13:28:56,2012-07-31
452460,131120,-57.0,1041,115,13:28:55,2012-07-31
452450,131125,-69.0,1041,115,13:28:54,2012-07-31
452455,131125,-57.0,1041,115,13:28:55,2012-07-31
452440,131130,-73.0,1041,115,13:28:53,2012-07-31
452425,131135,-73.0,1041,115,13:28:50,2012-07-31
452430,131135,-73.0,1041,115,13:28:50,2012-07-31
452415,131140,-73.0,1041,115,13:28:48,2012-07-31
452425,131140,-73.0,1041,115,13:28:50,2012-07-31
452330,131165,-73.0,1041,115,13:28:36,2012-07-31
452310,131170,-76.800003,1041,115,13:28:33,2012-07-31
452300,131175,-78.0,1041,115,13:28:32,2012-07-31
452285,131185,-77.0,1041,115,13:28:30,2012-07-31
452280,131190,-77.800003,1041,115,13:28:29,2012-07-31
452275,131195,-78.0,1041,115,13:28:27,2012-07-31
452265,131200,-76.666664,1041,115,13:28:26,2012-07-31
452250,131205,-71.800003,1041,115,13:28:24,2012-07-31
452255,131205,-74.5,1041,115,13:28:25,2012-07-31
452230,131210,-68.333336,1041,115,13:28:22,2012-07-31
452235,131210,-71.0,1041,115,13:28:23,2012-07-31
452220,131215,-64.333336,1041,115,13:28:21,2012-07-31
452205,131220,-60.0,1041,115,13:28:18,2012-07-31
452210,131220,-61.714287,1041,115,13:28:19,2012-07-31
452230,131220,-74.0,1041,115,13:23:02,2012-07-31
452240,131220,-74.0,1041,115,13:23:01,2012-07-31
452195,131225,-60.0,1041,115,13:28:17,2012-07-31
452215,131225,-74.0,1041,115,13:23:04,2012-07-31
452220,131225,-74.0,1041,115,13:23:02,2012-07-31
452190,131230,-58.5,1041,115,13:28:16,2012-07-31
452205,131230,-74.0,1041,115,13:23:04,2012-07-31
452190,131235,-58.0,1041,115,13:28:15,2012-07-31
452195,131235,-62.0,1041,115,13:23:07,2012-07-31
452200,131235,-71.0,1041,115,13:23:07,2012-07-31
452185,131240,-58.0,1041,115,13:28:14,2012-07-31
452190,131240,-62.25,1041,115,13:23:08,2012-07-31
452185,131245,-59.5,1041,115,13:28:14,2012-07-31
452185,131250,-63.166668,1041,115,13:28:13,2012-07-31
452185,131255,-62.0,1041,115,13:28:12,2012-07-31
452190,131260,-61.0,1041,115,13:28:12,2012-07-31
452185,131265,-68.333336,1041,115,13:23:11,2012-07-31
452190,131265,-63.25,1041,115,13:28:11,2012-07-31
452190,131270,-71.400002,1041,115,13:23:12,2012-07-31
452190,131275,-67.333336,1041,115,13:28:10,2012-07-31
452190,131280,-73.0,1041,115,13:23:13,2012-07-31
452195,131280,-69.0,1041,115,13:28:09,2012-07-31
452195,131290,-71.400002,1041,115,13:28:08,2012-07-31
452195,131295,-72.599998,1041,115,13:23:14,2012-07-31
452195,131300,-70.666664,1041,115,13:28:07,2012-07-31
452195,131305,-72.0,1041,115,13:28:06,2012-07-31
452195,131310,-70.75,1041,115,13:28:05,2012-07-31
452195,131325,-72.25,1041,115,13:28:04,2012-07-31
452190,131330,-69.666664,1041,115,13:28:02,2012-07-31
452195,131330,-71.0,1041,115,13:28:03,2012-07-31
452200,131330,-72.0,1041,115,13:23:17,2012-07-31
452185,131340,-68.333336,1041,115,13:28:01,2012-07-31
452200,131340,-72.0,1041,115,13:23:18,2012-07-31
452175,131345,-68.666664,1041,115,13:28:00,2012-07-31
452200,131345,-72.0,1041,115,13:23:18,2012-07-31
452165,131350,-68.0,1041,115,13:27:58,2012-07-31
452170,131350,-68.25,1041,115,13:27:58,2012-07-31
452195,131350,-72.0,1041,115,13:23:19,2012-07-31
452195,131355,-72.0,1041,115,13:23:19,2012-07-31
452160,131360,-68.0,1041,115,13:27:57,2012-07-31
452195,131360,-72.0,1041,115,13:23:19,2012-07-31
452160,131365,-67.0,1041,115,13:27:55,2012-07-31
452190,131370,-72.333336,1041,115,13:23:21,2012-07-31
452180,131375,-73.0,1041,115,13:23:23,2012-07-31
452185,131375,-73.0,1041,115,13:23:22,2012-07-31
452155,131380,-66.75,1041,115,13:27:54,2012-07-31
452180,131380,-73.0,1041,115,13:23:23,2012-07-31
452155,131385,-67.0,1041,115,13:27:53,2012-07-31
452175,131385,-72.75,1041,115,13:23:24,2012-07-31
452155,131390,-66.25,1041,115,13:27:53,2012-07-31
452175,131390,-72.0,1041,115,13:23:24,2012-07-31
452155,131395,-66.0,1041,115,13:27:52,2012-07-31
452175,131395,-72.0,1041,115,13:23:25,2012-07-31
452175,131400,-72.0,1041,115,13:23:26,2012-07-31
452155,131405,-65.25,1041,115,13:27:51,2012-07-31
452175,131405,-72.0,1041,115,13:23:26,2012-07-31
452155,131410,-65.0,1041,115,13:27:50,2012-07-31
452175,131410,-72.0,1041,115,13:23:27,2012-07-31
452155,131415,-65.0,1041,115,13:27:50,2012-07-31
452175,131415,-72.333336,1041,115,13:23:28,2012-07-31
452155,131420,-65.666664,1041,115,13:27:50,2012-07-31
452155,131425,-66.0,1041,115,13:27:49,2012-07-31
452175,131425,-73.0,1041,115,13:23:29,2012-07-31
452155,131430,-66.0,1041,115,13:27:49,2012-07-31
452175,131430,-72.400002,1041,115,13:23:29,2012-07-31
452155,131435,-66.0,1041,115,13:27:48,2012-07-31
452160,131435,-66.571426,1041,115,13:27:48,2012-07-31
452175,131435,-72.0,1041,115,13:23:30,2012-07-31
452175,131440,-71.75,1041,115,13:23:31,2012-07-31
452160,131445,-67.0,1041,115,13:27:48,2012-07-31
452175,131445,-71.0,1041,115,13:23:31,2012-07-31
452160,131455,-67.0,1041,115,13:27:47,2012-07-31
452175,131455,-70.5,1041,115,13:23:32,2012-07-31
452165,131465,-67.0,1041,115,13:27:46,2012-07-31
452175,131465,-68.800003,1041,115,13:23:33,2012-07-31
452165,131470,-67.75,1041,115,13:27:46,2012-07-31
452180,131475,-68.0,1041,115,13:23:34,2012-07-31
452170,131480,-68.0,1041,115,13:27:45,2012-07-31
452185,131485,-67.599998,1041,115,13:23:35,2012-07-31
452175,131490,-68.75,1041,115,13:27:44,2012-07-31
452185,131490,-67.400002,1041,115,13:23:36,2012-07-31
452180,131505,-69.0,1041,115,13:27:43,2012-07-31
452190,131505,-69.0,1041,115,13:23:37,2012-07-31
452195,131515,-69.5,1041,115,13:23:38,2012-07-31
452190,131525,-69.0,1041,115,13:27:42,2012-07-31
452200,131525,-71.0,1041,115,13:23:39,2012-07-31
452195,131535,-69.0,1041,115,13:27:41,2012-07-31
452205,131535,-71.599998,1041,115,13:23:40,2012-07-31
452210,131545,-74.0,1041,115,13:23:41,2012-07-31
452205,131550,-69.75,1041,115,13:27:40,2012-07-31
452215,131555,-73.75,1041,115,13:23:42,2012-07-31
452210,131560,-72.25,1041,115,13:27:38,2012-07-31
452220,131570,-73.0,1041,115,13:23:43,2012-07-31
452215,131585,-73.0,1041,115,13:27:37,2012-07-31
452230,131585,-72.571426,1041,115,13:23:43,2012-07-31
452220,131595,-74.5,1041,115,13:27:37,2012-07-31
452230,131615,-71.25,1041,115,13:27:36,2012-07-31
452240,131620,-74.0,1041,115,13:23:46,2012-07-31
452235,131635,-70.0,1041,115,13:27:35,2012-07-31
452250,131645,-75.5,1041,115,13:23:48,2012-07-31
452250,131665,-70.0,1041,115,13:27:33,2012-07-31
452255,131665,-75.0,1041,115,13:23:48,2012-07-31
452255,131680,-70.0,1041,115,13:27:32,2012-07-31
452265,131685,-77.0,1041,115,13:23:50,2012-07-31
452260,131690,-70.0,1041,115,13:27:31,2012-07-31
452265,131705,-70.0,1041,115,13:27:30,2012-07-31
452275,131710,-79.5,1041,115,13:23:52,2012-07-31
452270,131715,-70.0,1041,115,13:27:29,2012-07-31
452280,131735,-73.85714,1041,115,13:27:29,2012-07-31
452285,131740,-79.0,1041,115,13:23:54,2012-07-31
452290,131745,-70.0,1041,115,13:27:27,2012-07-31
452290,131755,-79.0,1041,115,13:23:55,2012-07-31
452295,131765,-79.25,1041,115,13:23:56,2012-07-31
452305,131775,-80.0,1041,115,13:23:56,2012-07-31
452310,131780,-80.0,1041,115,13:23:57,2012-07-31
452315,131785,-78.5,1041,115,13:23:57,2012-07-31
452320,131790,-77.0,1041,115,13:23:58,2012-07-31
452325,131790,-77.199997,1041,115,13:23:59,2012-07-31
452330,131795,-78.0,1041,115,13:24:00,2012-07-31
452335,131795,-78.0,1041,115,13:24:00,2012-07-31
452345,131800,-78.0,1041,115,13:24:02,2012-07-31
452355,131800,-78.0,1041,115,13:24:02,2012-07-31
452360,131800,-78.0,1041,115,13:24:03,2012-07-31
452365,131800,-78.0,1041,115,13:24:04,2012-07-31
452375,131805,-77.75,1041,115,13:24:05,2012-07-31
452380,131810,-77.0,1041,115,13:24:06,2012-07-31
452390,131815,-77.0,1041,115,13:24:07,2012-07-31
452395,131820,-76.75,1041,115,13:24:07,2012-07-31
452400,131820,-76.0,1041,115,13:24:08,2012-07-31
452400,131825,-76.0,1041,115,13:24:08,2012-07-31
452405,131830,-76.25,1041,115,13:24:09,2012-07-31
452405,131835,-77.0,1041,115,13:24:09,2012-07-31
452405,131845,-77.0,1041,115,13:24:10,2012-07-31
452405,131855,-77.0,1041,115,13:24:11,2012-07-31
452405,131860,-78.5,1041,115,13:24:12,2012-07-31
452405,131865,-80.0,1041,115,13:24:12,2012-07-31
452400,131875,-80.25,1041,115,13:24:13,2012-07-31
452405,131875,-80.0,1041,115,13:24:13,2012-07-31
452650,131875,-73.0,1041,115,13:24:47,2012-07-31
452660,131875,-73.75,1041,115,13:24:48,2012-07-31
452665,131875,-76.0,1041,115,13:24:48,2012-07-31
452670,131875,-76.0,1041,115,13:24:49,2012-07-31
452675,131875,-76.0,1041,115,13:24:49,2012-07-31
452680,131875,-76.0,1041,115,13:24:50,2012-07-31
452400,131880,-81.0,1041,115,13:24:13,2012-07-31
452645,131880,-72.333336,1041,115,13:24:46,2012-07-31
452685,131880,-76.0,1041,115,13:24:51,2012-07-31
452695,131880,-76.0,1041,115,13:24:52,2012-07-31
452630,131885,-70.5,1041,115,13:24:45,2012-07-31
452700,131885,-76.0,1041,115,13:24:53,2012-07-31
452620,131890,-65.333336,1041,115,13:24:43,2012-07-31
452625,131890,-70.0,1041,115,13:24:44,2012-07-31
452710,131890,-76.0,1041,115,13:24:55,2012-07-31
452725,131890,-76.0,1041,115,13:24:56,2012-07-31
452615,131895,-63.0,1041,115,13:24:43,2012-07-31
452730,131895,-76.25,1041,115,13:24:57,2012-07-31
452735,131895,-77.0,1041,115,13:24:58,2012-07-31
452595,131900,-63.0,1041,115,13:24:40,2012-07-31
452600,131900,-63.0,1041,115,13:24:40,2012-07-31
452605,131900,-63.0,1041,115,13:24:41,2012-07-31
452610,131900,-63.0,1041,115,13:24:42,2012-07-31
452740,131900,-77.25,1041,115,13:24:58,2012-07-31
452560,131905,-63.0,1041,115,13:24:38,2012-07-31
452575,131905,-63.0,1041,115,13:24:38,2012-07-31
452580,131905,-63.0,1041,115,13:24:38,2012-07-31
452585,131905,-63.0,1041,115,13:24:39,2012-07-31
452595,131905,-63.0,1041,115,13:24:40,2012-07-31
452750,131905,-78.0,1041,115,13:25:00,2012-07-31
452755,131905,-78.0,1041,115,13:25:01,2012-07-31
452760,131910,-77.599998,1041,115,13:25:01,2012-07-31
452765,131910,-77.0,1041,115,13:25:02,2012-07-31
452840,131950,-75.0,1041,115,13:25:29,2012-07-31
452840,131955,-71.71875,1041,115,13:25:20,2012-07-31
452845,131955,-72.0,1041,115,13:25:13,2012-07-31
