449680,128910,-72.0,1001355,71,14:45:41,2012-07-31
449665,128915,-71.0,1001355,71,14:45:40,2012-07-31
449655,128920,-70.0,1001355,71,14:45:39,2012-07-31
449645,128925,-69.199997,1001355,71,14:45:38,2012-07-31
449630,128930,-67.800003,1001355,71,14:45:37,2012-07-31
449610,128940,-65.199997,1001355,71,14:45:36,2012-07-31
449600,128945,-64.0,1001355,71,14:45:35,2012-07-31
449585,128955,-63.200001,1001355,71,14:45:34,2012-07-31
449575,128960,-63.75,1001355,71,14:45:33,2012-07-31
449565,128970,-62.5,1001355,71,14:45:32,2012-07-31
449555,128980,-61.0,1001355,71,14:45:31,2012-07-31
449540,128990,-61.0,1001355,71,14:45:30,2012-07-31
449525,129000,-61.0,1001355,71,14:45:28,2012-07-31
449510,129005,-61.0,1001355,71,14:45:27,2012-07-31
449495,129015,-61.0,1001355,71,14:45:26,2012-07-31
452600,129465,-84.0,1001355,71,14:04:45,2012-07-31
452625,129465,-84.0,1001355,71,14:04:44,2012-07-31
452640,129465,-84.0,1001355,71,14:04:43,2012-07-31
452655,129470,-84.0,1001355,71,14:04:42,2012-07-31
452575,129475,-84.0,1001355,71,14:04:47,2012-07-31
452580,129475,-84.0,1001355,71,14:04:47,2012-07-31
452670,129475,-84.0,1001355,71,14:04:41,2012-07-31
452560,129480,-83.5,1001355,71,14:04:48,2012-07-31
452565,129480,-84.0,1001355,71,14:04:48,2012-07-31
452570,129480,-84.0,1001355,71,14:04:47,2012-07-31
452545,129485,-81.75,1001355,71,14:04:49,2012-07-31
452550,129485,-82.0,1001355,71,14:04:48,2012-07-31
452525,129490,-81.25,1001355,71,14:04:51,2012-07-31
452535,129490,-81.0,1001355,71,14:04:50,2012-07-31
452490,129495,-83.0,1001355,71,14:04:53,2012-07-31
452505,129495,-82.25,1001355,71,14:04:52,2012-07-31
452515,129495,-82.0,1001355,71,14:04:51,2012-07-31
452465,129500,-83.0,1001355,71,14:04:54,2012-07-31
452480,129500,-83.0,1001355,71,14:04:53,2012-07-31
452450,129505,-84.0,1001355,71,14:04:55,2012-07-31
452455,129505,-83.571426,1001355,71,14:04:55,2012-07-31
452440,129510,-84.5,1001355,71,14:04:56,2012-07-31
452445,129510,-84.0,1001355,71,14:04:56,2012-07-31
452430,129515,-86.0,1001355,71,14:04:57,2012-07-31
452435,129515,-86.0,1001355,71,14:04:56,2012-07-31
452425,129520,-86.25,1001355,71,14:04:58,2012-07-31
452415,129525,-87.0,1001355,71,14:04:58,2012-07-31
452420,129525,-87.0,1001355,71,14:04:58,2012-07-31
452410,129530,-87.333336,1001355,71,14:04:59,2012-07-31
452400,129535,-89.0,1001355,71,14:05:00,2012-07-31
452405,129535,-89.0,1001355,71,14:05:00,2012-07-31
452395,129540,-89.5,1001355,71,14:05:01,2012-07-31
452400,129540,-89.0,1001355,71,14:05:00,2012-07-31
452385,129545,-90.0,1001355,71,14:05:02,2012-07-31
452390,129545,-90.0,1001355,71,14:05:01,2012-07-31
452395,129545,-90.0,1001355,71,14:05:01,2012-07-31
450555,130190,-85.0,1001355,71,14:32:58,2012-07-31
450560,130190,-85.0,1001355,71,14:33:00,2012-07-31
450580,130190,-85.0,1001355,71,14:33:00,2012-07-31
450585,130190,-85.0,1001355,71,14:33:02,2012-07-31
450545,130195,-85.0,1001355,71,14:32:57,2012-07-31
450600,130195,-89.199997,1001355,71,14:33:03,2012-07-31
450615,130200,-92.25,1001355,71,14:33:03,2012-07-31
450535,130205,-85.0,1001355,71,14:32:57,2012-07-31
450630,130210,-93.0,1001355,71,14:33:04,2012-07-31
452175,130290,-91.199997,1001355,71,14:08:05,2012-07-31
452175,130310,-90.5,1001355,71,14:08:04,2012-07-31
452175,130320,-90.0,1001355,71,14:08:03,2012-07-31
452175,130335,-90.0,1001355,71,14:08:02,2012-07-31
452175,130345,-88.5,1001355,71,14:08:01,2012-07-31
452175,130350,-88.0,1001355,71,14:08:00,2012-07-31
452175,130370,-88.0,1001355,71,14:07:58,2012-07-31
452170,130385,-87.199997,1001355,71,14:07:56,2012-07-31
452170,130390,-86.375,1001355,71,14:07:55,2012-07-31
452130,130395,-84.0,1001355,71,13:10:21,2012-07-31
452160,130395,-79.199997,1001355,71,14:07:41,2012-07-31
452165,130395,-78.0,1001355,71,14:07:29,2012-07-31
452160,130400,-82.481483,1001355,71,14:07:43,2012-07-31
452165,130400,-84.666664,1001355,71,14:07:53,2012-07-31
452110,130405,-83.0,1001355,71,13:10:29,2012-07-31
452120,130405,-82.0,1001355,71,13:10:27,2012-07-31
452125,130405,-83.5,1001355,71,13:10:27,2012-07-31
452105,130410,-82.75,1001355,71,13:10:30,2012-07-31
452085,130415,-82.0,1001355,71,13:10:32,2012-07-31
452090,130415,-82.0,1001355,71,13:10:31,2012-07-31
452075,130420,-82.0,1001355,71,13:10:32,2012-07-31
452050,130425,-83.0,1001355,71,13:10:35,2012-07-31
452060,130425,-82.333336,1001355,71,13:10:34,2012-07-31
452040,130430,-83.0,1001355,71,13:10:35,2012-07-31
452025,130435,-83.0,1001355,71,13:10:37,2012-07-31
452010,130440,-83.0,1001355,71,13:10:38,2012-07-31
451985,130450,-83.0,1001355,71,13:10:39,2012-07-31
451970,130455,-83.0,1001355,71,13:10:41,2012-07-31
451955,130460,-83.0,1001355,71,13:10:42,2012-07-31
451940,130465,-83.0,1001355,71,13:10:43,2012-07-31
452570,131865,-70.0,1001355,71,13:26:45,2012-07-31
452540,131870,-70.0,1001355,71,13:26:48,2012-07-31
452555,131870,-70.0,1001355,71,13:26:48,2012-07-31
452560,131870,-70.0,1001355,71,13:26:46,2012-07-31
452370,131875,-79.5,1001355,71,13:27:08,2012-07-31
452525,131875,-67.199997,1001355,71,13:26:51,2012-07-31
452535,131875,-70.0,1001355,71,13:26:50,2012-07-31
452515,131880,-63.166668,1001355,71,13:26:52,2012-07-31
452510,131885,-65.0,1001355,71,13:26:53,2012-07-31
452495,131890,-68.0,1001355,71,13:26:55,2012-07-31
452375,131895,-79.5,1001355,71,13:27:07,2012-07-31
452380,131900,-79.0,1001355,71,13:27:06,2012-07-31
452480,131900,-69.599998,1001355,71,13:26:55,2012-07-31
452385,131905,-78.333336,1001355,71,13:27:05,2012-07-31
452470,131905,-72.5,1001355,71,13:26:57,2012-07-31
452400,131910,-77.333336,1001355,71,13:27:04,2012-07-31
452455,131910,-74.25,1001355,71,13:26:58,2012-07-31
452460,131910,-74.0,1001355,71,13:26:57,2012-07-31
452465,131910,-74.0,1001355,71,13:26:57,2012-07-31
452405,131915,-77.0,1001355,71,13:27:03,2012-07-31
452410,131915,-77.75,1001355,71,13:27:02,2012-07-31
452430,131915,-77.25,1001355,71,13:27:01,2012-07-31
452435,131915,-77.0,1001355,71,13:27:00,2012-07-31
452440,131915,-75.5,1001355,71,13:27:00,2012-07-31
452450,131915,-75.0,1001355,71,13:26:59,2012-07-31
449680,128910,-72.0,1001355,71,14:45:41,2012-07-31
449665,128915,-71.0,1001355,71,14:45:40,2012-07-31
449655,128920,-70.0,1001355,71,14:45:39,2012-07-31
449645,128925,-69.199997,1001355,71,14:45:38,2012-07-31
449630,128930,-67.800003,1001355,71,14:45:37,2012-07-31
449610,128940,-65.199997,1001355,71,14:45:36,2012-07-31
449600,128945,-64.0,1001355,71,14:45:35,2012-07-31
449585,128955,-63.200001,1001355,71,14:45:34,2012-07-31
449575,128960,-63.75,1001355,71,14:45:33,2012-07-31
449565,128970,-62.5,1001355,71,14:45:32,2012-07-31
449555,128980,-61.0,1001355,71,14:45:31,2012-07-31
449540,128990,-61.0,1001355,71,14:45:30,2012-07-31
449525,129000,-61.0,1001355,71,14:45:28,2012-07-31
449510,129005,-61.0,1001355,71,14:45:27,2012-07-31
449495,129015,-61.0,1001355,71,14:45:26,2012-07-31
452600,129465,-84.0,1001355,71,14:04:45,2012-07-31
452625,129465,-84.0,1001355,71,14:04:44,2012-07-31
452640,129465,-84.0,1001355,71,14:04:43,2012-07-31
452655,129470,-84.0,1001355,71,14:04:42,2012-07-31
452575,129475,-84.0,1001355,71,14:04:47,2012-07-31
452580,129475,-84.0,1001355,71,14:04:47,2012-07-31
452670,129475,-84.0,1001355,71,14:04:41,2012-07-31
452560,129480,-83.5,1001355,71,14:04:48,2012-07-31
452565,129480,-84.0,1001355,71,14:04:48,2012-07-31
452570,129480,-84.0,1001355,71,14:04:47,2012-07-31
452545,129485,-81.75,1001355,71,14:04:49,2012-07-31
452550,129485,-82.0,1001355,71,14:04:48,2012-07-31
452525,129490,-81.25,1001355,71,14:04:51,2012-07-31
452535,129490,-81.0,1001355,71,14:04:50,2012-07-31
452490,129495,-83.0,1001355,71,14:04:53,2012-07-31
452505,129495,-82.25,1001355,71,14:04:52,2012-07-31
452515,129495,-82.0,1001355,71,14:04:51,2012-07-31
452465,129500,-83.0,1001355,71,14:04:54,2012-07-31
452480,129500,-83.0,1001355,71,14:04:53,2012-07-31
452450,129505,-84.0,1001355,71,14:04:55,2012-07-31
452455,129505,-83.571426,1001355,71,14:04:55,2012-07-31
452440,129510,-84.5,1001355,71,14:04:56,2012-07-31
452445,129510,-84.0,1001355,71,14:04:56,2012-07-31
452430,129515,-86.0,1001355,71,14:04:57,2012-07-31
452435,129515,-86.0,1001355,71,14:04:56,2012-07-31
452425,129520,-86.25,1001355,71,14:04:58,2012-07-31
452415,129525,-87.0,1001355,71,14:04:58,2012-07-31
452420,129525,-87.0,1001355,71,14:04:58,2012-07-31
452410,129530,-87.333336,1001355,71,14:04:59,2012-07-31
452400,129535,-89.0,1001355,71,14:05:00,2012-07-31
452405,129535,-89.0,1001355,71,14:05:00,2012-07-31
452395,129540,-89.5,1001355,71,14:05:01,2012-07-31
452400,129540,-89.0,1001355,71,14:05:00,2012-07-31
452385,129545,-90.0,1001355,71,14:05:02,2012-07-31
452390,129545,-90.0,1001355,71,14:05:01,2012-07-31
452395,129545,-90.0,1001355,71,14:05:01,2012-07-31
450555,130190,-85.0,1001355,71,14:32:58,2012-07-31
450560,130190,-85.0,1001355,71,14:33:00,2012-07-31
450580,130190,-85.0,1001355,71,14:33:00,2012-07-31
450585,130190,-85.0,1001355,71,14:33:02,2012-07-31
450545,130195,-85.0,1001355,71,14:32:57,2012-07-31
450600,130195,-89.199997,1001355,71,14:33:03,2012-07-31
450615,130200,-92.25,1001355,71,14:33:03,2012-07-31
450535,130205,-85.0,1001355,71,14:32:57,2012-07-31
450630,130210,-93.0,1001355,71,14:33:04,2012-07-31
452175,130290,-91.199997,1001355,71,14:08:05,2012-07-31
452175,130310,-90.5,1001355,71,14:08:04,2012-07-31
452175,130320,-90.0,1001355,71,14:08:03,2012-07-31
452175,130335,-90.0,1001355,71,14:08:02,2012-07-31
452175,130345,-88.5,1001355,71,14:08:01,2012-07-31
452175,130350,-88.0,1001355,71,14:08:00,2012-07-31
452175,130370,-88.0,1001355,71,14:07:58,2012-07-31
452170,130385,-87.199997,1001355,71,14:07:56,2012-07-31
452170,130390,-86.375,1001355,71,14:07:55,2012-07-31
452130,130395,-84.0,1001355,71,13:10:21,2012-07-31
452160,130395,-79.199997,1001355,71,14:07:41,2012-07-31
452165,130395,-78.0,1001355,71,14:07:29,2012-07-31
452160,130400,-82.481483,1001355,71,14:07:43,2012-07-31
452165,130400,-84.666664,1001355,71,14:07:53,2012-07-31
452110,130405,-83.0,1001355,71,13:10:29,2012-07-31
452120,130405,-82.0,1001355,71,13:10:27,2012-07-31
452125,130405,-83.5,1001355,71,13:10:27,2012-07-31
452105,130410,-82.75,1001355,71,13:10:30,2012-07-31
452085,130415,-82.0,1001355,71,13:10:32,2012-07-31
452090,130415,-82.0,1001355,71,13:10:31,2012-07-31
452075,130420,-82.0,1001355,71,13:10:32,2012-07-31
452050,130425,-83.0,1001355,71,13:10:35,2012-07-31
452060,130425,-82.333336,1001355,71,13:10:34,2012-07-31
452040,130430,-83.0,1001355,71,13:10:35,2012-07-31
452025,130435,-83.0,1001355,71,13:10:37,2012-07-31
452010,130440,-83.0,1001355,71,13:10:38,2012-07-31
451985,130450,-83.0,1001355,71,13:10:39,2012-07-31
451970,130455,-83.0,1001355,71,13:10:41,2012-07-31
451955,130460,-83.0,1001355,71,13:10:42,2012-07-31
451940,130465,-83.0,1001355,71,13:10:43,2012-07-31
452570,131865,-70.0,1001355,71,13:26:45,2012-07-31
452540,131870,-70.0,1001355,71,13:26:48,2012-07-31
452555,131870,-70.0,1001355,71,13:26:48,2012-07-31
452560,131870,-70.0,1001355,71,13:26:46,2012-07-31
452370,131875,-79.5,1001355,71,13:27:08,2012-07-31
452525,131875,-67.199997,1001355,71,13:26:51,2012-07-31
452535,131875,-70.0,1001355,71,13:26:50,2012-07-31
452515,131880,-63.166668,1001355,71,13:26:52,2012-07-31
452510,131885,-65.0,1001355,71,13:26:53,2012-07-31
452495,131890,-68.0,1001355,71,13:26:55,2012-07-31
452375,131895,-79.5,1001355,71,13:27:07,2012-07-31
452380,131900,-79.0,1001355,71,13:27:06,2012-07-31
452480,131900,-69.599998,1001355,71,13:26:55,2012-07-31
452385,131905,-78.333336,1001355,71,13:27:05,2012-07-31
452470,131905,-72.5,1001355,71,13:26:57,2012-07-31
452400,131910,-77.333336,1001355,71,13:27:04,2012-07-31
452455,131910,-74.25,1001355,71,13:26:58,2012-07-31
452460,131910,-74.0,1001355,71,13:26:57,2012-07-31
452465,131910,-74.0,1001355,71,13:26:57,2012-07-31
452405,131915,-77.0,1001355,71,13:27:03,2012-07-31
452410,131915,-77.75,1001355,71,13:27:02,2012-07-31
452430,131915,-77.25,1001355,71,13:27:01,2012-07-31
452435,131915,-77.0,1001355,71,13:27:00,2012-07-31
452440,131915,-75.5,1001355,71,13:27:00,2012-07-31
452450,131915,-75.0,1001355,71,13:26:59,2012-07-31
