445525,112485,-84.0,1909,107,12:40:24,2012-07-26
445530,112485,-84.0,1909,107,12:40:24,2012-07-26
445505,112490,-84.0,1909,107,12:40:20,2012-07-26
445510,112490,-84.0,1909,107,12:40:22,2012-07-26
445515,112490,-84.0,1909,107,12:40:22,2012-07-26
445480,112495,-88.375,1909,107,12:40:16,2012-07-26
445485,112495,-86.888885,1909,107,12:40:19,2012-07-26
445495,112495,-84.0,1909,107,12:40:19,2012-07-26
445545,112495,-84.0,1909,107,12:40:26,2012-07-26
445455,112500,-93.5,1909,107,12:40:10,2012-07-26
445470,112500,-92.099998,1909,107,12:40:12,2012-07-26
445475,112500,-91.0,1909,107,12:40:14,2012-07-26
445480,112500,-90.0,1909,107,12:40:15,2012-07-26
445550,112505,-84.0,1909,107,12:40:26,2012-07-26
445560,112515,-83.75,1909,107,12:40:27,2012-07-26
445565,112520,-83.0,1909,107,12:40:28,2012-07-26
445575,112530,-83.0,1909,107,12:40:29,2012-07-26
445590,112540,-83.0,1909,107,12:40:30,2012-07-26
445605,112550,-82.75,1909,107,12:40:31,2012-07-26
445615,112550,-82.0,1909,107,12:40:32,2012-07-26
445620,112555,-82.25,1909,107,12:40:33,2012-07-26
445630,112555,-83.0,1909,107,12:40:34,2012-07-26
445635,112560,-84.0,1909,107,12:40:34,2012-07-26
445645,112560,-86.0,1909,107,12:40:35,2012-07-26
445655,112565,-86.0,1909,107,12:40:36,2012-07-26
445660,112565,-86.0,1909,107,12:40:37,2012-07-26
445665,112570,-86.0,1909,107,12:40:36,2012-07-26
445670,112570,-86.0,1909,107,12:40:37,2012-07-26
445675,112575,-86.0,1909,107,12:40:37,2012-07-26
445680,112575,-86.0,1909,107,12:40:38,2012-07-26
445690,112580,-85.75,1909,107,12:40:39,2012-07-26
445700,112585,-85.0,1909,107,12:40:39,2012-07-26
445710,112590,-84.75,1909,107,12:40:40,2012-07-26
445935,112590,-83.599998,1909,107,12:40:57,2012-07-26
445940,112590,-83.0,1909,107,12:40:57,2012-07-26
445950,112590,-82.75,1909,107,12:40:58,2012-07-26
445965,112590,-82.25,1909,107,12:41:00,2012-07-26
445970,112590,-83.0,1909,107,12:41:00,2012-07-26
445975,112590,-83.625,1909,107,12:41:01,2012-07-26
445730,112595,-84.0,1909,107,12:40:41,2012-07-26
445925,112595,-84.0,1909,107,12:40:56,2012-07-26
445910,112600,-84.0,1909,107,12:40:55,2012-07-26
445915,112600,-84.0,1909,107,12:40:55,2012-07-26
445755,112605,-83.599998,1909,107,12:40:43,2012-07-26
445765,112605,-83.0,1909,107,12:40:43,2012-07-26
445770,112605,-83.0,1909,107,12:40:44,2012-07-26
445900,112605,-83.25,1909,107,12:40:54,2012-07-26
445785,112610,-83.0,1909,107,12:40:45,2012-07-26
445795,112610,-83.666664,1909,107,12:40:46,2012-07-26
445815,112610,-84.666664,1909,107,12:40:47,2012-07-26
445885,112610,-83.0,1909,107,12:40:53,2012-07-26
445835,112615,-83.5,1909,107,12:40:48,2012-07-26
445840,112615,-82.0,1909,107,12:40:49,2012-07-26
445850,112615,-82.5,1909,107,12:40:50,2012-07-26
445875,112615,-83.666664,1909,107,12:40:51,2012-07-26
443405,112990,-96.0,1909,107,12:31:12,2012-07-26
443400,113000,-96.0,1909,107,12:31:11,2012-07-26
443385,113005,-93.0,1909,107,12:31:10,2012-07-26
443395,113005,-93.75,1909,107,12:31:11,2012-07-26
443380,113010,-93.0,1909,107,12:31:09,2012-07-26
443375,113015,-93.0,1909,107,12:31:09,2012-07-26
443365,113020,-93.0,1909,107,12:31:08,2012-07-26
443345,113025,-92.25,1909,107,12:31:06,2012-07-26
443355,113025,-93.0,1909,107,12:31:07,2012-07-26
443340,113030,-92.0,1909,107,12:31:06,2012-07-26
443330,113035,-92.75,1909,107,12:31:05,2012-07-26
443320,113040,-93.0,1909,107,12:31:04,2012-07-26
443315,113045,-93.75,1909,107,12:31:04,2012-07-26
443305,113050,-94.0,1909,107,12:31:03,2012-07-26
443300,113055,-94.0,1909,107,12:31:02,2012-07-26
443285,113060,-94.0,1909,107,12:31:01,2012-07-26
443265,113080,-94.900002,1909,107,12:30:59,2012-07-26
443255,113085,-95.0,1909,107,12:30:59,2012-07-26
443245,113095,-95.0,1909,107,12:30:58,2012-07-26
443230,113100,-95.0,1909,107,12:30:57,2012-07-26
443220,113110,-95.0,1909,107,12:30:56,2012-07-26
443210,113115,-95.800003,1909,107,12:30:54,2012-07-26
443205,113120,-96.666664,1909,107,12:30:54,2012-07-26
443180,113140,-97.666664,1909,107,12:30:52,2012-07-26
443170,113150,-98.0,1909,107,12:30:51,2012-07-26
443165,113160,-98.0,1909,107,12:30:50,2012-07-26
443155,113165,-98.75,1909,107,12:30:49,2012-07-26
443145,113175,-98.25,1909,107,12:30:48,2012-07-26
443140,113185,-98.0,1909,107,12:30:47,2012-07-26
443135,113190,-98.0,1909,107,12:30:46,2012-07-26
443125,113205,-98.0,1909,107,12:30:45,2012-07-26
443115,113215,-98.75,1909,107,12:30:44,2012-07-26
443110,113225,-99.0,1909,107,12:30:43,2012-07-26
443095,113235,-99.0,1909,107,12:30:42,2012-07-26
443085,113245,-100.6,1909,107,12:30:40,2012-07-26
443075,113255,-101.0,1909,107,12:30:40,2012-07-26
443065,113260,-101.0,1909,107,12:30:39,2012-07-26
443045,113270,-102.75,1909,107,12:30:37,2012-07-26
443050,113270,-101.6,1909,107,12:30:38,2012-07-26
443035,113280,-102.4,1909,107,12:30:35,2012-07-26
442875,113285,-96.0,1909,107,12:30:19,2012-07-26
442885,113285,-96.0,1909,107,12:30:19,2012-07-26
442890,113285,-96.0,1909,107,12:30:20,2012-07-26
442895,113285,-97.692307,1909,107,12:30:21,2012-07-26
442900,113290,-98.400002,1909,107,12:30:21,2012-07-26
442905,113290,-99.0,1909,107,12:30:22,2012-07-26
442970,113290,-101.0,1909,107,12:30:29,2012-07-26
442975,113290,-101.0,1909,107,12:30:30,2012-07-26
442980,113290,-102.0,1909,107,12:30:30,2012-07-26
442990,113290,-101.8,1909,107,12:30:31,2012-07-26
443020,113290,-102.0,1909,107,12:30:34,2012-07-26
443025,113290,-102.0,1909,107,12:30:35,2012-07-26
442905,113295,-99.0,1909,107,12:30:22,2012-07-26
442910,113295,-100.16666,1909,107,12:30:22,2012-07-26
442915,113295,-101.0,1909,107,12:30:23,2012-07-26
442955,113295,-102.0,1909,107,12:30:28,2012-07-26
442960,113295,-101.75,1909,107,12:30:28,2012-07-26
443000,113295,-102.6,1909,107,12:30:33,2012-07-26
442915,113300,-101.0,1909,107,12:30:23,2012-07-26
442920,113300,-101.0,1909,107,12:30:24,2012-07-26
442945,113300,-102.0,1909,107,12:30:26,2012-07-26
442950,113300,-102.0,1909,107,12:30:27,2012-07-26
442925,113305,-101.0,1909,107,12:30:24,2012-07-26
442930,113305,-101.0,1909,107,12:30:24,2012-07-26
442935,113305,-101.0,1909,107,12:30:25,2012-07-26
442940,113305,-101.5,1909,107,12:30:26,2012-07-26
440935,113670,-99.666664,1909,107,12:24:23,2012-07-26
440950,113675,-101.0,1909,107,12:24:24,2012-07-26
440955,113680,-101.0,1909,107,12:24:25,2012-07-26
440965,113685,-101.0,1909,107,12:24:26,2012-07-26
440970,113690,-100.5,1909,107,12:24:27,2012-07-26
440980,113700,-99.25,1909,107,12:24:28,2012-07-26
440985,113710,-100.0,1909,107,12:24:29,2012-07-26
440985,113715,-99.75,1909,107,12:24:30,2012-07-26
440990,113730,-99.25,1909,107,12:24:31,2012-07-26
440990,113740,-100.0,1909,107,12:24:32,2012-07-26
440995,113750,-100.8,1909,107,12:24:33,2012-07-26
440995,113755,-102.0,1909,107,12:24:34,2012-07-26
440995,113765,-101.5,1909,107,12:24:35,2012-07-26
441000,113785,-101.0,1909,107,12:24:36,2012-07-26
441000,113800,-101.57143,1909,107,12:24:37,2012-07-26
441000,113815,-102.0,1909,107,12:24:38,2012-07-26
440990,113845,-102.0,1909,107,12:24:39,2012-07-26
440985,113860,-102.0,1909,107,12:24:40,2012-07-26
440985,113870,-102.0,1909,107,12:24:41,2012-07-26
440985,113880,-102.0,1909,107,12:24:41,2012-07-26
440985,113885,-102.0,1909,107,12:24:41,2012-07-26
440995,113900,-102.0,1909,107,12:24:42,2012-07-26
440995,113910,-102.0,1909,107,12:24:43,2012-07-26
440995,113920,-102.0,1909,107,12:24:43,2012-07-26
440995,113930,-102.0,1909,107,12:24:44,2012-07-26
441000,113945,-102.0,1909,107,12:24:45,2012-07-26
441905,113945,-95.0,1909,107,12:26:47,2012-07-26
441915,113950,-95.0,1909,107,12:26:48,2012-07-26
441925,113955,-95.0,1909,107,12:26:49,2012-07-26
441935,113955,-95.0,1909,107,12:26:50,2012-07-26
441945,113960,-95.0,1909,107,12:26:51,2012-07-26
441950,113960,-95.0,1909,107,12:26:52,2012-07-26
442025,114080,-96.0,1909,107,12:27:10,2012-07-26
442030,114085,-96.0,1909,107,12:27:11,2012-07-26
442035,114085,-96.0,1909,107,12:27:11,2012-07-26
442085,114090,-97.939392,1909,107,12:27:37,2012-07-26
442085,114095,-99.0,1909,107,12:27:33,2012-07-26
442090,114095,-98.0,1909,107,12:27:46,2012-07-26
442100,114095,-98.5,1909,107,12:27:48,2012-07-26
442085,114100,-99.0,1909,107,12:27:30,2012-07-26
442110,114100,-99.0,1909,107,12:27:49,2012-07-26
442115,114100,-99.571426,1909,107,12:27:49,2012-07-26
442085,114105,-99.0,1909,107,12:27:25,2012-07-26
442120,114105,-99.599998,1909,107,12:27:51,2012-07-26
442125,114110,-99.0,1909,107,12:27:52,2012-07-26
442150,114125,-101.0,1909,107,12:27:55,2012-07-26
442160,114130,-100.75,1909,107,12:27:57,2012-07-26
442165,114135,-100.0,1909,107,12:27:57,2012-07-26
442170,114140,-100.0,1909,107,12:27:58,2012-07-26
442175,114145,-100.0,1909,107,12:27:58,2012-07-26
442180,114150,-100.0,1909,107,12:27:59,2012-07-26
442185,114150,-100.0,1909,107,12:28:00,2012-07-26
442190,114155,-99.75,1909,107,12:28:01,2012-07-26
442320,114155,-100.0,1909,107,12:28:13,2012-07-26
442325,114155,-100.25,1909,107,12:28:13,2012-07-26
442330,114155,-101.0,1909,107,12:28:14,2012-07-26
442200,114160,-99.0,1909,107,12:28:01,2012-07-26
442205,114160,-99.0,1909,107,12:28:02,2012-07-26
442290,114160,-99.75,1909,107,12:28:11,2012-07-26
442300,114160,-99.0,1909,107,12:28:11,2012-07-26
442310,114160,-99.400002,1909,107,12:28:12,2012-07-26
442340,114160,-100.66666,1909,107,12:28:15,2012-07-26
442350,114160,-100.0,1909,107,12:28:16,2012-07-26
442360,114160,-100.5,1909,107,12:28:16,2012-07-26
442370,114160,-101.0,1909,107,12:28:18,2012-07-26
442220,114165,-99.800003,1909,107,12:28:04,2012-07-26
442225,114165,-101.0,1909,107,12:28:04,2012-07-26
442230,114165,-101.0,1909,107,12:28:05,2012-07-26
442245,114165,-101.0,1909,107,12:28:06,2012-07-26
442275,114165,-100.0,1909,107,12:28:09,2012-07-26
442385,114165,-101.0,1909,107,12:28:19,2012-07-26
442395,114165,-101.0,1909,107,12:28:20,2012-07-26
442255,114170,-101.0,1909,107,12:28:07,2012-07-26
442260,114170,-101.0,1909,107,12:28:08,2012-07-26
442405,114170,-101.0,1909,107,12:28:21,2012-07-26
446135,121675,-69.368851,1909,107,12:39:16,2012-07-30
446140,121675,-69.833336,1909,107,12:38:40,2012-07-30
446145,121680,-71.666664,1909,107,12:40:34,2012-07-30
446155,121680,-73.571426,1909,107,12:40:35,2012-07-30
446165,121685,-74.0,1909,107,12:40:37,2012-07-30
446210,121700,-75.0,1909,107,12:40:41,2012-07-30
446215,121700,-74.666664,1909,107,12:40:42,2012-07-30
446235,121710,-73.599998,1909,107,12:40:44,2012-07-30
446240,121715,-73.0,1909,107,12:40:45,2012-07-30
446250,121715,-72.666664,1909,107,12:40:45,2012-07-30
446265,121720,-72.0,1909,107,12:40:47,2012-07-30
446280,121720,-72.0,1909,107,12:40:48,2012-07-30
446355,121750,-79.0,1909,107,12:40:57,2012-07-30
446365,121760,-79.0,1909,107,12:40:57,2012-07-30
438185,122920,-85.0,1909,107,13:55:16,2012-07-30
438795,123145,-81.0,1909,107,13:56:33,2012-07-30
438800,123150,-81.0,1909,107,13:56:34,2012-07-30
438800,123155,-81.0,1909,107,13:56:35,2012-07-30
438805,123160,-81.0,1909,107,13:56:36,2012-07-30
438810,123165,-80.75,1909,107,13:56:36,2012-07-30
438810,123170,-80.0,1909,107,13:56:37,2012-07-30
438815,123175,-80.0,1909,107,13:56:38,2012-07-30
438815,123180,-80.5,1909,107,13:56:38,2012-07-30
438820,123190,-82.0,1909,107,13:56:39,2012-07-30
438835,123220,-84.0,1909,107,13:56:42,2012-07-30
438840,123230,-84.0,1909,107,13:56:43,2012-07-30
438845,123235,-84.0,1909,107,13:56:43,2012-07-30
438855,123240,-83.0,1909,107,13:56:44,2012-07-30
438865,123250,-82.714287,1909,107,13:56:45,2012-07-30
438875,123255,-81.0,1909,107,13:56:46,2012-07-30
438885,123260,-81.5,1909,107,13:56:48,2012-07-30
438895,123265,-83.0,1909,107,13:56:48,2012-07-30
439005,123985,-90.0,1909,107,13:57:50,2012-07-30
439000,123995,-89.75,1909,107,13:57:51,2012-07-30
438995,124010,-89.0,1909,107,13:57:52,2012-07-30
438995,124020,-89.0,1909,107,13:57:53,2012-07-30
438995,124035,-88.5,1909,107,13:57:54,2012-07-30
438995,124045,-86.800003,1909,107,13:57:55,2012-07-30
439000,124060,-86.0,1909,107,13:57:57,2012-07-30
439000,124080,-85.75,1909,107,13:57:58,2012-07-30
438995,124090,-84.599998,1909,107,13:58:00,2012-07-30
438995,124105,-84.14286,1909,107,13:58:00,2012-07-30
438995,124115,-85.0,1909,107,13:58:01,2012-07-30
439000,124125,-85.0,1909,107,13:58:02,2012-07-30
439005,124140,-85.0,1909,107,13:58:04,2012-07-30
439005,124145,-85.0,1909,107,13:58:05,2012-07-30
439010,124145,-85.0,1909,107,13:58:05,2012-07-30
439020,124155,-85.0,1909,107,13:58:07,2012-07-30
439030,124160,-85.0,1909,107,13:58:08,2012-07-30
439035,124170,-83.666664,1909,107,13:58:10,2012-07-30
439040,124170,-81.0,1909,107,13:58:10,2012-07-30
439040,124175,-81.0,1909,107,13:58:10,2012-07-30
439045,124175,-81.0,1909,107,13:58:11,2012-07-30
439045,124180,-81.0,1909,107,13:58:11,2012-07-30
439055,124190,-81.333336,1909,107,13:58:12,2012-07-30
439060,124190,-82.0,1909,107,13:58:13,2012-07-30
439065,124195,-82.25,1909,107,13:58:14,2012-07-30
439070,124200,-83.0,1909,107,13:58:14,2012-07-30
439070,124205,-83.0,1909,107,13:58:15,2012-07-30
439075,124205,-83.428574,1909,107,13:58:15,2012-07-30
456355,124500,-76.85714,1909,107,18:27:53,2012-07-31
456360,124515,-75.571426,1909,107,18:27:52,2012-07-31
456360,124530,-75.0,1909,107,18:27:51,2012-07-31
456365,124540,-72.75,1909,107,18:27:50,2012-07-31
456365,124555,-72.0,1909,107,18:27:49,2012-07-31
456365,124570,-70.5,1909,107,18:27:48,2012-07-31
456365,124580,-70.0,1909,107,18:27:47,2012-07-31
456365,124595,-68.400002,1909,107,18:27:46,2012-07-31
456370,124610,-67.25,1909,107,18:27:45,2012-07-31
456370,124620,-67.0,1909,107,18:27:44,2012-07-31
456370,124635,-67.800003,1909,107,18:27:44,2012-07-31
456375,124655,-66.666664,1909,107,18:27:42,2012-07-31
456375,124670,-66.0,1909,107,18:27:41,2012-07-31
456375,124680,-66.0,1909,107,18:27:40,2012-07-31
456380,124695,-67.714287,1909,107,18:27:39,2012-07-31
456380,124710,-66.599998,1909,107,18:27:37,2012-07-31
456380,124725,-66.0,1909,107,18:27:37,2012-07-31
456385,124750,-64.666664,1909,107,18:27:35,2012-07-31
456385,124765,-65.333336,1909,107,18:27:34,2012-07-31
456385,124775,-64.0,1909,107,18:27:32,2012-07-31
456385,124790,-63.0,1909,107,18:27:32,2012-07-31
456385,124800,-63.0,1909,107,18:27:31,2012-07-31
456385,124820,-61.799999,1909,107,18:27:30,2012-07-31
456385,124835,-60.333332,1909,107,18:27:28,2012-07-31
456390,124860,-58.400002,1909,107,18:27:26,2012-07-31
456400,124880,-58.799999,1909,107,18:27:25,2012-07-31
456405,124890,-60.5,1909,107,18:27:24,2012-07-31
456410,124900,-62.0,1909,107,18:27:22,2012-07-31
456415,124905,-61.0,1909,107,18:27:22,2012-07-31
456425,124920,-64.0,1909,107,18:27:21,2012-07-31
456435,124925,-66.599998,1909,107,18:27:20,2012-07-31
456440,124935,-67.0,1909,107,18:27:19,2012-07-31
456445,124940,-67.75,1909,107,18:27:18,2012-07-31
456450,124945,-68.0,1909,107,18:27:17,2012-07-31
456455,124955,-68.75,1909,107,18:27:17,2012-07-31
456460,124960,-69.0,1909,107,18:27:16,2012-07-31
456460,124965,-69.0,1909,107,18:27:15,2012-07-31
456470,124975,-69.0,1909,107,18:27:14,2012-07-31
456475,124985,-67.0,1909,107,18:27:13,2012-07-31
456475,124990,-66.0,1909,107,18:27:12,2012-07-31
456480,124995,-65.199997,1909,107,18:27:11,2012-07-31
456480,125000,-63.799999,1909,107,18:27:09,2012-07-31
456475,125005,-62.0,1909,107,18:27:08,2012-07-31
456480,125005,-62.599998,1909,107,18:27:08,2012-07-31
456470,125010,-60.0,1909,107,18:27:07,2012-07-31
456475,125010,-62.0,1909,107,18:27:07,2012-07-31
456455,125015,-59.0,1909,107,18:27:05,2012-07-31
456460,125015,-59.0,1909,107,18:27:05,2012-07-31
456450,125020,-58.25,1909,107,18:27:04,2012-07-31
456435,125025,-58.0,1909,107,18:27:02,2012-07-31
456440,125025,-58.0,1909,107,18:27:03,2012-07-31
456425,125030,-58.0,1909,107,18:27:01,2012-07-31
456420,125035,-58.0,1909,107,18:27:01,2012-07-31
456405,125040,-55.5,1909,107,18:26:58,2012-07-31
456410,125040,-56.5,1909,107,18:27:00,2012-07-31
456385,125045,-53.666668,1909,107,18:26:57,2012-07-31
456355,125050,-50.666668,1909,107,18:26:54,2012-07-31
456370,125050,-52.333332,1909,107,18:26:56,2012-07-31
456325,125055,-50.666668,1909,107,18:26:51,2012-07-31
456345,125055,-51.333332,1909,107,18:26:53,2012-07-31
456305,125060,-49.0,1909,107,18:26:49,2012-07-31
456315,125060,-49.25,1909,107,18:26:50,2012-07-31
456290,125065,-49.0,1909,107,18:26:48,2012-07-31
456280,125070,-48.25,1909,107,18:26:47,2012-07-31
456270,125075,-46.799999,1909,107,18:26:46,2012-07-31
456255,125080,-46.0,1909,107,18:26:45,2012-07-31
456245,125085,-47.599998,1909,107,18:26:44,2012-07-31
456230,125090,-48.0,1909,107,18:26:43,2012-07-31
456220,125095,-48.75,1909,107,18:26:41,2012-07-31
456205,125105,-49.0,1909,107,18:26:41,2012-07-31
456190,125110,-50.5,1909,107,18:26:40,2012-07-31
456180,125115,-54.200001,1909,107,18:26:39,2012-07-31
456165,125120,-55.0,1909,107,18:26:38,2012-07-31
456155,125130,-55.666668,1909,107,18:26:37,2012-07-31
456140,125135,-58.25,1909,107,18:26:36,2012-07-31
456130,125145,-59.666668,1909,107,18:26:34,2012-07-31
456115,125150,-60.0,1909,107,18:26:34,2012-07-31
456110,125155,-60.75,1909,107,18:26:33,2012-07-31
456100,125165,-61.0,1909,107,18:26:32,2012-07-31
456080,125185,-61.0,1909,107,18:26:30,2012-07-31
456070,125195,-61.599998,1909,107,18:26:29,2012-07-31
456060,125205,-62.0,1909,107,18:26:28,2012-07-31
456050,125215,-62.0,1909,107,18:26:27,2012-07-31
456040,125220,-62.0,1909,107,18:26:25,2012-07-31
456045,125220,-62.0,1909,107,18:26:26,2012-07-31
456035,125225,-61.333332,1909,107,18:26:25,2012-07-31
456020,125240,-59.0,1909,107,18:26:23,2012-07-31
456005,125250,-58.666668,1909,107,18:26:22,2012-07-31
455985,125260,-59.0,1909,107,18:26:20,2012-07-31
455990,125260,-59.0,1909,107,18:26:20,2012-07-31
455975,125265,-56.0,1909,107,18:26:19,2012-07-31
455960,125275,-52.75,1909,107,18:26:17,2012-07-31
455950,125280,-51.25,1909,107,18:26:16,2012-07-31
455955,125280,-52.0,1909,107,18:26:17,2012-07-31
455935,125285,-48.0,1909,107,18:26:15,2012-07-31
455940,125285,-51.0,1909,107,18:26:15,2012-07-31
455920,125295,-45.666668,1909,107,18:26:13,2012-07-31
455905,125300,-46.333332,1909,107,18:26:12,2012-07-31
455880,125310,-49.0,1909,107,18:26:10,2012-07-31
455890,125310,-48.5,1909,107,18:26:10,2012-07-31
455870,125315,-51.25,1909,107,18:26:09,2012-07-31
455860,125320,-52.0,1909,107,18:26:08,2012-07-31
455845,125325,-52.0,1909,107,18:26:07,2012-07-31
455835,125330,-53.5,1909,107,18:26:06,2012-07-31
455825,125335,-54.0,1909,107,18:26:05,2012-07-31
455815,125340,-53.166668,1909,107,18:26:04,2012-07-31
455805,125345,-51.400002,1909,107,18:26:03,2012-07-31
455790,125350,-49.5,1909,107,18:26:02,2012-07-31
455780,125355,-50.5,1909,107,18:26:01,2012-07-31
455765,125360,-48.0,1909,107,18:25:59,2012-07-31
455770,125360,-51.0,1909,107,18:26:00,2012-07-31
455745,125365,-50.5,1909,107,18:25:56,2012-07-31
455750,125365,-48.599998,1909,107,18:25:58,2012-07-31
455730,125370,-53.0,1909,107,18:25:53,2012-07-31
455735,125370,-53.0,1909,107,18:25:54,2012-07-31
455740,125370,-52.200001,1909,107,18:25:55,2012-07-31
455715,125375,-54.0,1909,107,18:25:49,2012-07-31
455720,125375,-54.0,1909,107,18:25:51,2012-07-31
455725,125375,-53.5,1909,107,18:25:52,2012-07-31
455705,125380,-56.333332,1909,107,18:25:46,2012-07-31
455710,125380,-54.833332,1909,107,18:25:48,2012-07-31
455695,125385,-55.799999,1909,107,18:25:45,2012-07-31
455675,125390,-54.0,1909,107,18:25:42,2012-07-31
455685,125390,-54.333332,1909,107,18:25:44,2012-07-31
455650,125400,-48.599998,1909,107,18:25:39,2012-07-31
455660,125400,-52.0,1909,107,18:25:41,2012-07-31
455640,125405,-47.833332,1909,107,18:25:38,2012-07-31
455645,125405,-47.0,1909,107,18:25:38,2012-07-31
455635,125410,-49.333332,1909,107,18:25:36,2012-07-31
455615,125415,-50.0,1909,107,18:25:31,2012-07-31
455620,125415,-50.0,1909,107,18:25:34,2012-07-31
455625,125415,-50.0,1909,107,18:25:35,2012-07-31
445525,112485,-84.0,1909,107,12:40:24,2012-07-26
445530,112485,-84.0,1909,107,12:40:24,2012-07-26
445505,112490,-84.0,1909,107,12:40:20,2012-07-26
445510,112490,-84.0,1909,107,12:40:22,2012-07-26
445515,112490,-84.0,1909,107,12:40:22,2012-07-26
445480,112495,-88.375,1909,107,12:40:16,2012-07-26
445485,112495,-86.888885,1909,107,12:40:19,2012-07-26
445495,112495,-84.0,1909,107,12:40:19,2012-07-26
445545,112495,-84.0,1909,107,12:40:26,2012-07-26
445455,112500,-93.5,1909,107,12:40:10,2012-07-26
445470,112500,-92.099998,1909,107,12:40:12,2012-07-26
445475,112500,-91.0,1909,107,12:40:14,2012-07-26
445480,112500,-90.0,1909,107,12:40:15,2012-07-26
445550,112505,-84.0,1909,107,12:40:26,2012-07-26
445560,112515,-83.75,1909,107,12:40:27,2012-07-26
445565,112520,-83.0,1909,107,12:40:28,2012-07-26
445575,112530,-83.0,1909,107,12:40:29,2012-07-26
445590,112540,-83.0,1909,107,12:40:30,2012-07-26
445605,112550,-82.75,1909,107,12:40:31,2012-07-26
445615,112550,-82.0,1909,107,12:40:32,2012-07-26
445620,112555,-82.25,1909,107,12:40:33,2012-07-26
445630,112555,-83.0,1909,107,12:40:34,2012-07-26
445635,112560,-84.0,1909,107,12:40:34,2012-07-26
445645,112560,-86.0,1909,107,12:40:35,2012-07-26
445655,112565,-86.0,1909,107,12:40:36,2012-07-26
445660,112565,-86.0,1909,107,12:40:37,2012-07-26
445665,112570,-86.0,1909,107,12:40:36,2012-07-26
445670,112570,-86.0,1909,107,12:40:37,2012-07-26
445675,112575,-86.0,1909,107,12:40:37,2012-07-26
445680,112575,-86.0,1909,107,12:40:38,2012-07-26
445690,112580,-85.75,1909,107,12:40:39,2012-07-26
445700,112585,-85.0,1909,107,12:40:39,2012-07-26
445710,112590,-84.75,1909,107,12:40:40,2012-07-26
445935,112590,-83.599998,1909,107,12:40:57,2012-07-26
445940,112590,-83.0,1909,107,12:40:57,2012-07-26
445950,112590,-82.75,1909,107,12:40:58,2012-07-26
445965,112590,-82.25,1909,107,12:41:00,2012-07-26
445970,112590,-83.0,1909,107,12:41:00,2012-07-26
445975,112590,-83.625,1909,107,12:41:01,2012-07-26
445730,112595,-84.0,1909,107,12:40:41,2012-07-26
445925,112595,-84.0,1909,107,12:40:56,2012-07-26
445910,112600,-84.0,1909,107,12:40:55,2012-07-26
445915,112600,-84.0,1909,107,12:40:55,2012-07-26
445755,112605,-83.599998,1909,107,12:40:43,2012-07-26
445765,112605,-83.0,1909,107,12:40:43,2012-07-26
445770,112605,-83.0,1909,107,12:40:44,2012-07-26
445900,112605,-83.25,1909,107,12:40:54,2012-07-26
445785,112610,-83.0,1909,107,12:40:45,2012-07-26
445795,112610,-83.666664,1909,107,12:40:46,2012-07-26
445815,112610,-84.666664,1909,107,12:40:47,2012-07-26
445885,112610,-83.0,1909,107,12:40:53,2012-07-26
445835,112615,-83.5,1909,107,12:40:48,2012-07-26
445840,112615,-82.0,1909,107,12:40:49,2012-07-26
445850,112615,-82.5,1909,107,12:40:50,2012-07-26
445875,112615,-83.666664,1909,107,12:40:51,2012-07-26
443405,112990,-96.0,1909,107,12:31:12,2012-07-26
443400,113000,-96.0,1909,107,12:31:11,2012-07-26
443385,113005,-93.0,1909,107,12:31:10,2012-07-26
443395,113005,-93.75,1909,107,12:31:11,2012-07-26
443380,113010,-93.0,1909,107,12:31:09,2012-07-26
443375,113015,-93.0,1909,107,12:31:09,2012-07-26
443365,113020,-93.0,1909,107,12:31:08,2012-07-26
443345,113025,-92.25,1909,107,12:31:06,2012-07-26
443355,113025,-93.0,1909,107,12:31:07,2012-07-26
443340,113030,-92.0,1909,107,12:31:06,2012-07-26
443330,113035,-92.75,1909,107,12:31:05,2012-07-26
443320,113040,-93.0,1909,107,12:31:04,2012-07-26
443315,113045,-93.75,1909,107,12:31:04,2012-07-26
443305,113050,-94.0,1909,107,12:31:03,2012-07-26
443300,113055,-94.0,1909,107,12:31:02,2012-07-26
443285,113060,-94.0,1909,107,12:31:01,2012-07-26
443265,113080,-94.900002,1909,107,12:30:59,2012-07-26
443255,113085,-95.0,1909,107,12:30:59,2012-07-26
443245,113095,-95.0,1909,107,12:30:58,2012-07-26
443230,113100,-95.0,1909,107,12:30:57,2012-07-26
443220,113110,-95.0,1909,107,12:30:56,2012-07-26
443210,113115,-95.800003,1909,107,12:30:54,2012-07-26
443205,113120,-96.666664,1909,107,12:30:54,2012-07-26
443180,113140,-97.666664,1909,107,12:30:52,2012-07-26
443170,113150,-98.0,1909,107,12:30:51,2012-07-26
443165,113160,-98.0,1909,107,12:30:50,2012-07-26
443155,113165,-98.75,1909,107,12:30:49,2012-07-26
443145,113175,-98.25,1909,107,12:30:48,2012-07-26
443140,113185,-98.0,1909,107,12:30:47,2012-07-26
443135,113190,-98.0,1909,107,12:30:46,2012-07-26
443125,113205,-98.0,1909,107,12:30:45,2012-07-26
443115,113215,-98.75,1909,107,12:30:44,2012-07-26
443110,113225,-99.0,1909,107,12:30:43,2012-07-26
443095,113235,-99.0,1909,107,12:30:42,2012-07-26
443085,113245,-100.6,1909,107,12:30:40,2012-07-26
443075,113255,-101.0,1909,107,12:30:40,2012-07-26
443065,113260,-101.0,1909,107,12:30:39,2012-07-26
443045,113270,-102.75,1909,107,12:30:37,2012-07-26
443050,113270,-101.6,1909,107,12:30:38,2012-07-26
443035,113280,-102.4,1909,107,12:30:35,2012-07-26
442875,113285,-96.0,1909,107,12:30:19,2012-07-26
442885,113285,-96.0,1909,107,12:30:19,2012-07-26
442890,113285,-96.0,1909,107,12:30:20,2012-07-26
442895,113285,-97.692307,1909,107,12:30:21,2012-07-26
442900,113290,-98.400002,1909,107,12:30:21,2012-07-26
442905,113290,-99.0,1909,107,12:30:22,2012-07-26
442970,113290,-101.0,1909,107,12:30:29,2012-07-26
442975,113290,-101.0,1909,107,12:30:30,2012-07-26
442980,113290,-102.0,1909,107,12:30:30,2012-07-26
442990,113290,-101.8,1909,107,12:30:31,2012-07-26
443020,113290,-102.0,1909,107,12:30:34,2012-07-26
443025,113290,-102.0,1909,107,12:30:35,2012-07-26
442905,113295,-99.0,1909,107,12:30:22,2012-07-26
442910,113295,-100.16666,1909,107,12:30:22,2012-07-26
442915,113295,-101.0,1909,107,12:30:23,2012-07-26
442955,113295,-102.0,1909,107,12:30:28,2012-07-26
442960,113295,-101.75,1909,107,12:30:28,2012-07-26
443000,113295,-102.6,1909,107,12:30:33,2012-07-26
442915,113300,-101.0,1909,107,12:30:23,2012-07-26
442920,113300,-101.0,1909,107,12:30:24,2012-07-26
442945,113300,-102.0,1909,107,12:30:26,2012-07-26
442950,113300,-102.0,1909,107,12:30:27,2012-07-26
442925,113305,-101.0,1909,107,12:30:24,2012-07-26
442930,113305,-101.0,1909,107,12:30:24,2012-07-26
442935,113305,-101.0,1909,107,12:30:25,2012-07-26
442940,113305,-101.5,1909,107,12:30:26,2012-07-26
440935,113670,-99.666664,1909,107,12:24:23,2012-07-26
440950,113675,-101.0,1909,107,12:24:24,2012-07-26
440955,113680,-101.0,1909,107,12:24:25,2012-07-26
440965,113685,-101.0,1909,107,12:24:26,2012-07-26
440970,113690,-100.5,1909,107,12:24:27,2012-07-26
440980,113700,-99.25,1909,107,12:24:28,2012-07-26
440985,113710,-100.0,1909,107,12:24:29,2012-07-26
440985,113715,-99.75,1909,107,12:24:30,2012-07-26
440990,113730,-99.25,1909,107,12:24:31,2012-07-26
440990,113740,-100.0,1909,107,12:24:32,2012-07-26
440995,113750,-100.8,1909,107,12:24:33,2012-07-26
440995,113755,-102.0,1909,107,12:24:34,2012-07-26
440995,113765,-101.5,1909,107,12:24:35,2012-07-26
441000,113785,-101.0,1909,107,12:24:36,2012-07-26
441000,113800,-101.57143,1909,107,12:24:37,2012-07-26
441000,113815,-102.0,1909,107,12:24:38,2012-07-26
440990,113845,-102.0,1909,107,12:24:39,2012-07-26
440985,113860,-102.0,1909,107,12:24:40,2012-07-26
440985,113870,-102.0,1909,107,12:24:41,2012-07-26
440985,113880,-102.0,1909,107,12:24:41,2012-07-26
440985,113885,-102.0,1909,107,12:24:41,2012-07-26
440995,113900,-102.0,1909,107,12:24:42,2012-07-26
440995,113910,-102.0,1909,107,12:24:43,2012-07-26
440995,113920,-102.0,1909,107,12:24:43,2012-07-26
440995,113930,-102.0,1909,107,12:24:44,2012-07-26
441000,113945,-102.0,1909,107,12:24:45,2012-07-26
441905,113945,-95.0,1909,107,12:26:47,2012-07-26
441915,113950,-95.0,1909,107,12:26:48,2012-07-26
441925,113955,-95.0,1909,107,12:26:49,2012-07-26
441935,113955,-95.0,1909,107,12:26:50,2012-07-26
441945,113960,-95.0,1909,107,12:26:51,2012-07-26
441950,113960,-95.0,1909,107,12:26:52,2012-07-26
442025,114080,-96.0,1909,107,12:27:10,2012-07-26
442030,114085,-96.0,1909,107,12:27:11,2012-07-26
442035,114085,-96.0,1909,107,12:27:11,2012-07-26
442085,114090,-97.939392,1909,107,12:27:37,2012-07-26
442085,114095,-99.0,1909,107,12:27:33,2012-07-26
442090,114095,-98.0,1909,107,12:27:46,2012-07-26
442100,114095,-98.5,1909,107,12:27:48,2012-07-26
442085,114100,-99.0,1909,107,12:27:30,2012-07-26
442110,114100,-99.0,1909,107,12:27:49,2012-07-26
442115,114100,-99.571426,1909,107,12:27:49,2012-07-26
442085,114105,-99.0,1909,107,12:27:25,2012-07-26
442120,114105,-99.599998,1909,107,12:27:51,2012-07-26
442125,114110,-99.0,1909,107,12:27:52,2012-07-26
442150,114125,-101.0,1909,107,12:27:55,2012-07-26
442160,114130,-100.75,1909,107,12:27:57,2012-07-26
442165,114135,-100.0,1909,107,12:27:57,2012-07-26
442170,114140,-100.0,1909,107,12:27:58,2012-07-26
442175,114145,-100.0,1909,107,12:27:58,2012-07-26
442180,114150,-100.0,1909,107,12:27:59,2012-07-26
442185,114150,-100.0,1909,107,12:28:00,2012-07-26
442190,114155,-99.75,1909,107,12:28:01,2012-07-26
442320,114155,-100.0,1909,107,12:28:13,2012-07-26
442325,114155,-100.25,1909,107,12:28:13,2012-07-26
442330,114155,-101.0,1909,107,12:28:14,2012-07-26
442200,114160,-99.0,1909,107,12:28:01,2012-07-26
442205,114160,-99.0,1909,107,12:28:02,2012-07-26
442290,114160,-99.75,1909,107,12:28:11,2012-07-26
442300,114160,-99.0,1909,107,12:28:11,2012-07-26
442310,114160,-99.400002,1909,107,12:28:12,2012-07-26
442340,114160,-100.66666,1909,107,12:28:15,2012-07-26
442350,114160,-100.0,1909,107,12:28:16,2012-07-26
442360,114160,-100.5,1909,107,12:28:16,2012-07-26
442370,114160,-101.0,1909,107,12:28:18,2012-07-26
442220,114165,-99.800003,1909,107,12:28:04,2012-07-26
442225,114165,-101.0,1909,107,12:28:04,2012-07-26
442230,114165,-101.0,1909,107,12:28:05,2012-07-26
442245,114165,-101.0,1909,107,12:28:06,2012-07-26
442275,114165,-100.0,1909,107,12:28:09,2012-07-26
442385,114165,-101.0,1909,107,12:28:19,2012-07-26
442395,114165,-101.0,1909,107,12:28:20,2012-07-26
442255,114170,-101.0,1909,107,12:28:07,2012-07-26
442260,114170,-101.0,1909,107,12:28:08,2012-07-26
442405,114170,-101.0,1909,107,12:28:21,2012-07-26
446135,121675,-69.368851,1909,107,12:39:16,2012-07-30
446140,121675,-69.833336,1909,107,12:38:40,2012-07-30
446145,121680,-71.666664,1909,107,12:40:34,2012-07-30
446155,121680,-73.571426,1909,107,12:40:35,2012-07-30
446165,121685,-74.0,1909,107,12:40:37,2012-07-30
446210,121700,-75.0,1909,107,12:40:41,2012-07-30
446215,121700,-74.666664,1909,107,12:40:42,2012-07-30
446235,121710,-73.599998,1909,107,12:40:44,2012-07-30
446240,121715,-73.0,1909,107,12:40:45,2012-07-30
446250,121715,-72.666664,1909,107,12:40:45,2012-07-30
446265,121720,-72.0,1909,107,12:40:47,2012-07-30
446280,121720,-72.0,1909,107,12:40:48,2012-07-30
446355,121750,-79.0,1909,107,12:40:57,2012-07-30
446365,121760,-79.0,1909,107,12:40:57,2012-07-30
438185,122920,-85.0,1909,107,13:55:16,2012-07-30
438795,123145,-81.0,1909,107,13:56:33,2012-07-30
438800,123150,-81.0,1909,107,13:56:34,2012-07-30
438800,123155,-81.0,1909,107,13:56:35,2012-07-30
438805,123160,-81.0,1909,107,13:56:36,2012-07-30
438810,123165,-80.75,1909,107,13:56:36,2012-07-30
438810,123170,-80.0,1909,107,13:56:37,2012-07-30
438815,123175,-80.0,1909,107,13:56:38,2012-07-30
438815,123180,-80.5,1909,107,13:56:38,2012-07-30
438820,123190,-82.0,1909,107,13:56:39,2012-07-30
438835,123220,-84.0,1909,107,13:56:42,2012-07-30
438840,123230,-84.0,1909,107,13:56:43,2012-07-30
438845,123235,-84.0,1909,107,13:56:43,2012-07-30
438855,123240,-83.0,1909,107,13:56:44,2012-07-30
438865,123250,-82.714287,1909,107,13:56:45,2012-07-30
438875,123255,-81.0,1909,107,13:56:46,2012-07-30
438885,123260,-81.5,1909,107,13:56:48,2012-07-30
438895,123265,-83.0,1909,107,13:56:48,2012-07-30
439005,123985,-90.0,1909,107,13:57:50,2012-07-30
439000,123995,-89.75,1909,107,13:57:51,2012-07-30
438995,124010,-89.0,1909,107,13:57:52,2012-07-30
438995,124020,-89.0,1909,107,13:57:53,2012-07-30
438995,124035,-88.5,1909,107,13:57:54,2012-07-30
438995,124045,-86.800003,1909,107,13:57:55,2012-07-30
439000,124060,-86.0,1909,107,13:57:57,2012-07-30
439000,124080,-85.75,1909,107,13:57:58,2012-07-30
438995,124090,-84.599998,1909,107,13:58:00,2012-07-30
438995,124105,-84.14286,1909,107,13:58:00,2012-07-30
438995,124115,-85.0,1909,107,13:58:01,2012-07-30
439000,124125,-85.0,1909,107,13:58:02,2012-07-30
439005,124140,-85.0,1909,107,13:58:04,2012-07-30
439005,124145,-85.0,1909,107,13:58:05,2012-07-30
439010,124145,-85.0,1909,107,13:58:05,2012-07-30
439020,124155,-85.0,1909,107,13:58:07,2012-07-30
439030,124160,-85.0,1909,107,13:58:08,2012-07-30
439035,124170,-83.666664,1909,107,13:58:10,2012-07-30
439040,124170,-81.0,1909,107,13:58:10,2012-07-30
439040,124175,-81.0,1909,107,13:58:10,2012-07-30
439045,124175,-81.0,1909,107,13:58:11,2012-07-30
439045,124180,-81.0,1909,107,13:58:11,2012-07-30
439055,124190,-81.333336,1909,107,13:58:12,2012-07-30
439060,124190,-82.0,1909,107,13:58:13,2012-07-30
439065,124195,-82.25,1909,107,13:58:14,2012-07-30
439070,124200,-83.0,1909,107,13:58:14,2012-07-30
439070,124205,-83.0,1909,107,13:58:15,2012-07-30
439075,124205,-83.428574,1909,107,13:58:15,2012-07-30
456355,124500,-76.85714,1909,107,18:27:53,2012-07-31
456360,124515,-75.571426,1909,107,18:27:52,2012-07-31
456360,124530,-75.0,1909,107,18:27:51,2012-07-31
456365,124540,-72.75,1909,107,18:27:50,2012-07-31
456365,124555,-72.0,1909,107,18:27:49,2012-07-31
456365,124570,-70.5,1909,107,18:27:48,2012-07-31
456365,124580,-70.0,1909,107,18:27:47,2012-07-31
456365,124595,-68.400002,1909,107,18:27:46,2012-07-31
456370,124610,-67.25,1909,107,18:27:45,2012-07-31
456370,124620,-67.0,1909,107,18:27:44,2012-07-31
456370,124635,-67.800003,1909,107,18:27:44,2012-07-31
456375,124655,-66.666664,1909,107,18:27:42,2012-07-31
456375,124670,-66.0,1909,107,18:27:41,2012-07-31
456375,124680,-66.0,1909,107,18:27:40,2012-07-31
456380,124695,-67.714287,1909,107,18:27:39,2012-07-31
456380,124710,-66.599998,1909,107,18:27:37,2012-07-31
456380,124725,-66.0,1909,107,18:27:37,2012-07-31
456385,124750,-64.666664,1909,107,18:27:35,2012-07-31
456385,124765,-65.333336,1909,107,18:27:34,2012-07-31
456385,124775,-64.0,1909,107,18:27:32,2012-07-31
456385,124790,-63.0,1909,107,18:27:32,2012-07-31
456385,124800,-63.0,1909,107,18:27:31,2012-07-31
456385,124820,-61.799999,1909,107,18:27:30,2012-07-31
456385,124835,-60.333332,1909,107,18:27:28,2012-07-31
456390,124860,-58.400002,1909,107,18:27:26,2012-07-31
456400,124880,-58.799999,1909,107,18:27:25,2012-07-31
456405,124890,-60.5,1909,107,18:27:24,2012-07-31
456410,124900,-62.0,1909,107,18:27:22,2012-07-31
456415,124905,-61.0,1909,107,18:27:22,2012-07-31
456425,124920,-64.0,1909,107,18:27:21,2012-07-31
456435,124925,-66.599998,1909,107,18:27:20,2012-07-31
456440,124935,-67.0,1909,107,18:27:19,2012-07-31
456445,124940,-67.75,1909,107,18:27:18,2012-07-31
456450,124945,-68.0,1909,107,18:27:17,2012-07-31
456455,124955,-68.75,1909,107,18:27:17,2012-07-31
456460,124960,-69.0,1909,107,18:27:16,2012-07-31
456460,124965,-69.0,1909,107,18:27:15,2012-07-31
456470,124975,-69.0,1909,107,18:27:14,2012-07-31
456475,124985,-67.0,1909,107,18:27:13,2012-07-31
456475,124990,-66.0,1909,107,18:27:12,2012-07-31
456480,124995,-65.199997,1909,107,18:27:11,2012-07-31
456480,125000,-63.799999,1909,107,18:27:09,2012-07-31
456475,125005,-62.0,1909,107,18:27:08,2012-07-31
456480,125005,-62.599998,1909,107,18:27:08,2012-07-31
456470,125010,-60.0,1909,107,18:27:07,2012-07-31
456475,125010,-62.0,1909,107,18:27:07,2012-07-31
456455,125015,-59.0,1909,107,18:27:05,2012-07-31
456460,125015,-59.0,1909,107,18:27:05,2012-07-31
456450,125020,-58.25,1909,107,18:27:04,2012-07-31
456435,125025,-58.0,1909,107,18:27:02,2012-07-31
456440,125025,-58.0,1909,107,18:27:03,2012-07-31
456425,125030,-58.0,1909,107,18:27:01,2012-07-31
456420,125035,-58.0,1909,107,18:27:01,2012-07-31
456405,125040,-55.5,1909,107,18:26:58,2012-07-31
456410,125040,-56.5,1909,107,18:27:00,2012-07-31
456385,125045,-53.666668,1909,107,18:26:57,2012-07-31
456355,125050,-50.666668,1909,107,18:26:54,2012-07-31
456370,125050,-52.333332,1909,107,18:26:56,2012-07-31
456325,125055,-50.666668,1909,107,18:26:51,2012-07-31
456345,125055,-51.333332,1909,107,18:26:53,2012-07-31
456305,125060,-49.0,1909,107,18:26:49,2012-07-31
456315,125060,-49.25,1909,107,18:26:50,2012-07-31
456290,125065,-49.0,1909,107,18:26:48,2012-07-31
456280,125070,-48.25,1909,107,18:26:47,2012-07-31
456270,125075,-46.799999,1909,107,18:26:46,2012-07-31
456255,125080,-46.0,1909,107,18:26:45,2012-07-31
456245,125085,-47.599998,1909,107,18:26:44,2012-07-31
456230,125090,-48.0,1909,107,18:26:43,2012-07-31
456220,125095,-48.75,1909,107,18:26:41,2012-07-31
456205,125105,-49.0,1909,107,18:26:41,2012-07-31
456190,125110,-50.5,1909,107,18:26:40,2012-07-31
456180,125115,-54.200001,1909,107,18:26:39,2012-07-31
456165,125120,-55.0,1909,107,18:26:38,2012-07-31
456155,125130,-55.666668,1909,107,18:26:37,2012-07-31
456140,125135,-58.25,1909,107,18:26:36,2012-07-31
456130,125145,-59.666668,1909,107,18:26:34,2012-07-31
456115,125150,-60.0,1909,107,18:26:34,2012-07-31
456110,125155,-60.75,1909,107,18:26:33,2012-07-31
456100,125165,-61.0,1909,107,18:26:32,2012-07-31
456080,125185,-61.0,1909,107,18:26:30,2012-07-31
456070,125195,-61.599998,1909,107,18:26:29,2012-07-31
456060,125205,-62.0,1909,107,18:26:28,2012-07-31
456050,125215,-62.0,1909,107,18:26:27,2012-07-31
456040,125220,-62.0,1909,107,18:26:25,2012-07-31
456045,125220,-62.0,1909,107,18:26:26,2012-07-31
456035,125225,-61.333332,1909,107,18:26:25,2012-07-31
456020,125240,-59.0,1909,107,18:26:23,2012-07-31
456005,125250,-58.666668,1909,107,18:26:22,2012-07-31
455985,125260,-59.0,1909,107,18:26:20,2012-07-31
455990,125260,-59.0,1909,107,18:26:20,2012-07-31
455975,125265,-56.0,1909,107,18:26:19,2012-07-31
455960,125275,-52.75,1909,107,18:26:17,2012-07-31
455950,125280,-51.25,1909,107,18:26:16,2012-07-31
455955,125280,-52.0,1909,107,18:26:17,2012-07-31
455935,125285,-48.0,1909,107,18:26:15,2012-07-31
455940,125285,-51.0,1909,107,18:26:15,2012-07-31
455920,125295,-45.666668,1909,107,18:26:13,2012-07-31
455905,125300,-46.333332,1909,107,18:26:12,2012-07-31
455880,125310,-49.0,1909,107,18:26:10,2012-07-31
455890,125310,-48.5,1909,107,18:26:10,2012-07-31
455870,125315,-51.25,1909,107,18:26:09,2012-07-31
455860,125320,-52.0,1909,107,18:26:08,2012-07-31
455845,125325,-52.0,1909,107,18:26:07,2012-07-31
455835,125330,-53.5,1909,107,18:26:06,2012-07-31
455825,125335,-54.0,1909,107,18:26:05,2012-07-31
455815,125340,-53.166668,1909,107,18:26:04,2012-07-31
455805,125345,-51.400002,1909,107,18:26:03,2012-07-31
455790,125350,-49.5,1909,107,18:26:02,2012-07-31
455780,125355,-50.5,1909,107,18:26:01,2012-07-31
455765,125360,-48.0,1909,107,18:25:59,2012-07-31
455770,125360,-51.0,1909,107,18:26:00,2012-07-31
455745,125365,-50.5,1909,107,18:25:56,2012-07-31
455750,125365,-48.599998,1909,107,18:25:58,2012-07-31
455730,125370,-53.0,1909,107,18:25:53,2012-07-31
455735,125370,-53.0,1909,107,18:25:54,2012-07-31
455740,125370,-52.200001,1909,107,18:25:55,2012-07-31
455715,125375,-54.0,1909,107,18:25:49,2012-07-31
455720,125375,-54.0,1909,107,18:25:51,2012-07-31
455725,125375,-53.5,1909,107,18:25:52,2012-07-31
455705,125380,-56.333332,1909,107,18:25:46,2012-07-31
455710,125380,-54.833332,1909,107,18:25:48,2012-07-31
455695,125385,-55.799999,1909,107,18:25:45,2012-07-31
455675,125390,-54.0,1909,107,18:25:42,2012-07-31
455685,125390,-54.333332,1909,107,18:25:44,2012-07-31
455650,125400,-48.599998,1909,107,18:25:39,2012-07-31
455660,125400,-52.0,1909,107,18:25:41,2012-07-31
455640,125405,-47.833332,1909,107,18:25:38,2012-07-31
455645,125405,-47.0,1909,107,18:25:38,2012-07-31
455635,125410,-49.333332,1909,107,18:25:36,2012-07-31
455615,125415,-50.0,1909,107,18:25:31,2012-07-31
455620,125415,-50.0,1909,107,18:25:34,2012-07-31
455625,125415,-50.0,1909,107,18:25:35,2012-07-31
