456410,120070,-63.0,278,113,14:50:52,2012-07-30
456400,120075,-63.0,278,113,14:50:51,2012-07-30
456390,120080,-63.0,278,113,14:50:51,2012-07-30
456395,120080,-63.0,278,113,14:50:51,2012-07-30
456385,120085,-61.5,278,113,14:50:50,2012-07-30
456380,120090,-61.0,278,113,14:50:50,2012-07-30
456370,120095,-61.0,278,113,14:50:50,2012-07-30
456365,120100,-61.0,278,113,14:50:50,2012-07-30
456355,120105,-61.0,278,113,14:50:49,2012-07-30
456345,120115,-60.25,278,113,14:50:49,2012-07-30
456325,120130,-60.0,278,113,14:50:48,2012-07-30
456305,120145,-60.0,278,113,14:50:48,2012-07-30
456285,120160,-60.0,278,113,14:50:47,2012-07-30
456265,120175,-58.0,278,113,14:50:46,2012-07-30
456245,120190,-57.0,278,113,14:50:46,2012-07-30
456220,120210,-54.0,278,113,14:50:45,2012-07-30
456195,120225,-53.0,278,113,14:50:44,2012-07-30
456190,120230,-52.333332,278,113,14:50:43,2012-07-30
456165,120250,-52.0,278,113,14:50:43,2012-07-30
456140,120265,-52.0,278,113,14:50:42,2012-07-30
456130,120270,-52.0,278,113,14:50:42,2012-07-30
456120,120280,-52.0,278,113,14:50:41,2012-07-30
456110,120285,-52.0,278,113,14:50:41,2012-07-30
456115,120285,-52.0,278,113,14:50:41,2012-07-30
456100,120295,-51.333332,278,113,14:50:41,2012-07-30
456065,120320,-49.5,278,113,14:50:39,2012-07-30
456055,120330,-49.0,278,113,14:50:38,2012-07-30
456040,120340,-47.5,278,113,14:50:38,2012-07-30
455965,120395,-45.400002,278,113,14:50:35,2012-07-30
455940,120415,-42.0,278,113,14:50:35,2012-07-30
455910,120435,-39.200001,278,113,14:50:34,2012-07-30
455870,120465,-37.5,278,113,14:50:32,2012-07-30
455815,120505,-40.200001,278,113,14:50:31,2012-07-30
455785,120525,-41.0,278,113,14:50:29,2012-07-30
455760,120545,-41.0,278,113,14:50:28,2012-07-30
455730,120565,-41.0,278,113,14:50:27,2012-07-30
455715,120575,-41.0,278,113,14:50:26,2012-07-30
455660,120615,-41.0,278,113,14:50:24,2012-07-30
455635,120635,-38.0,278,113,14:50:24,2012-07-30
455605,120655,-37.0,278,113,14:50:23,2012-07-30
455580,120675,-36.333332,278,113,14:50:22,2012-07-30
455550,120695,-36.666668,278,113,14:50:21,2012-07-30
455525,120715,-37.666668,278,113,14:50:19,2012-07-30
455465,120755,-38.75,278,113,14:50:18,2012-07-30
455440,120775,-39.75,278,113,14:50:17,2012-07-30
455385,120820,-40.0,278,113,14:50:14,2012-07-30
455355,120840,-49.0,278,113,14:50:14,2012-07-30
455330,120860,-52.0,278,113,14:50:12,2012-07-30
455325,120865,-52.0,278,113,14:50:12,2012-07-30
455310,120870,-52.0,278,113,14:50:11,2012-07-30
455315,120870,-52.0,278,113,14:50:12,2012-07-30
455305,120880,-52.0,278,113,14:50:11,2012-07-30
455295,120885,-52.0,278,113,14:50:11,2012-07-30
455265,120905,-52.0,278,113,14:50:10,2012-07-30
455250,120915,-52.0,278,113,14:50:09,2012-07-30
455210,120945,-52.0,278,113,14:50:08,2012-07-30
438590,133810,-87.0,278,113,16:22:09,2012-07-31
438585,133815,-87.0,278,113,16:22:09,2012-07-31
437865,135290,-84.0,278,113,16:18:10,2012-07-31
437870,135300,-84.0,278,113,16:18:09,2012-07-31
437870,135305,-84.0,278,113,16:18:09,2012-07-31
437870,135315,-84.0,278,113,16:18:08,2012-07-31
437875,135320,-84.0,278,113,16:18:07,2012-07-31
437875,135330,-84.0,278,113,16:18:07,2012-07-31
437880,135340,-84.0,278,113,16:18:05,2012-07-31
437885,135345,-84.0,278,113,16:18:05,2012-07-31
437890,135355,-82.0,278,113,16:18:04,2012-07-31
437895,135360,-81.0,278,113,16:18:03,2012-07-31
437895,135365,-79.666664,278,113,16:18:02,2012-07-31
437905,135365,-79.0,278,113,16:18:01,2012-07-31
437920,135365,-81.75,278,113,16:17:59,2012-07-31
437925,135365,-83.0,278,113,16:17:58,2012-07-31
438050,135490,-86.0,278,113,16:17:38,2012-07-31
438060,135510,-85.333336,278,113,16:17:37,2012-07-31
438075,135530,-83.666664,278,113,16:17:35,2012-07-31
438080,135535,-81.400002,278,113,16:17:34,2012-07-31
438085,135540,-79.666664,278,113,16:17:33,2012-07-31
438085,135550,-79.0,278,113,16:17:32,2012-07-31
438090,135550,-79.0,278,113,16:17:32,2012-07-31
438095,135560,-78.199997,278,113,16:17:31,2012-07-31
438095,135565,-78.0,278,113,16:17:30,2012-07-31
438100,135565,-78.0,278,113,16:17:30,2012-07-31
438100,135570,-78.0,278,113,16:17:30,2012-07-31
438105,135570,-77.25,278,113,16:17:29,2012-07-31
438105,135575,-77.0,278,113,16:17:29,2012-07-31
438110,135580,-77.0,278,113,16:17:29,2012-07-31
438110,135585,-76.333336,278,113,16:17:28,2012-07-31
438120,135595,-75.25,278,113,16:17:27,2012-07-31
438125,135600,-75.0,278,113,16:17:26,2012-07-31
438130,135605,-73.5,278,113,16:17:25,2012-07-31
438135,135610,-73.0,278,113,16:17:25,2012-07-31
438140,135615,-73.0,278,113,16:17:24,2012-07-31
438145,135625,-73.0,278,113,16:17:23,2012-07-31
438150,135630,-73.666664,278,113,16:17:23,2012-07-31
438160,135635,-74.0,278,113,16:17:22,2012-07-31
438165,135640,-75.5,278,113,16:17:21,2012-07-31
438175,135645,-76.0,278,113,16:17:21,2012-07-31
438180,135655,-76.0,278,113,16:17:20,2012-07-31
438195,135665,-78.0,278,113,16:17:18,2012-07-31
438200,135675,-78.0,278,113,16:17:17,2012-07-31
438215,135695,-78.0,278,113,16:17:15,2012-07-31
438220,135705,-78.0,278,113,16:17:14,2012-07-31
438225,135710,-78.0,278,113,16:17:13,2012-07-31
438230,135720,-78.0,278,113,16:17:13,2012-07-31
438235,135730,-79.800003,278,113,16:17:11,2012-07-31
438240,135745,-82.0,278,113,16:17:10,2012-07-31
438245,135750,-84.0,278,113,16:17:10,2012-07-31
438245,135760,-83.5,278,113,16:17:09,2012-07-31
438255,135780,-82.333336,278,113,16:17:07,2012-07-31
438260,135800,-83.333336,278,113,16:17:06,2012-07-31
438265,135810,-82.5,278,113,16:17:04,2012-07-31
438330,135810,-86.714287,278,113,16:15:00,2012-07-31
438270,135815,-82.0,278,113,16:17:03,2012-07-31
438335,135815,-85.0,278,113,16:15:01,2012-07-31
438335,135820,-85.0,278,113,16:15:01,2012-07-31
438275,135825,-84.400002,278,113,16:17:03,2012-07-31
438335,135825,-84.75,278,113,16:15:02,2012-07-31
438335,135830,-84.0,278,113,16:15:02,2012-07-31
438280,135835,-85.800003,278,113,16:17:01,2012-07-31
438335,135835,-84.0,278,113,16:15:03,2012-07-31
438335,135840,-84.0,278,113,16:15:03,2012-07-31
438290,135845,-86.0,278,113,16:17:01,2012-07-31
438335,135845,-84.0,278,113,16:15:04,2012-07-31
438295,135850,-86.85714,278,113,16:17:00,2012-07-31
438330,135850,-84.0,278,113,16:15:04,2012-07-31
438305,135860,-86.625,278,113,16:16:59,2012-07-31
438330,135860,-84.0,278,113,16:15:06,2012-07-31
438330,135865,-84.0,278,113,16:15:06,2012-07-31
438315,135870,-86.5,278,113,16:16:57,2012-07-31
438325,135870,-84.666664,278,113,16:15:07,2012-07-31
438320,135875,-85.666664,278,113,16:16:56,2012-07-31
438325,135875,-86.0,278,113,16:15:08,2012-07-31
438325,135880,-86.25,278,113,16:15:09,2012-07-31
438320,135885,-87.0,278,113,16:15:09,2012-07-31
438325,135885,-86.0,278,113,16:15:09,2012-07-31
438320,135895,-87.0,278,113,16:15:10,2012-07-31
438285,135935,-88.0,278,113,16:16:43,2012-07-31
438275,135940,-87.25,278,113,16:16:42,2012-07-31
438280,135940,-88.0,278,113,16:16:42,2012-07-31
438270,135945,-87.0,278,113,16:16:41,2012-07-31
438265,135950,-85.0,278,113,16:16:40,2012-07-31
438250,135955,-83.25,278,113,16:16:39,2012-07-31
438255,135955,-84.0,278,113,16:16:39,2012-07-31
438245,135960,-83.0,278,113,16:16:38,2012-07-31
438240,135965,-82.25,278,113,16:16:37,2012-07-31
438230,135970,-80.0,278,113,16:16:36,2012-07-31
438235,135970,-82.0,278,113,16:16:37,2012-07-31
438215,135980,-78.25,278,113,16:16:35,2012-07-31
438205,135985,-78.0,278,113,16:16:33,2012-07-31
438210,135985,-78.0,278,113,16:16:34,2012-07-31
438220,135985,-80.0,278,113,16:15:24,2012-07-31
438200,135990,-78.0,278,113,16:16:32,2012-07-31
438210,135990,-80.0,278,113,16:15:26,2012-07-31
438190,135995,-75.0,278,113,16:16:32,2012-07-31
438195,135995,-75.75,278,113,16:16:32,2012-07-31
438180,136000,-75.0,278,113,16:16:31,2012-07-31
438185,136000,-75.0,278,113,16:16:31,2012-07-31
438195,136000,-80.0,278,113,16:15:27,2012-07-31
438175,136005,-75.0,278,113,16:16:30,2012-07-31
438180,136005,-75.0,278,113,16:16:30,2012-07-31
438190,136005,-80.0,278,113,16:15:29,2012-07-31
438170,136010,-75.0,278,113,16:16:29,2012-07-31
438175,136010,-75.0,278,113,16:16:29,2012-07-31
438180,136010,-80.0,278,113,16:15:29,2012-07-31
438165,136015,-75.0,278,113,16:16:28,2012-07-31
438160,136020,-75.0,278,113,16:16:28,2012-07-31
438160,136025,-79.599998,278,113,16:15:31,2012-07-31
438145,136030,-75.0,278,113,16:16:27,2012-07-31
438155,136030,-78.0,278,113,16:15:32,2012-07-31
438140,136035,-75.0,278,113,16:16:26,2012-07-31
438145,136035,-76.5,278,113,16:15:33,2012-07-31
438130,136040,-75.0,278,113,16:16:25,2012-07-31
438135,136045,-74.25,278,113,16:15:34,2012-07-31
438115,136050,-75.0,278,113,16:16:23,2012-07-31
438125,136050,-72.0,278,113,16:15:35,2012-07-31
438105,136055,-75.0,278,113,16:16:22,2012-07-31
438100,136060,-74.5,278,113,16:16:21,2012-07-31
438110,136060,-71.0,278,113,16:15:36,2012-07-31
438085,136075,-74.666664,278,113,16:16:20,2012-07-31
438095,136075,-67.5,278,113,16:15:37,2012-07-31
438075,136080,-75.599998,278,113,16:16:19,2012-07-31
438080,136080,-66.75,278,113,16:15:39,2012-07-31
438060,136090,-76.0,278,113,16:16:17,2012-07-31
438070,136090,-66.0,278,113,16:15:39,2012-07-31
438055,136100,-66.0,278,113,16:15:40,2012-07-31
438040,136105,-76.0,278,113,16:16:16,2012-07-31
438030,136110,-76.0,278,113,16:16:14,2012-07-31
438040,136110,-66.0,278,113,16:15:42,2012-07-31
438015,136120,-76.0,278,113,16:16:13,2012-07-31
438020,136125,-66.0,278,113,16:15:43,2012-07-31
438010,136130,-66.0,278,113,16:15:45,2012-07-31
437990,136140,-75.0,278,113,16:16:10,2012-07-31
437995,136140,-66.0,278,113,16:15:46,2012-07-31
437980,136150,-75.0,278,113,16:16:09,2012-07-31
437975,136155,-68.333336,278,113,16:15:47,2012-07-31
437965,136165,-73.0,278,113,16:15:48,2012-07-31
437945,136175,-74.0,278,113,16:16:03,2012-07-31
437935,136180,-71.0,278,113,16:15:59,2012-07-31
437940,136180,-71.428574,278,113,16:16:01,2012-07-31
456410,120070,-63.0,278,113,14:50:52,2012-07-30
456400,120075,-63.0,278,113,14:50:51,2012-07-30
456390,120080,-63.0,278,113,14:50:51,2012-07-30
456395,120080,-63.0,278,113,14:50:51,2012-07-30
456385,120085,-61.5,278,113,14:50:50,2012-07-30
456380,120090,-61.0,278,113,14:50:50,2012-07-30
456370,120095,-61.0,278,113,14:50:50,2012-07-30
456365,120100,-61.0,278,113,14:50:50,2012-07-30
456355,120105,-61.0,278,113,14:50:49,2012-07-30
456345,120115,-60.25,278,113,14:50:49,2012-07-30
456325,120130,-60.0,278,113,14:50:48,2012-07-30
456305,120145,-60.0,278,113,14:50:48,2012-07-30
456285,120160,-60.0,278,113,14:50:47,2012-07-30
456265,120175,-58.0,278,113,14:50:46,2012-07-30
456245,120190,-57.0,278,113,14:50:46,2012-07-30
456220,120210,-54.0,278,113,14:50:45,2012-07-30
456195,120225,-53.0,278,113,14:50:44,2012-07-30
456190,120230,-52.333332,278,113,14:50:43,2012-07-30
456165,120250,-52.0,278,113,14:50:43,2012-07-30
456140,120265,-52.0,278,113,14:50:42,2012-07-30
456130,120270,-52.0,278,113,14:50:42,2012-07-30
456120,120280,-52.0,278,113,14:50:41,2012-07-30
456110,120285,-52.0,278,113,14:50:41,2012-07-30
456115,120285,-52.0,278,113,14:50:41,2012-07-30
456100,120295,-51.333332,278,113,14:50:41,2012-07-30
456065,120320,-49.5,278,113,14:50:39,2012-07-30
456055,120330,-49.0,278,113,14:50:38,2012-07-30
456040,120340,-47.5,278,113,14:50:38,2012-07-30
455965,120395,-45.400002,278,113,14:50:35,2012-07-30
455940,120415,-42.0,278,113,14:50:35,2012-07-30
455910,120435,-39.200001,278,113,14:50:34,2012-07-30
455870,120465,-37.5,278,113,14:50:32,2012-07-30
455815,120505,-40.200001,278,113,14:50:31,2012-07-30
455785,120525,-41.0,278,113,14:50:29,2012-07-30
455760,120545,-41.0,278,113,14:50:28,2012-07-30
455730,120565,-41.0,278,113,14:50:27,2012-07-30
455715,120575,-41.0,278,113,14:50:26,2012-07-30
455660,120615,-41.0,278,113,14:50:24,2012-07-30
455635,120635,-38.0,278,113,14:50:24,2012-07-30
455605,120655,-37.0,278,113,14:50:23,2012-07-30
455580,120675,-36.333332,278,113,14:50:22,2012-07-30
455550,120695,-36.666668,278,113,14:50:21,2012-07-30
455525,120715,-37.666668,278,113,14:50:19,2012-07-30
455465,120755,-38.75,278,113,14:50:18,2012-07-30
455440,120775,-39.75,278,113,14:50:17,2012-07-30
455385,120820,-40.0,278,113,14:50:14,2012-07-30
455355,120840,-49.0,278,113,14:50:14,2012-07-30
455330,120860,-52.0,278,113,14:50:12,2012-07-30
455325,120865,-52.0,278,113,14:50:12,2012-07-30
455310,120870,-52.0,278,113,14:50:11,2012-07-30
455315,120870,-52.0,278,113,14:50:12,2012-07-30
455305,120880,-52.0,278,113,14:50:11,2012-07-30
455295,120885,-52.0,278,113,14:50:11,2012-07-30
455265,120905,-52.0,278,113,14:50:10,2012-07-30
455250,120915,-52.0,278,113,14:50:09,2012-07-30
455210,120945,-52.0,278,113,14:50:08,2012-07-30
438590,133810,-87.0,278,113,16:22:09,2012-07-31
438585,133815,-87.0,278,113,16:22:09,2012-07-31
437865,135290,-84.0,278,113,16:18:10,2012-07-31
437870,135300,-84.0,278,113,16:18:09,2012-07-31
437870,135305,-84.0,278,113,16:18:09,2012-07-31
437870,135315,-84.0,278,113,16:18:08,2012-07-31
437875,135320,-84.0,278,113,16:18:07,2012-07-31
437875,135330,-84.0,278,113,16:18:07,2012-07-31
437880,135340,-84.0,278,113,16:18:05,2012-07-31
437885,135345,-84.0,278,113,16:18:05,2012-07-31
437890,135355,-82.0,278,113,16:18:04,2012-07-31
437895,135360,-81.0,278,113,16:18:03,2012-07-31
437895,135365,-79.666664,278,113,16:18:02,2012-07-31
437905,135365,-79.0,278,113,16:18:01,2012-07-31
437920,135365,-81.75,278,113,16:17:59,2012-07-31
437925,135365,-83.0,278,113,16:17:58,2012-07-31
438050,135490,-86.0,278,113,16:17:38,2012-07-31
438060,135510,-85.333336,278,113,16:17:37,2012-07-31
438075,135530,-83.666664,278,113,16:17:35,2012-07-31
438080,135535,-81.400002,278,113,16:17:34,2012-07-31
438085,135540,-79.666664,278,113,16:17:33,2012-07-31
438085,135550,-79.0,278,113,16:17:32,2012-07-31
438090,135550,-79.0,278,113,16:17:32,2012-07-31
438095,135560,-78.199997,278,113,16:17:31,2012-07-31
438095,135565,-78.0,278,113,16:17:30,2012-07-31
438100,135565,-78.0,278,113,16:17:30,2012-07-31
438100,135570,-78.0,278,113,16:17:30,2012-07-31
438105,135570,-77.25,278,113,16:17:29,2012-07-31
438105,135575,-77.0,278,113,16:17:29,2012-07-31
438110,135580,-77.0,278,113,16:17:29,2012-07-31
438110,135585,-76.333336,278,113,16:17:28,2012-07-31
438120,135595,-75.25,278,113,16:17:27,2012-07-31
438125,135600,-75.0,278,113,16:17:26,2012-07-31
438130,135605,-73.5,278,113,16:17:25,2012-07-31
438135,135610,-73.0,278,113,16:17:25,2012-07-31
438140,135615,-73.0,278,113,16:17:24,2012-07-31
438145,135625,-73.0,278,113,16:17:23,2012-07-31
438150,135630,-73.666664,278,113,16:17:23,2012-07-31
438160,135635,-74.0,278,113,16:17:22,2012-07-31
438165,135640,-75.5,278,113,16:17:21,2012-07-31
438175,135645,-76.0,278,113,16:17:21,2012-07-31
438180,135655,-76.0,278,113,16:17:20,2012-07-31
438195,135665,-78.0,278,113,16:17:18,2012-07-31
438200,135675,-78.0,278,113,16:17:17,2012-07-31
438215,135695,-78.0,278,113,16:17:15,2012-07-31
438220,135705,-78.0,278,113,16:17:14,2012-07-31
438225,135710,-78.0,278,113,16:17:13,2012-07-31
438230,135720,-78.0,278,113,16:17:13,2012-07-31
438235,135730,-79.800003,278,113,16:17:11,2012-07-31
438240,135745,-82.0,278,113,16:17:10,2012-07-31
438245,135750,-84.0,278,113,16:17:10,2012-07-31
438245,135760,-83.5,278,113,16:17:09,2012-07-31
438255,135780,-82.333336,278,113,16:17:07,2012-07-31
438260,135800,-83.333336,278,113,16:17:06,2012-07-31
438265,135810,-82.5,278,113,16:17:04,2012-07-31
438330,135810,-86.714287,278,113,16:15:00,2012-07-31
438270,135815,-82.0,278,113,16:17:03,2012-07-31
438335,135815,-85.0,278,113,16:15:01,2012-07-31
438335,135820,-85.0,278,113,16:15:01,2012-07-31
438275,135825,-84.400002,278,113,16:17:03,2012-07-31
438335,135825,-84.75,278,113,16:15:02,2012-07-31
438335,135830,-84.0,278,113,16:15:02,2012-07-31
438280,135835,-85.800003,278,113,16:17:01,2012-07-31
438335,135835,-84.0,278,113,16:15:03,2012-07-31
438335,135840,-84.0,278,113,16:15:03,2012-07-31
438290,135845,-86.0,278,113,16:17:01,2012-07-31
438335,135845,-84.0,278,113,16:15:04,2012-07-31
438295,135850,-86.85714,278,113,16:17:00,2012-07-31
438330,135850,-84.0,278,113,16:15:04,2012-07-31
438305,135860,-86.625,278,113,16:16:59,2012-07-31
438330,135860,-84.0,278,113,16:15:06,2012-07-31
438330,135865,-84.0,278,113,16:15:06,2012-07-31
438315,135870,-86.5,278,113,16:16:57,2012-07-31
438325,135870,-84.666664,278,113,16:15:07,2012-07-31
438320,135875,-85.666664,278,113,16:16:56,2012-07-31
438325,135875,-86.0,278,113,16:15:08,2012-07-31
438325,135880,-86.25,278,113,16:15:09,2012-07-31
438320,135885,-87.0,278,113,16:15:09,2012-07-31
438325,135885,-86.0,278,113,16:15:09,2012-07-31
438320,135895,-87.0,278,113,16:15:10,2012-07-31
438285,135935,-88.0,278,113,16:16:43,2012-07-31
438275,135940,-87.25,278,113,16:16:42,2012-07-31
438280,135940,-88.0,278,113,16:16:42,2012-07-31
438270,135945,-87.0,278,113,16:16:41,2012-07-31
438265,135950,-85.0,278,113,16:16:40,2012-07-31
438250,135955,-83.25,278,113,16:16:39,2012-07-31
438255,135955,-84.0,278,113,16:16:39,2012-07-31
438245,135960,-83.0,278,113,16:16:38,2012-07-31
438240,135965,-82.25,278,113,16:16:37,2012-07-31
438230,135970,-80.0,278,113,16:16:36,2012-07-31
438235,135970,-82.0,278,113,16:16:37,2012-07-31
438215,135980,-78.25,278,113,16:16:35,2012-07-31
438205,135985,-78.0,278,113,16:16:33,2012-07-31
438210,135985,-78.0,278,113,16:16:34,2012-07-31
438220,135985,-80.0,278,113,16:15:24,2012-07-31
438200,135990,-78.0,278,113,16:16:32,2012-07-31
438210,135990,-80.0,278,113,16:15:26,2012-07-31
438190,135995,-75.0,278,113,16:16:32,2012-07-31
438195,135995,-75.75,278,113,16:16:32,2012-07-31
438180,136000,-75.0,278,113,16:16:31,2012-07-31
438185,136000,-75.0,278,113,16:16:31,2012-07-31
438195,136000,-80.0,278,113,16:15:27,2012-07-31
438175,136005,-75.0,278,113,16:16:30,2012-07-31
438180,136005,-75.0,278,113,16:16:30,2012-07-31
438190,136005,-80.0,278,113,16:15:29,2012-07-31
438170,136010,-75.0,278,113,16:16:29,2012-07-31
438175,136010,-75.0,278,113,16:16:29,2012-07-31
438180,136010,-80.0,278,113,16:15:29,2012-07-31
438165,136015,-75.0,278,113,16:16:28,2012-07-31
438160,136020,-75.0,278,113,16:16:28,2012-07-31
438160,136025,-79.599998,278,113,16:15:31,2012-07-31
438145,136030,-75.0,278,113,16:16:27,2012-07-31
438155,136030,-78.0,278,113,16:15:32,2012-07-31
438140,136035,-75.0,278,113,16:16:26,2012-07-31
438145,136035,-76.5,278,113,16:15:33,2012-07-31
438130,136040,-75.0,278,113,16:16:25,2012-07-31
438135,136045,-74.25,278,113,16:15:34,2012-07-31
438115,136050,-75.0,278,113,16:16:23,2012-07-31
438125,136050,-72.0,278,113,16:15:35,2012-07-31
438105,136055,-75.0,278,113,16:16:22,2012-07-31
438100,136060,-74.5,278,113,16:16:21,2012-07-31
438110,136060,-71.0,278,113,16:15:36,2012-07-31
438085,136075,-74.666664,278,113,16:16:20,2012-07-31
438095,136075,-67.5,278,113,16:15:37,2012-07-31
438075,136080,-75.599998,278,113,16:16:19,2012-07-31
438080,136080,-66.75,278,113,16:15:39,2012-07-31
438060,136090,-76.0,278,113,16:16:17,2012-07-31
438070,136090,-66.0,278,113,16:15:39,2012-07-31
438055,136100,-66.0,278,113,16:15:40,2012-07-31
438040,136105,-76.0,278,113,16:16:16,2012-07-31
438030,136110,-76.0,278,113,16:16:14,2012-07-31
438040,136110,-66.0,278,113,16:15:42,2012-07-31
438015,136120,-76.0,278,113,16:16:13,2012-07-31
438020,136125,-66.0,278,113,16:15:43,2012-07-31
438010,136130,-66.0,278,113,16:15:45,2012-07-31
437990,136140,-75.0,278,113,16:16:10,2012-07-31
437995,136140,-66.0,278,113,16:15:46,2012-07-31
437980,136150,-75.0,278,113,16:16:09,2012-07-31
437975,136155,-68.333336,278,113,16:15:47,2012-07-31
437965,136165,-73.0,278,113,16:15:48,2012-07-31
437945,136175,-74.0,278,113,16:16:03,2012-07-31
437935,136180,-71.0,278,113,16:15:59,2012-07-31
437940,136180,-71.428574,278,113,16:16:01,2012-07-31
