448585,117025,-60.0,1783,109,12:35:14,2012-07-31
448595,117025,-60.0,1783,109,12:35:15,2012-07-31
448600,117025,-60.0,1783,109,12:35:15,2012-07-31
448605,117025,-60.0,1783,109,12:35:16,2012-07-31
448610,117030,-60.0,1783,109,12:35:16,2012-07-31
448620,117030,-60.0,1783,109,12:35:17,2012-07-31
448630,117035,-60.0,1783,109,12:35:18,2012-07-31
448635,117035,-60.0,1783,109,12:35:18,2012-07-31
448640,117035,-60.0,1783,109,12:35:18,2012-07-31
448645,117035,-60.0,1783,109,12:35:19,2012-07-31
448650,117040,-61.363636,1783,109,12:35:19,2012-07-31
448670,117045,-63.0,1783,109,12:35:21,2012-07-31
448680,117045,-62.599998,1783,109,12:35:23,2012-07-31
448690,117050,-61.0,1783,109,12:35:23,2012-07-31
448705,117055,-61.400002,1783,109,12:35:24,2012-07-31
448905,117055,-52.0,1783,109,12:19:59,2012-07-31
448720,117060,-60.857143,1783,109,12:35:25,2012-07-31
448910,117060,-52.0,1783,109,16:12:37,2012-08-01
448895,117065,-52.0,1783,109,12:20:00,2012-07-31
448910,117065,-51.5,1783,109,16:12:37,2012-08-01
448735,117070,-59.0,1783,109,12:35:27,2012-07-31
448895,117070,-52.0,1783,109,12:20:02,2012-07-31
448905,117070,-51.25,1783,109,16:12:38,2012-08-01
448750,117075,-56.400002,1783,109,12:35:27,2012-07-31
448900,117075,-52.0,1783,109,16:12:39,2012-08-01
448905,117075,-52.0,1783,109,16:12:38,2012-08-01
448755,117080,-58.0,1783,109,12:35:29,2012-07-31
448890,117080,-52.0,1783,109,12:20:02,2012-07-31
448900,117080,-52.57143,1783,109,16:12:39,2012-08-01
448750,117085,-63.0,1783,109,15:22:25,2012-08-01
448755,117085,-63.0,1783,109,15:22:25,2012-08-01
448885,117085,-52.0,1783,109,12:20:04,2012-07-31
448895,117085,-53.0,1783,109,16:12:40,2012-08-01
448760,117090,-63.0,1783,109,15:22:26,2012-08-01
448765,117090,-63.0,1783,109,15:22:26,2012-08-01
448770,117090,-58.0,1783,109,12:35:30,2012-07-31
448885,117090,-52.799999,1783,109,12:20:05,2012-07-31
448895,117090,-54.666668,1783,109,16:12:40,2012-08-01
448115,117095,-78.800003,1783,109,12:34:11,2012-07-31
448765,117095,-63.0,1783,109,15:22:27,2012-08-01
448770,117095,-63.0,1783,109,15:22:27,2012-08-01
448880,117095,-54.0,1783,109,12:20:06,2012-07-31
448890,117095,-55.111111,1783,109,16:12:41,2012-08-01
448115,117100,-76.333336,1783,109,12:34:10,2012-07-31
448770,117100,-61.400002,1783,109,12:23:27,2012-07-31
448770,117100,-63.0,1783,109,15:22:27,2012-08-01
448775,117100,-61.0,1783,109,12:23:27,2012-07-31
448780,117100,-56.799999,1783,109,12:35:31,2012-07-31
448885,117100,-56.0,1783,109,16:12:42,2012-08-01
448890,117100,-56.0,1783,109,16:12:41,2012-08-01
448765,117105,-62.599998,1783,109,12:23:29,2012-07-31
448775,117105,-63.0,1783,109,15:22:28,2012-08-01
448780,117105,-61.0,1783,109,12:23:25,2012-07-31
448780,117105,-63.0,1783,109,15:22:28,2012-08-01
448790,117105,-55.0,1783,109,12:35:32,2012-07-31
448880,117105,-53.5,1783,109,12:20:07,2012-07-31
448885,117105,-56.0,1783,109,16:12:42,2012-08-01
448120,117110,-75.0,1783,109,12:34:09,2012-07-31
448760,117110,-61.0,1783,109,12:23:30,2012-07-31
448780,117110,-63.0,1783,109,15:22:29,2012-08-01
448785,117110,-61.0,1783,109,12:23:24,2012-07-31
448785,117110,-62.200001,1783,109,15:22:29,2012-08-01
448790,117110,-62.0,1783,109,15:22:29,2012-08-01
448880,117110,-55.0,1783,109,16:12:43,2012-08-01
448885,117110,-55.75,1783,109,16:12:43,2012-08-01
448790,117115,-58.599998,1783,109,12:23:23,2012-07-31
448790,117115,-62.0,1783,109,15:22:30,2012-08-01
448795,117115,-62.0,1783,109,15:22:30,2012-08-01
448875,117115,-52.0,1783,109,12:20:08,2012-07-31
448880,117115,-55.0,1783,109,16:12:43,2012-08-01
448120,117120,-75.0,1783,109,12:34:08,2012-07-31
448755,117120,-61.0,1783,109,12:23:31,2012-07-31
448795,117120,-62.0,1783,109,15:22:30,2012-08-01
448800,117120,-57.25,1783,109,12:23:22,2012-07-31
448800,117120,-60.799999,1783,109,15:22:31,2012-08-01
448805,117120,-56.0,1783,109,12:35:33,2012-07-31
448870,117120,-51.333332,1783,109,12:20:09,2012-07-31
448875,117120,-54.666668,1783,109,16:12:44,2012-08-01
448880,117120,-55.0,1783,109,16:12:44,2012-08-01
448125,117125,-73.400002,1783,109,12:34:06,2012-07-31
448750,117125,-61.0,1783,109,12:23:32,2012-07-31
448805,117125,-60.0,1783,109,15:22:31,2012-08-01
448865,117125,-49.833332,1783,109,12:20:10,2012-07-31
448875,117125,-54.0,1783,109,16:12:44,2012-08-01
448745,117130,-61.400002,1783,109,12:23:33,2012-07-31
448805,117130,-55.799999,1783,109,12:23:21,2012-07-31
448805,117130,-60.0,1783,109,15:22:31,2012-08-01
448810,117130,-60.777779,1783,109,15:22:32,2012-08-01
448815,117130,-59.25,1783,109,12:35:35,2012-07-31
448865,117130,-49.0,1783,109,12:20:11,2012-07-31
448810,117135,-55.0,1783,109,12:23:20,2012-07-31
448810,117135,-61.0,1783,109,15:22:32,2012-08-01
448815,117135,-61.0,1783,109,15:22:32,2012-08-01
448860,117135,-48.599998,1783,109,12:20:12,2012-07-31
448125,117140,-70.0,1783,109,12:34:06,2012-07-31
448740,117140,-63.599998,1783,109,12:23:34,2012-07-31
448815,117140,-61.0,1783,109,15:22:33,2012-08-01
448820,117140,-57.0,1783,109,12:35:36,2012-07-31
448820,117140,-61.0,1783,109,15:22:33,2012-08-01
448855,117140,-48.0,1783,109,12:20:13,2012-07-31
448125,117145,-69.0,1783,109,12:34:05,2012-07-31
448735,117145,-66.0,1783,109,12:23:35,2012-07-31
448820,117145,-61.0,1783,109,15:22:33,2012-08-01
448850,117145,-48.25,1783,109,12:20:14,2012-07-31
448735,117150,-65.5,1783,109,12:23:36,2012-07-31
448820,117150,-52.75,1783,109,12:23:18,2012-07-31
448820,117150,-61.0,1783,109,15:22:33,2012-08-01
448825,117150,-61.0,1783,109,15:22:34,2012-08-01
448850,117150,-49.666668,1783,109,12:20:15,2012-07-31
448125,117155,-68.199997,1783,109,12:34:03,2012-07-31
448730,117160,-65.0,1783,109,12:23:38,2012-07-31
448825,117160,-51.25,1783,109,12:23:18,2012-07-31
448825,117160,-61.333332,1783,109,15:22:34,2012-08-01
448830,117160,-57.0,1783,109,12:35:37,2012-07-31
448840,117160,-51.799999,1783,109,12:20:17,2012-07-31
448125,117165,-66.5,1783,109,12:34:02,2012-07-31
448725,117165,-66.0,1783,109,12:23:39,2012-07-31
448825,117165,-51.0,1783,109,12:23:17,2012-07-31
448830,117165,-62.0,1783,109,15:22:35,2012-08-01
448835,117165,-55.727272,1783,109,12:20:18,2012-07-31
448125,117170,-66.0,1783,109,12:34:01,2012-07-31
448720,117170,-67.666664,1783,109,12:23:41,2012-07-31
448825,117170,-51.0,1783,109,12:23:17,2012-07-31
448835,117170,-56.333332,1783,109,12:20:20,2012-07-31
448830,117175,-51.0,1783,109,12:23:16,2012-07-31
448830,117175,-62.0,1783,109,15:22:35,2012-08-01
448125,117180,-66.599998,1783,109,12:34:00,2012-07-31
448720,117180,-66.800003,1783,109,12:23:42,2012-07-31
448830,117180,-48.333332,1783,109,12:23:15,2012-07-31
448830,117180,-62.0,1783,109,15:22:36,2012-08-01
448835,117180,-62.0,1783,109,15:22:36,2012-08-01
448120,117185,-67.0,1783,109,12:33:59,2012-07-31
448830,117185,-53.5,1783,109,12:20:22,2012-07-31
448835,117185,-58.0,1783,109,12:35:39,2012-07-31
448835,117185,-62.0,1783,109,15:22:36,2012-08-01
448715,117190,-66.0,1783,109,12:23:42,2012-07-31
448830,117190,-49.5,1783,109,12:23:14,2012-07-31
448120,117195,-67.0,1783,109,12:33:57,2012-07-31
448715,117195,-66.800003,1783,109,12:23:43,2012-07-31
448830,117195,-50.0,1783,109,12:23:14,2012-07-31
448115,117200,-64.5,1783,109,12:33:56,2012-07-31
448710,117200,-68.0,1783,109,12:23:44,2012-07-31
448830,117200,-51.5,1783,109,12:23:13,2012-07-31
448110,117205,-63.0,1783,109,12:33:55,2012-07-31
448710,117205,-68.75,1783,109,12:23:45,2012-07-31
448835,117205,-54.599998,1783,109,12:20:24,2012-07-31
448840,117205,-56.666668,1783,109,12:35:41,2012-07-31
446800,117210,-86.333336,1783,109,12:29:42,2012-07-31
448835,117210,-51.42857,1783,109,12:23:12,2012-07-31
446800,117215,-86.0,1783,109,12:29:41,2012-07-31
448100,117215,-62.400002,1783,109,12:33:54,2012-07-31
448705,117215,-71.25,1783,109,12:23:46,2012-07-31
448830,117215,-54.0,1783,109,12:20:26,2012-07-31
448840,117215,-54.400002,1783,109,12:35:42,2012-07-31
446800,117220,-86.0,1783,109,12:29:39,2012-07-31
448095,117220,-61.142857,1783,109,12:33:53,2012-07-31
448705,117220,-72.0,1783,109,12:23:47,2012-07-31
448830,117220,-54.5,1783,109,12:20:27,2012-07-31
446800,117225,-77.75,1783,109,12:29:38,2012-07-31
448705,117225,-72.0,1783,109,12:23:48,2012-07-31
448825,117225,-56.200001,1783,109,12:20:28,2012-07-31
448835,117225,-47.333332,1783,109,12:23:11,2012-07-31
446795,117230,-75.0,1783,109,12:29:37,2012-07-31
448080,117230,-59.200001,1783,109,12:33:51,2012-07-31
448700,117230,-72.0,1783,109,12:23:48,2012-07-31
448705,117230,-72.0,1783,109,12:23:48,2012-07-31
448820,117230,-57.0,1783,109,12:20:29,2012-07-31
448845,117230,-56.0,1783,109,12:35:43,2012-07-31
446795,117235,-75.0,1783,109,12:29:37,2012-07-31
448070,117235,-59.666668,1783,109,12:33:50,2012-07-31
448700,117235,-72.0,1783,109,12:23:49,2012-07-31
448815,117235,-57.0,1783,109,12:20:30,2012-07-31
446795,117240,-75.0,1783,109,12:29:36,2012-07-31
448065,117240,-62.285713,1783,109,12:33:49,2012-07-31
448700,117240,-72.0,1783,109,12:23:49,2012-07-31
448815,117240,-57.0,1783,109,12:20:31,2012-07-31
446795,117245,-75.0,1783,109,12:29:35,2012-07-31
448700,117245,-72.0,1783,109,12:23:50,2012-07-31
448810,117245,-57.75,1783,109,12:20:31,2012-07-31
446795,117250,-75.0,1783,109,12:29:34,2012-07-31
448695,117250,-71.75,1783,109,12:23:51,2012-07-31
448810,117250,-60.0,1783,109,12:20:32,2012-07-31
448840,117250,-47.0,1783,109,12:23:10,2012-07-31
448845,117250,-56.0,1783,109,12:35:44,2012-07-31
446795,117255,-75.0,1783,109,12:29:32,2012-07-31
447700,117255,-76.666664,1783,109,12:33:08,2012-07-31
447710,117255,-76.400002,1783,109,12:33:09,2012-07-31
447725,117255,-77.333336,1783,109,12:33:10,2012-07-31
447735,117255,-78.0,1783,109,12:33:11,2012-07-31
447750,117255,-78.5,1783,109,12:33:12,2012-07-31
448060,117255,-64.0,1783,109,12:33:47,2012-07-31
448805,117255,-60.333332,1783,109,12:20:33,2012-07-31
447670,117260,-77.800003,1783,109,12:33:06,2012-07-31
447710,117260,-81.333336,1783,109,12:27:36,2012-07-31
447735,117260,-81.571426,1783,109,12:27:35,2012-07-31
447765,117260,-80.5,1783,109,12:33:13,2012-07-31
447775,117260,-82.0,1783,109,12:33:14,2012-07-31
448055,117260,-63.333332,1783,109,12:33:46,2012-07-31
448695,117260,-70.599998,1783,109,12:23:52,2012-07-31
448800,117260,-61.666668,1783,109,12:20:34,2012-07-31
448840,117260,-47.0,1783,109,12:23:09,2012-07-31
448845,117260,-55.599998,1783,109,12:35:45,2012-07-31
447635,117265,-78.75,1783,109,12:33:03,2012-07-31
447650,117265,-78.0,1783,109,12:33:05,2012-07-31
447695,117265,-83.199997,1783,109,12:27:37,2012-07-31
447750,117265,-81.666664,1783,109,12:27:34,2012-07-31
447765,117265,-81.0,1783,109,12:27:33,2012-07-31
447785,117265,-82.0,1783,109,12:33:15,2012-07-31
448840,117265,-48.5,1783,109,12:23:08,2012-07-31
447605,117270,-79.75,1783,109,12:33:01,2012-07-31
447610,117270,-79.0,1783,109,12:33:01,2012-07-31
447620,117270,-79.0,1783,109,12:33:02,2012-07-31
447635,117270,-81.714287,1783,109,12:27:42,2012-07-31
447655,117270,-82.800003,1783,109,12:27:41,2012-07-31
447670,117270,-83.800003,1783,109,12:27:39,2012-07-31
447765,117270,-79.0,1783,109,12:27:32,2012-07-31
447780,117270,-79.0,1783,109,12:27:32,2012-07-31
447800,117270,-81.666664,1783,109,12:33:16,2012-07-31
448055,117270,-63.0,1783,109,12:33:45,2012-07-31
448690,117270,-69.5,1783,109,12:23:53,2012-07-31
447590,117275,-80.0,1783,109,12:32:59,2012-07-31
447595,117275,-80.0,1783,109,12:33:00,2012-07-31
447600,117275,-81.0,1783,109,12:27:44,2012-07-31
447620,117275,-81.0,1783,109,12:27:43,2012-07-31
447785,117275,-80.0,1783,109,12:27:32,2012-07-31
447790,117275,-79.0,1783,109,12:27:31,2012-07-31
447810,117275,-81.0,1783,109,12:33:17,2012-07-31
447820,117275,-81.0,1783,109,12:33:18,2012-07-31
448055,117275,-63.0,1783,109,12:33:44,2012-07-31
448690,117275,-68.0,1783,109,12:23:54,2012-07-31
448795,117275,-63.0,1783,109,12:20:36,2012-07-31
447575,117280,-80.0,1783,109,12:32:58,2012-07-31
447580,117280,-80.0,1783,109,12:32:58,2012-07-31
447585,117280,-81.0,1783,109,12:27:45,2012-07-31
447805,117280,-79.0,1783,109,12:27:30,2012-07-31
447810,117280,-79.0,1783,109,12:27:29,2012-07-31
447835,117280,-80.416664,1783,109,12:33:19,2012-07-31
448055,117280,-63.0,1783,109,12:33:44,2012-07-31
448685,117280,-66.0,1783,109,12:23:55,2012-07-31
448690,117280,-67.199997,1783,109,12:23:55,2012-07-31
448795,117280,-63.166668,1783,109,12:20:36,2012-07-31
448840,117280,-49.0,1783,109,12:23:07,2012-07-31
448845,117280,-55.75,1783,109,12:35:47,2012-07-31
447545,117285,-80.125,1783,109,12:27:48,2012-07-31
447555,117285,-76.0,1783,109,12:32:56,2012-07-31
447560,117285,-78.666664,1783,109,12:32:56,2012-07-31
447830,117285,-78.25,1783,109,12:27:28,2012-07-31
447840,117285,-78.0,1783,109,12:27:27,2012-07-31
447850,117285,-80.599998,1783,109,12:33:20,2012-07-31
447860,117285,-81.0,1783,109,12:33:22,2012-07-31
448685,117285,-66.400002,1783,109,12:23:56,2012-07-31
448845,117285,-50.5,1783,109,12:23:07,2012-07-31
447530,117290,-81.0,1783,109,12:27:49,2012-07-31
447535,117290,-73.758621,1783,109,12:32:51,2012-07-31
447540,117290,-74.199997,1783,109,12:32:53,2012-07-31
447550,117290,-75.333336,1783,109,12:32:55,2012-07-31
447850,117290,-78.0,1783,109,12:27:27,2012-07-31
447870,117290,-81.0,1783,109,12:33:22,2012-07-31
448055,117290,-62.400002,1783,109,12:33:43,2012-07-31
448685,117290,-67.0,1783,109,12:23:57,2012-07-31
447515,117295,-80.5,1783,109,12:27:51,2012-07-31
447535,117295,-75.0,1783,109,12:32:45,2012-07-31
447865,117295,-78.0,1783,109,12:27:26,2012-07-31
448680,117295,-67.75,1783,109,12:23:58,2012-07-31
448790,117295,-64.0,1783,109,12:20:38,2012-07-31
448850,117295,-58.25,1783,109,12:35:47,2012-07-31
447505,117300,-78.800003,1783,109,12:27:52,2012-07-31
447535,117300,-77.0,1783,109,12:32:44,2012-07-31
447875,117300,-77.333336,1783,109,12:27:25,2012-07-31
447880,117300,-77.0,1783,109,12:27:25,2012-07-31
447885,117300,-80.333336,1783,109,12:33:25,2012-07-31
448785,117300,-64.0,1783,109,12:20:39,2012-07-31
447490,117305,-78.0,1783,109,12:27:52,2012-07-31
447535,117305,-78.0,1783,109,12:32:39,2012-07-31
447885,117305,-77.0,1783,109,12:27:24,2012-07-31
447890,117305,-77.0,1783,109,12:27:24,2012-07-31
447895,117305,-79.0,1783,109,12:33:25,2012-07-31
448050,117305,-59.0,1783,109,12:33:42,2012-07-31
448675,117305,-70.75,1783,109,12:23:59,2012-07-31
448785,117305,-63.5,1783,109,12:20:40,2012-07-31
448845,117305,-53.25,1783,109,12:23:05,2012-07-31
448850,117305,-59.099998,1783,109,12:35:48,2012-07-31
447410,117310,-80.0,1783,109,12:28:00,2012-07-31
447425,117310,-80.800003,1783,109,12:27:59,2012-07-31
447435,117310,-81.0,1783,109,12:27:58,2012-07-31
447440,117310,-81.0,1783,109,12:27:57,2012-07-31
447475,117310,-78.400002,1783,109,12:27:54,2012-07-31
447540,117310,-78.0,1783,109,12:32:38,2012-07-31
447895,117310,-76.25,1783,109,12:27:24,2012-07-31
448050,117310,-58.0,1783,109,12:33:41,2012-07-31
448675,117310,-73.0,1783,109,12:24:00,2012-07-31
448785,117310,-62.0,1783,109,12:20:41,2012-07-31
448845,117310,-54.0,1783,109,12:23:05,2012-07-31
447235,117315,-84.5,1783,109,12:28:15,2012-07-31
447245,117315,-84.0,1783,109,12:28:14,2012-07-31
447250,117315,-84.0,1783,109,12:28:13,2012-07-31
447265,117315,-84.0,1783,109,12:28:13,2012-07-31
447270,117315,-84.0,1783,109,12:28:12,2012-07-31
447375,117315,-80.0,1783,109,12:28:03,2012-07-31
447390,117315,-80.0,1783,109,12:28:02,2012-07-31
447450,117315,-78.75,1783,109,12:27:56,2012-07-31
447460,117315,-78.75,1783,109,12:27:55,2012-07-31
447910,117315,-78.599998,1783,109,12:33:26,2012-07-31
448490,117315,-63.599998,1783,109,12:24:28,2012-07-31
448500,117315,-63.0,1783,109,12:24:27,2012-07-31
448510,117315,-63.0,1783,109,12:24:26,2012-07-31
448515,117315,-63.0,1783,109,12:24:25,2012-07-31
448525,117315,-63.799999,1783,109,12:24:24,2012-07-31
448675,117315,-73.0,1783,109,12:24:00,2012-07-31
447220,117320,-86.25,1783,109,12:28:16,2012-07-31
447275,117320,-84.0,1783,109,12:28:11,2012-07-31
447280,117320,-84.0,1783,109,12:28:11,2012-07-31
447285,117320,-84.0,1783,109,12:28:10,2012-07-31
447365,117320,-80.0,1783,109,12:28:04,2012-07-31
447910,117320,-75.333336,1783,109,12:27:22,2012-07-31
447920,117320,-76.800003,1783,109,12:33:28,2012-07-31
448045,117320,-58.0,1783,109,12:33:40,2012-07-31
448480,117320,-67.199997,1783,109,12:24:29,2012-07-31
448535,117320,-64.75,1783,109,12:24:23,2012-07-31
448545,117320,-65.75,1783,109,12:24:22,2012-07-31
448670,117320,-73.0,1783,109,12:24:01,2012-07-31
448780,117320,-62.0,1783,109,12:20:41,2012-07-31
448845,117320,-56.25,1783,109,12:23:04,2012-07-31
448850,117320,-60.0,1783,109,12:35:50,2012-07-31
447200,117325,-86.0,1783,109,12:28:18,2012-07-31
447210,117325,-86.75,1783,109,12:28:17,2012-07-31
447295,117325,-84.0,1783,109,12:28:10,2012-07-31
447300,117325,-83.25,1783,109,12:28:09,2012-07-31
447320,117325,-82.400002,1783,109,12:28:08,2012-07-31
447340,117325,-81.25,1783,109,12:28:06,2012-07-31
447345,117325,-81.0,1783,109,12:28:05,2012-07-31
447355,117325,-80.25,1783,109,12:28:05,2012-07-31
447925,117325,-75.0,1783,109,12:27:21,2012-07-31
447935,117325,-75.0,1783,109,12:33:29,2012-07-31
448040,117325,-58.0,1783,109,12:33:39,2012-07-31
448475,117325,-72.0,1783,109,12:24:30,2012-07-31
448555,117325,-66.0,1783,109,12:24:21,2012-07-31
448565,117325,-66.0,1783,109,12:24:19,2012-07-31
448670,117325,-73.5,1783,109,12:24:02,2012-07-31
448780,117325,-62.0,1783,109,12:20:42,2012-07-31
447185,117330,-86.0,1783,109,12:28:20,2012-07-31
447195,117330,-86.0,1783,109,12:28:19,2012-07-31
447200,117330,-86.0,1783,109,12:28:18,2012-07-31
447930,117330,-75.0,1783,109,12:27:21,2012-07-31
447945,117330,-75.400002,1783,109,12:33:30,2012-07-31
448035,117330,-60.25,1783,109,12:33:39,2012-07-31
448570,117330,-65.111115,1783,109,12:24:18,2012-07-31
448580,117330,-64.400002,1783,109,12:24:17,2012-07-31
448665,117330,-73.333336,1783,109,12:24:03,2012-07-31
448670,117330,-74.0,1783,109,12:24:03,2012-07-31
448775,117330,-62.25,1783,109,12:20:43,2012-07-31
448845,117330,-57.0,1783,109,12:23:03,2012-07-31
447165,117335,-86.0,1783,109,12:28:22,2012-07-31
447945,117335,-74.285713,1783,109,12:27:19,2012-07-31
447955,117335,-75.800003,1783,109,12:33:32,2012-07-31
448025,117335,-63.25,1783,109,12:33:37,2012-07-31
448030,117335,-61.0,1783,109,12:33:38,2012-07-31
448590,117335,-64.0,1783,109,12:24:17,2012-07-31
448665,117335,-72.0,1783,109,12:24:04,2012-07-31
448845,117335,-57.0,1783,109,12:23:03,2012-07-31
447120,117340,-85.0,1783,109,12:28:26,2012-07-31
447130,117340,-85.0,1783,109,12:28:25,2012-07-31
447140,117340,-84.199997,1783,109,12:28:24,2012-07-31
447155,117340,-85.199997,1783,109,12:28:23,2012-07-31
447950,117340,-74.0,1783,109,12:27:19,2012-07-31
447955,117340,-74.0,1783,109,12:27:18,2012-07-31
447960,117340,-74.0,1783,109,12:27:17,2012-07-31
447975,117340,-75.0,1783,109,12:33:32,2012-07-31
447980,117340,-74.25,1783,109,12:33:33,2012-07-31
447995,117340,-71.0,1783,109,12:33:34,2012-07-31
448005,117340,-68.0,1783,109,12:33:35,2012-07-31
448010,117340,-67.0,1783,109,12:33:36,2012-07-31
448455,117340,-71.599998,1783,109,12:24:33,2012-07-31
448595,117340,-66.571426,1783,109,12:24:16,2012-07-31
448660,117340,-71.0,1783,109,12:24:05,2012-07-31
448770,117340,-62.5,1783,109,12:20:44,2012-07-31
448840,117340,-57.0,1783,109,12:23:02,2012-07-31
448845,117340,-61.0,1783,109,12:35:51,2012-07-31
447965,117345,-74.75,1783,109,12:27:17,2012-07-31
448450,117345,-71.0,1783,109,12:24:34,2012-07-31
448605,117345,-68.599998,1783,109,12:24:15,2012-07-31
448660,117345,-67.5,1783,109,12:24:06,2012-07-31
448765,117345,-61.0,1783,109,12:20:45,2012-07-31
447970,117350,-75.0,1783,109,12:27:16,2012-07-31
447975,117350,-75.0,1783,109,12:27:14,2012-07-31
448615,117350,-69.75,1783,109,12:24:13,2012-07-31
448625,117350,-69.5,1783,109,12:24:12,2012-07-31
448840,117350,-57.0,1783,109,12:23:02,2012-07-31
447975,117355,-72.599998,1783,109,12:27:13,2012-07-31
448440,117355,-70.75,1783,109,12:24:36,2012-07-31
448630,117355,-69.0,1783,109,12:24:10,2012-07-31
448645,117355,-67.0,1783,109,12:24:08,2012-07-31
448650,117355,-66.833336,1783,109,12:24:07,2012-07-31
448765,117355,-60.75,1783,109,12:20:46,2012-07-31
448840,117355,-56.25,1783,109,12:23:01,2012-07-31
448845,117355,-63.200001,1783,109,12:35:52,2012-07-31
447975,117360,-71.0,1783,109,12:27:12,2012-07-31
448435,117360,-70.0,1783,109,12:24:36,2012-07-31
448840,117360,-56.0,1783,109,12:23:00,2012-07-31
447980,117365,-70.0,1783,109,12:27:11,2012-07-31
448425,117365,-67.5,1783,109,12:24:37,2012-07-31
448760,117365,-60.0,1783,109,12:20:46,2012-07-31
448845,117365,-64.0,1783,109,12:35:53,2012-07-31
447985,117370,-70.0,1783,109,12:27:10,2012-07-31
448420,117370,-65.0,1783,109,12:24:39,2012-07-31
448760,117370,-61.333332,1783,109,12:20:47,2012-07-31
448840,117370,-55.25,1783,109,12:23:00,2012-07-31
447990,117375,-70.0,1783,109,12:27:09,2012-07-31
448000,117375,-70.0,1783,109,12:27:08,2012-07-31
448410,117375,-65.0,1783,109,12:24:39,2012-07-31
448760,117375,-64.0,1783,109,12:20:48,2012-07-31
448840,117375,-55.0,1783,109,12:22:59,2012-07-31
448845,117375,-64.0,1783,109,12:35:54,2012-07-31
448010,117380,-70.0,1783,109,12:27:07,2012-07-31
448840,117380,-55.0,1783,109,12:22:58,2012-07-31
448405,117385,-65.0,1783,109,12:24:41,2012-07-31
448755,117385,-64.0,1783,109,12:20:49,2012-07-31
448760,117385,-64.0,1783,109,12:20:48,2012-07-31
448840,117385,-64.0,1783,109,12:35:54,2012-07-31
448755,117390,-64.0,1783,109,12:20:49,2012-07-31
448840,117390,-55.75,1783,109,12:22:57,2012-07-31
448395,117395,-65.5,1783,109,12:24:41,2012-07-31
448755,117395,-63.375,1783,109,12:20:50,2012-07-31
448840,117395,-64.0,1783,109,12:35:55,2012-07-31
448795,117400,-56.200001,1783,109,12:22:41,2012-07-31
448800,117400,-56.875,1783,109,12:22:43,2012-07-31
448805,117400,-57.57143,1783,109,12:22:50,2012-07-31
448835,117400,-56.0,1783,109,12:22:56,2012-07-31
448390,117405,-66.25,1783,109,12:24:43,2012-07-31
448755,117405,-63.5,1783,109,12:20:51,2012-07-31
448800,117405,-57.809525,1783,109,12:22:47,2012-07-31
448805,117405,-61.333332,1783,109,12:22:37,2012-07-31
448810,117405,-60.0,1783,109,12:22:51,2012-07-31
448820,117405,-58.375,1783,109,12:22:53,2012-07-31
448825,117405,-58.166668,1783,109,12:22:31,2012-07-31
448830,117405,-56.400002,1783,109,12:22:54,2012-07-31
448835,117405,-56.599998,1783,109,12:22:55,2012-07-31
448835,117410,-53.299999,1783,109,12:22:29,2012-07-31
448840,117410,-63.666668,1783,109,12:35:56,2012-07-31
448380,117415,-67.5,1783,109,12:24:44,2012-07-31
448755,117415,-65.400002,1783,109,12:20:52,2012-07-31
448835,117415,-53.0,1783,109,12:22:28,2012-07-31
448380,117420,-69.0,1783,109,12:24:45,2012-07-31
448835,117420,-54.5,1783,109,12:22:27,2012-07-31
448100,117425,-65.0,1783,109,12:26:57,2012-07-31
448755,117425,-66.25,1783,109,12:20:54,2012-07-31
448110,117430,-65.0,1783,109,12:26:56,2012-07-31
448375,117430,-68.75,1783,109,12:24:46,2012-07-31
448840,117430,-63.333332,1783,109,12:35:58,2012-07-31
448120,117435,-65.0,1783,109,12:26:55,2012-07-31
448375,117435,-68.0,1783,109,12:24:46,2012-07-31
448830,117435,-54.0,1783,109,12:22:25,2012-07-31
448835,117435,-54.5,1783,109,12:22:26,2012-07-31
448130,117440,-64.0,1783,109,12:26:54,2012-07-31
448375,117440,-68.25,1783,109,12:24:47,2012-07-31
448755,117440,-64.0,1783,109,12:20:55,2012-07-31
448375,117445,-69.0,1783,109,12:24:47,2012-07-31
448830,117445,-52.666668,1783,109,12:22:24,2012-07-31
448145,117450,-61.666668,1783,109,12:26:53,2012-07-31
448375,117450,-69.0,1783,109,12:24:48,2012-07-31
448750,117450,-64.199997,1783,109,12:20:56,2012-07-31
448835,117450,-63.75,1783,109,12:35:59,2012-07-31
448370,117455,-69.444443,1783,109,12:24:48,2012-07-31
448830,117455,-52.0,1783,109,12:22:24,2012-07-31
448155,117460,-60.0,1783,109,12:26:51,2012-07-31
448370,117460,-70.0,1783,109,12:24:49,2012-07-31
448830,117460,-49.75,1783,109,12:22:23,2012-07-31
448835,117460,-63.0,1783,109,12:36:00,2012-07-31
448165,117465,-59.0,1783,109,12:26:50,2012-07-31
448370,117465,-70.0,1783,109,12:24:49,2012-07-31
448750,117465,-65.0,1783,109,12:20:58,2012-07-31
448835,117465,-63.0,1783,109,12:36:01,2012-07-31
448370,117470,-70.0,1783,109,12:24:50,2012-07-31
448830,117470,-49.0,1783,109,12:22:22,2012-07-31
448175,117475,-59.0,1783,109,12:26:49,2012-07-31
448750,117475,-65.0,1783,109,12:21:00,2012-07-31
448835,117475,-63.0,1783,109,12:36:01,2012-07-31
448185,117480,-58.666668,1783,109,12:26:48,2012-07-31
448370,117480,-70.0,1783,109,12:24:51,2012-07-31
448750,117480,-65.800003,1783,109,12:21:01,2012-07-31
448830,117480,-49.0,1783,109,12:22:22,2012-07-31
448195,117485,-58.0,1783,109,12:26:47,2012-07-31
448365,117485,-70.0,1783,109,12:24:51,2012-07-31
448835,117485,-62.599998,1783,109,12:36:02,2012-07-31
448200,117490,-58.0,1783,109,12:26:46,2012-07-31
448755,117490,-67.666664,1783,109,12:21:02,2012-07-31
448830,117490,-49.0,1783,109,12:22:21,2012-07-31
448835,117490,-61.0,1783,109,12:36:02,2012-07-31
448205,117495,-57.25,1783,109,12:26:46,2012-07-31
448755,117495,-69.0,1783,109,12:21:03,2012-07-31
448835,117495,-61.0,1783,109,12:36:03,2012-07-31
448365,117500,-70.25,1783,109,12:24:53,2012-07-31
448755,117500,-69.0,1783,109,12:21:04,2012-07-31
448830,117500,-48.25,1783,109,12:22:20,2012-07-31
448210,117505,-56.333332,1783,109,12:26:44,2012-07-31
448365,117505,-71.0,1783,109,12:24:53,2012-07-31
448755,117505,-69.0,1783,109,12:21:05,2012-07-31
448830,117505,-48.0,1783,109,12:22:20,2012-07-31
448835,117505,-60.75,1783,109,12:36:04,2012-07-31
448215,117510,-56.0,1783,109,12:26:44,2012-07-31
448360,117515,-71.5,1783,109,12:24:54,2012-07-31
448760,117515,-69.0,1783,109,12:21:07,2012-07-31
448825,117515,-48.0,1783,109,12:22:19,2012-07-31
448830,117515,-60.0,1783,109,12:36:04,2012-07-31
448215,117520,-56.75,1783,109,12:26:43,2012-07-31
448760,117520,-69.0,1783,109,12:21:07,2012-07-31
448825,117520,-48.0,1783,109,12:22:18,2012-07-31
448830,117520,-59.0,1783,109,12:36:05,2012-07-31
448220,117525,-57.0,1783,109,12:26:42,2012-07-31
448355,117525,-73.333336,1783,109,12:24:56,2012-07-31
448760,117525,-69.0,1783,109,12:21:08,2012-07-31
448825,117525,-48.0,1783,109,12:22:18,2012-07-31
448220,117530,-57.0,1783,109,12:26:41,2012-07-31
448355,117530,-74.0,1783,109,12:24:56,2012-07-31
448760,117530,-69.0,1783,109,12:21:09,2012-07-31
448350,117535,-74.0,1783,109,12:24:57,2012-07-31
448760,117535,-68.75,1783,109,12:21:10,2012-07-31
448825,117535,-50.25,1783,109,12:22:17,2012-07-31
448220,117540,-57.0,1783,109,12:26:41,2012-07-31
448760,117540,-68.0,1783,109,12:21:10,2012-07-31
448830,117540,-56.0,1783,109,12:36:06,2012-07-31
448220,117545,-58.5,1783,109,12:26:40,2012-07-31
448350,117545,-74.0,1783,109,12:24:58,2012-07-31
448760,117545,-68.25,1783,109,12:21:11,2012-07-31
448825,117545,-51.0,1783,109,12:22:17,2012-07-31
448340,117550,-74.0,1783,109,12:24:59,2012-07-31
448345,117550,-74.0,1783,109,12:24:58,2012-07-31
448225,117555,-59.0,1783,109,12:26:39,2012-07-31
448340,117555,-74.0,1783,109,12:24:59,2012-07-31
448825,117555,-51.0,1783,109,12:22:16,2012-07-31
448335,117560,-74.5,1783,109,12:25:00,2012-07-31
448760,117560,-70.0,1783,109,12:21:12,2012-07-31
448830,117560,-55.666668,1783,109,12:36:08,2012-07-31
448225,117565,-60.5,1783,109,12:26:39,2012-07-31
448330,117565,-76.0,1783,109,12:25:00,2012-07-31
448760,117565,-70.5,1783,109,12:21:14,2012-07-31
448330,117570,-76.0,1783,109,12:25:01,2012-07-31
448760,117570,-69.0,1783,109,12:21:14,2012-07-31
448825,117570,-51.0,1783,109,12:22:15,2012-07-31
448830,117570,-55.0,1783,109,12:36:09,2012-07-31
448225,117575,-61.0,1783,109,12:26:38,2012-07-31
448760,117575,-69.0,1783,109,12:21:15,2012-07-31
448225,117580,-61.0,1783,109,12:26:37,2012-07-31
448325,117580,-76.0,1783,109,12:25:03,2012-07-31
448760,117580,-68.5,1783,109,12:21:15,2012-07-31
448830,117580,-51.0,1783,109,12:22:15,2012-07-31
448835,117580,-55.75,1783,109,12:36:09,2012-07-31
448760,117585,-67.0,1783,109,12:21:16,2012-07-31
448835,117585,-58.0,1783,109,12:36:10,2012-07-31
448230,117590,-61.0,1783,109,12:26:37,2012-07-31
448315,117590,-76.0,1783,109,12:25:04,2012-07-31
448760,117590,-67.0,1783,109,12:21:17,2012-07-31
448830,117590,-51.0,1783,109,12:22:14,2012-07-31
448230,117595,-62.5,1783,109,12:26:36,2012-07-31
448760,117595,-67.0,1783,109,12:21:17,2012-07-31
448835,117595,-58.333332,1783,109,12:36:11,2012-07-31
448230,117600,-63.0,1783,109,12:26:35,2012-07-31
448310,117600,-75.800003,1783,109,12:25:05,2012-07-31
448830,117600,-51.75,1783,109,12:22:13,2012-07-31
448835,117600,-59.0,1783,109,12:36:11,2012-07-31
448760,117605,-66.75,1783,109,12:21:18,2012-07-31
448230,117610,-63.0,1783,109,12:26:34,2012-07-31
448300,117610,-74.333336,1783,109,12:25:07,2012-07-31
448765,117610,-66.0,1783,109,12:21:18,2012-07-31
448830,117610,-52.0,1783,109,12:22:12,2012-07-31
448835,117610,-59.25,1783,109,12:36:12,2012-07-31
448230,117615,-63.0,1783,109,12:26:34,2012-07-31
448285,117615,-73.0,1783,109,12:25:09,2012-07-31
448295,117615,-73.0,1783,109,12:25:08,2012-07-31
448765,117615,-66.0,1783,109,12:21:19,2012-07-31
448230,117620,-61.5,1783,109,12:26:33,2012-07-31
448280,117620,-73.0,1783,109,12:25:10,2012-07-31
448765,117620,-66.0,1783,109,12:21:20,2012-07-31
448830,117620,-52.75,1783,109,12:22:12,2012-07-31
448835,117620,-60.0,1783,109,12:36:13,2012-07-31
448765,117625,-66.0,1783,109,12:21:20,2012-07-31
448230,117630,-61.0,1783,109,12:26:32,2012-07-31
448765,117630,-66.0,1783,109,12:21:20,2012-07-31
448835,117630,-60.0,1783,109,12:36:13,2012-07-31
448230,117635,-61.0,1783,109,12:26:31,2012-07-31
448275,117635,-73.0,1783,109,12:25:11,2012-07-31
448765,117635,-66.0,1783,109,12:21:21,2012-07-31
448830,117635,-53.0,1783,109,12:22:11,2012-07-31
448270,117640,-73.0,1783,109,12:25:12,2012-07-31
448765,117640,-66.0,1783,109,12:21:21,2012-07-31
448835,117640,-60.0,1783,109,12:36:14,2012-07-31
448230,117645,-61.0,1783,109,12:26:31,2012-07-31
448765,117645,-66.75,1783,109,12:21:22,2012-07-31
448830,117645,-52.25,1783,109,12:22:10,2012-07-31
448835,117645,-60.333332,1783,109,12:36:15,2012-07-31
448765,117650,-69.0,1783,109,12:21:23,2012-07-31
448230,117655,-60.25,1783,109,12:26:30,2012-07-31
448260,117655,-73.0,1783,109,12:25:13,2012-07-31
448765,117655,-69.0,1783,109,12:21:23,2012-07-31
448255,117660,-72.800003,1783,109,12:25:15,2012-07-31
448765,117660,-69.5,1783,109,12:21:24,2012-07-31
448840,117660,-61.0,1783,109,12:36:16,2012-07-31
448765,117665,-71.0,1783,109,12:21:24,2012-07-31
448840,117665,-61.25,1783,109,12:36:16,2012-07-31
448235,117670,-58.666668,1783,109,12:26:29,2012-07-31
448765,117670,-71.0,1783,109,12:21:25,2012-07-31
448760,117675,-71.0,1783,109,12:21:26,2012-07-31
448835,117675,-52.0,1783,109,12:22:09,2012-07-31
448840,117675,-62.0,1783,109,12:36:17,2012-07-31
448235,117685,-57.333332,1783,109,12:26:27,2012-07-31
448240,117685,-71.5,1783,109,12:25:17,2012-07-31
448760,117685,-70.75,1783,109,12:21:26,2012-07-31
448840,117685,-62.0,1783,109,12:36:18,2012-07-31
448235,117690,-67.777779,1783,109,12:26:27,2012-07-31
448760,117690,-70.0,1783,109,12:21:27,2012-07-31
448840,117690,-52.0,1783,109,12:22:07,2012-07-31
448230,117695,-57.0,1783,109,12:26:26,2012-07-31
448760,117695,-70.0,1783,109,12:21:28,2012-07-31
448845,117695,-62.5,1783,109,12:36:18,2012-07-31
448230,117700,-67.692307,1783,109,12:25:20,2012-07-31
448845,117700,-62.0,1783,109,12:36:19,2012-07-31
448230,117705,-57.0,1783,109,12:26:25,2012-07-31
448760,117705,-70.0,1783,109,12:21:29,2012-07-31
448845,117705,-63.0,1783,109,12:36:20,2012-07-31
448230,117710,-59.5,1783,109,12:26:25,2012-07-31
448760,117710,-70.0,1783,109,12:21:30,2012-07-31
448765,117710,-69.75,1783,109,12:21:31,2012-07-31
448840,117710,-50.0,1783,109,12:22:06,2012-07-31
448230,117715,-56.0,1783,109,12:26:24,2012-07-31
448765,117715,-69.0,1783,109,12:21:31,2012-07-31
448225,117720,-65.599998,1783,109,12:25:21,2012-07-31
448765,117720,-69.5,1783,109,12:21:34,2012-07-31
448845,117720,-48.333332,1783,109,12:22:05,2012-07-31
448225,117725,-55.25,1783,109,12:26:23,2012-07-31
448770,117725,-70.333336,1783,109,12:21:35,2012-07-31
448850,117725,-63.0,1783,109,12:36:21,2012-07-31
448770,117730,-70.199997,1783,109,12:21:36,2012-07-31
448845,117730,-47.400002,1783,109,12:22:03,2012-07-31
448225,117735,-58.714287,1783,109,12:26:22,2012-07-31
448775,117735,-69.400002,1783,109,12:21:38,2012-07-31
448845,117735,-47.0,1783,109,12:22:02,2012-07-31
448225,117740,-55.0,1783,109,12:26:21,2012-07-31
448780,117740,-69.75,1783,109,12:21:39,2012-07-31
448845,117740,-47.75,1783,109,12:22:02,2012-07-31
448850,117740,-63.0,1783,109,12:36:23,2012-07-31
448225,117745,-60.599998,1783,109,12:25:24,2012-07-31
448845,117745,-48.0,1783,109,12:22:00,2012-07-31
448220,117750,-56.5,1783,109,12:26:20,2012-07-31
448785,117750,-68.5,1783,109,12:21:41,2012-07-31
448800,117750,-64.5,1783,109,12:21:43,2012-07-31
448805,117750,-63.0,1783,109,12:21:44,2012-07-31
448815,117750,-62.200001,1783,109,12:21:45,2012-07-31
448825,117750,-60.0,1783,109,12:21:46,2012-07-31
448830,117750,-57.599998,1783,109,12:21:48,2012-07-31
448840,117750,-52.069767,1783,109,12:21:52,2012-07-31
448845,117750,-49.599998,1783,109,12:21:59,2012-07-31
448220,117755,-59.0,1783,109,12:25:24,2012-07-31
448790,117755,-67.0,1783,109,12:21:41,2012-07-31
448795,117755,-66.199997,1783,109,12:21:42,2012-07-31
448215,117760,-57.0,1783,109,12:26:19,2012-07-31
448220,117760,-58.0,1783,109,12:26:19,2012-07-31
448855,117760,-62.25,1783,109,12:36:23,2012-07-31
448215,117765,-59.444443,1783,109,12:26:19,2012-07-31
448215,117770,-62.857143,1783,109,12:25:28,2012-07-31
448860,117770,-58.666668,1783,109,12:36:25,2012-07-31
448215,117775,-63.916668,1783,109,12:26:18,2012-07-31
448215,117780,-64.0,1783,109,12:25:34,2012-07-31
448215,117785,-64.0,1783,109,12:26:17,2012-07-31
448220,117790,-64.300003,1783,109,12:25:36,2012-07-31
448865,117790,-57.75,1783,109,12:36:26,2012-07-31
448225,117795,-65.714287,1783,109,12:25:38,2012-07-31
448230,117800,-66.0,1783,109,12:25:39,2012-07-31
448235,117805,-69.666664,1783,109,12:25:41,2012-07-31
448870,117805,-56.200001,1783,109,12:36:28,2012-07-31
448235,117810,-70.333336,1783,109,12:26:12,2012-07-31
448240,117810,-68.400002,1783,109,12:25:42,2012-07-31
448245,117815,-67.0,1783,109,12:25:44,2012-07-31
448245,117820,-69.5,1783,109,12:26:10,2012-07-31
448870,117820,-54.5,1783,109,12:36:29,2012-07-31
448245,117825,-69.625,1783,109,12:26:09,2012-07-31
448250,117830,-71.0,1783,109,12:25:46,2012-07-31
448250,117835,-70.75,1783,109,12:25:46,2012-07-31
448255,117835,-70.0,1783,109,12:25:47,2012-07-31
448875,117840,-54.0,1783,109,12:36:30,2012-07-31
448255,117845,-71.166664,1783,109,12:25:48,2012-07-31
448255,117850,-72.0,1783,109,12:26:05,2012-07-31
448260,117850,-69.0,1783,109,12:25:48,2012-07-31
448880,117850,-54.400002,1783,109,12:36:31,2012-07-31
448260,117855,-70.230766,1783,109,12:25:48,2012-07-31
448260,117860,-70.888885,1783,109,12:25:51,2012-07-31
448260,117865,-72.727272,1783,109,12:25:59,2012-07-31
448265,117865,-67.480003,1783,109,12:25:52,2012-07-31
448260,117870,-72.333336,1783,109,12:26:00,2012-07-31
448885,117870,-56.200001,1783,109,12:36:32,2012-07-31
448890,117890,-57.200001,1783,109,12:36:34,2012-07-31
448895,117905,-59.5,1783,109,12:36:36,2012-07-31
448900,117920,-61.400002,1783,109,12:36:37,2012-07-31
448905,117940,-63.0,1783,109,12:36:38,2012-07-31
448910,117950,-62.799999,1783,109,12:36:40,2012-07-31
448915,117970,-62.0,1783,109,12:36:41,2012-07-31
448920,117990,-62.0,1783,109,12:36:42,2012-07-31
448920,118000,-61.333332,1783,109,12:36:43,2012-07-31
448925,118010,-60.0,1783,109,12:36:44,2012-07-31
448925,118020,-60.400002,1783,109,12:36:44,2012-07-31
448930,118030,-61.0,1783,109,12:36:45,2012-07-31
448930,118035,-61.0,1783,109,12:36:45,2012-07-31
448930,118040,-60.5,1783,109,12:36:46,2012-07-31
448935,118045,-59.0,1783,109,12:36:47,2012-07-31
448935,118055,-59.333332,1783,109,12:36:47,2012-07-31
448940,118065,-60.0,1783,109,12:36:48,2012-07-31
448940,118070,-60.0,1783,109,12:36:48,2012-07-31
448940,118075,-60.0,1783,109,12:36:49,2012-07-31
448945,118075,-60.0,1783,109,12:36:49,2012-07-31
448945,118080,-60.0,1783,109,12:36:49,2012-07-31
448945,118085,-60.0,1783,109,12:36:50,2012-07-31
448945,118090,-60.0,1783,109,12:36:50,2012-07-31
448950,118095,-60.0,1783,109,12:36:50,2012-07-31
448950,118100,-60.0,1783,109,12:36:51,2012-07-31
448950,118105,-60.0,1783,109,12:36:51,2012-07-31
448955,118110,-59.5,1783,109,12:36:52,2012-07-31
448960,118125,-59.0,1783,109,12:36:53,2012-07-31
448960,118135,-61.0,1783,109,12:36:54,2012-07-31
448965,118145,-61.5,1783,109,12:36:54,2012-07-31
448965,118150,-63.0,1783,109,12:36:55,2012-07-31
448970,118160,-62.333332,1783,109,12:36:56,2012-07-31
448970,118170,-61.0,1783,109,12:36:56,2012-07-31
448975,118175,-61.5,1783,109,12:36:57,2012-07-31
448975,118185,-63.0,1783,109,12:36:58,2012-07-31
448980,118190,-63.0,1783,109,12:36:58,2012-07-31
448980,118195,-63.0,1783,109,12:36:59,2012-07-31
448985,118205,-63.0,1783,109,12:36:59,2012-07-31
448990,118215,-63.0,1783,109,12:37:00,2012-07-31
448990,118220,-63.0,1783,109,12:37:01,2012-07-31
448995,118230,-62.599998,1783,109,12:37:01,2012-07-31
448995,118235,-62.0,1783,109,12:37:02,2012-07-31
449000,118245,-62.0,1783,109,12:37:03,2012-07-31
449005,118260,-61.666668,1783,109,12:37:04,2012-07-31
449015,118280,-61.799999,1783,109,12:37:06,2012-07-31
449015,118290,-63.0,1783,109,12:37:06,2012-07-31
449020,118295,-63.0,1783,109,12:37:07,2012-07-31
449020,118305,-63.0,1783,109,12:37:08,2012-07-31
449025,118315,-63.25,1783,109,12:37:08,2012-07-31
449030,118325,-64.0,1783,109,12:37:09,2012-07-31
449030,118330,-66.0,1783,109,12:37:10,2012-07-31
449035,118335,-64.0,1783,109,12:37:10,2012-07-31
449035,118340,-67.75,1783,109,12:37:11,2012-07-31
449040,118355,-70.0,1783,109,12:37:12,2012-07-31
449045,118365,-70.666664,1783,109,12:37:13,2012-07-31
449050,118380,-72.0,1783,109,12:37:14,2012-07-31
448585,117025,-60.0,1783,109,12:35:14,2012-07-31
448595,117025,-60.0,1783,109,12:35:15,2012-07-31
448600,117025,-60.0,1783,109,12:35:15,2012-07-31
448605,117025,-60.0,1783,109,12:35:16,2012-07-31
448610,117030,-60.0,1783,109,12:35:16,2012-07-31
448620,117030,-60.0,1783,109,12:35:17,2012-07-31
448630,117035,-60.0,1783,109,12:35:18,2012-07-31
448635,117035,-60.0,1783,109,12:35:18,2012-07-31
448640,117035,-60.0,1783,109,12:35:18,2012-07-31
448645,117035,-60.0,1783,109,12:35:19,2012-07-31
448650,117040,-61.363636,1783,109,12:35:19,2012-07-31
448670,117045,-63.0,1783,109,12:35:21,2012-07-31
448680,117045,-62.599998,1783,109,12:35:23,2012-07-31
448690,117050,-61.0,1783,109,12:35:23,2012-07-31
448705,117055,-61.400002,1783,109,12:35:24,2012-07-31
448905,117055,-52.0,1783,109,12:19:59,2012-07-31
448720,117060,-60.857143,1783,109,12:35:25,2012-07-31
448910,117060,-52.0,1783,109,16:12:37,2012-08-01
448895,117065,-52.0,1783,109,12:20:00,2012-07-31
448910,117065,-51.5,1783,109,16:12:37,2012-08-01
448735,117070,-59.0,1783,109,12:35:27,2012-07-31
448895,117070,-52.0,1783,109,12:20:02,2012-07-31
448905,117070,-51.25,1783,109,16:12:38,2012-08-01
448750,117075,-56.400002,1783,109,12:35:27,2012-07-31
448900,117075,-52.0,1783,109,16:12:39,2012-08-01
448905,117075,-52.0,1783,109,16:12:38,2012-08-01
448755,117080,-58.0,1783,109,12:35:29,2012-07-31
448890,117080,-52.0,1783,109,12:20:02,2012-07-31
448900,117080,-52.57143,1783,109,16:12:39,2012-08-01
448750,117085,-63.0,1783,109,15:22:25,2012-08-01
448755,117085,-63.0,1783,109,15:22:25,2012-08-01
448885,117085,-52.0,1783,109,12:20:04,2012-07-31
448895,117085,-53.0,1783,109,16:12:40,2012-08-01
448760,117090,-63.0,1783,109,15:22:26,2012-08-01
448765,117090,-63.0,1783,109,15:22:26,2012-08-01
448770,117090,-58.0,1783,109,12:35:30,2012-07-31
448885,117090,-52.799999,1783,109,12:20:05,2012-07-31
448895,117090,-54.666668,1783,109,16:12:40,2012-08-01
448115,117095,-78.800003,1783,109,12:34:11,2012-07-31
448765,117095,-63.0,1783,109,15:22:27,2012-08-01
448770,117095,-63.0,1783,109,15:22:27,2012-08-01
448880,117095,-54.0,1783,109,12:20:06,2012-07-31
448890,117095,-55.111111,1783,109,16:12:41,2012-08-01
448115,117100,-76.333336,1783,109,12:34:10,2012-07-31
448770,117100,-61.400002,1783,109,12:23:27,2012-07-31
448770,117100,-63.0,1783,109,15:22:27,2012-08-01
448775,117100,-61.0,1783,109,12:23:27,2012-07-31
448780,117100,-56.799999,1783,109,12:35:31,2012-07-31
448885,117100,-56.0,1783,109,16:12:42,2012-08-01
448890,117100,-56.0,1783,109,16:12:41,2012-08-01
448765,117105,-62.599998,1783,109,12:23:29,2012-07-31
448775,117105,-63.0,1783,109,15:22:28,2012-08-01
448780,117105,-61.0,1783,109,12:23:25,2012-07-31
448780,117105,-63.0,1783,109,15:22:28,2012-08-01
448790,117105,-55.0,1783,109,12:35:32,2012-07-31
448880,117105,-53.5,1783,109,12:20:07,2012-07-31
448885,117105,-56.0,1783,109,16:12:42,2012-08-01
448120,117110,-75.0,1783,109,12:34:09,2012-07-31
448760,117110,-61.0,1783,109,12:23:30,2012-07-31
448780,117110,-63.0,1783,109,15:22:29,2012-08-01
448785,117110,-61.0,1783,109,12:23:24,2012-07-31
448785,117110,-62.200001,1783,109,15:22:29,2012-08-01
448790,117110,-62.0,1783,109,15:22:29,2012-08-01
448880,117110,-55.0,1783,109,16:12:43,2012-08-01
448885,117110,-55.75,1783,109,16:12:43,2012-08-01
448790,117115,-58.599998,1783,109,12:23:23,2012-07-31
448790,117115,-62.0,1783,109,15:22:30,2012-08-01
448795,117115,-62.0,1783,109,15:22:30,2012-08-01
448875,117115,-52.0,1783,109,12:20:08,2012-07-31
448880,117115,-55.0,1783,109,16:12:43,2012-08-01
448120,117120,-75.0,1783,109,12:34:08,2012-07-31
448755,117120,-61.0,1783,109,12:23:31,2012-07-31
448795,117120,-62.0,1783,109,15:22:30,2012-08-01
448800,117120,-57.25,1783,109,12:23:22,2012-07-31
448800,117120,-60.799999,1783,109,15:22:31,2012-08-01
448805,117120,-56.0,1783,109,12:35:33,2012-07-31
448870,117120,-51.333332,1783,109,12:20:09,2012-07-31
448875,117120,-54.666668,1783,109,16:12:44,2012-08-01
448880,117120,-55.0,1783,109,16:12:44,2012-08-01
448125,117125,-73.400002,1783,109,12:34:06,2012-07-31
448750,117125,-61.0,1783,109,12:23:32,2012-07-31
448805,117125,-60.0,1783,109,15:22:31,2012-08-01
448865,117125,-49.833332,1783,109,12:20:10,2012-07-31
448875,117125,-54.0,1783,109,16:12:44,2012-08-01
448745,117130,-61.400002,1783,109,12:23:33,2012-07-31
448805,117130,-55.799999,1783,109,12:23:21,2012-07-31
448805,117130,-60.0,1783,109,15:22:31,2012-08-01
448810,117130,-60.777779,1783,109,15:22:32,2012-08-01
448815,117130,-59.25,1783,109,12:35:35,2012-07-31
448865,117130,-49.0,1783,109,12:20:11,2012-07-31
448810,117135,-55.0,1783,109,12:23:20,2012-07-31
448810,117135,-61.0,1783,109,15:22:32,2012-08-01
448815,117135,-61.0,1783,109,15:22:32,2012-08-01
448860,117135,-48.599998,1783,109,12:20:12,2012-07-31
448125,117140,-70.0,1783,109,12:34:06,2012-07-31
448740,117140,-63.599998,1783,109,12:23:34,2012-07-31
448815,117140,-61.0,1783,109,15:22:33,2012-08-01
448820,117140,-57.0,1783,109,12:35:36,2012-07-31
448820,117140,-61.0,1783,109,15:22:33,2012-08-01
448855,117140,-48.0,1783,109,12:20:13,2012-07-31
448125,117145,-69.0,1783,109,12:34:05,2012-07-31
448735,117145,-66.0,1783,109,12:23:35,2012-07-31
448820,117145,-61.0,1783,109,15:22:33,2012-08-01
448850,117145,-48.25,1783,109,12:20:14,2012-07-31
448735,117150,-65.5,1783,109,12:23:36,2012-07-31
448820,117150,-52.75,1783,109,12:23:18,2012-07-31
448820,117150,-61.0,1783,109,15:22:33,2012-08-01
448825,117150,-61.0,1783,109,15:22:34,2012-08-01
448850,117150,-49.666668,1783,109,12:20:15,2012-07-31
448125,117155,-68.199997,1783,109,12:34:03,2012-07-31
448730,117160,-65.0,1783,109,12:23:38,2012-07-31
448825,117160,-51.25,1783,109,12:23:18,2012-07-31
448825,117160,-61.333332,1783,109,15:22:34,2012-08-01
448830,117160,-57.0,1783,109,12:35:37,2012-07-31
448840,117160,-51.799999,1783,109,12:20:17,2012-07-31
448125,117165,-66.5,1783,109,12:34:02,2012-07-31
448725,117165,-66.0,1783,109,12:23:39,2012-07-31
448825,117165,-51.0,1783,109,12:23:17,2012-07-31
448830,117165,-62.0,1783,109,15:22:35,2012-08-01
448835,117165,-55.727272,1783,109,12:20:18,2012-07-31
448125,117170,-66.0,1783,109,12:34:01,2012-07-31
448720,117170,-67.666664,1783,109,12:23:41,2012-07-31
448825,117170,-51.0,1783,109,12:23:17,2012-07-31
448835,117170,-56.333332,1783,109,12:20:20,2012-07-31
448830,117175,-51.0,1783,109,12:23:16,2012-07-31
448830,117175,-62.0,1783,109,15:22:35,2012-08-01
448125,117180,-66.599998,1783,109,12:34:00,2012-07-31
448720,117180,-66.800003,1783,109,12:23:42,2012-07-31
448830,117180,-48.333332,1783,109,12:23:15,2012-07-31
448830,117180,-62.0,1783,109,15:22:36,2012-08-01
448835,117180,-62.0,1783,109,15:22:36,2012-08-01
448120,117185,-67.0,1783,109,12:33:59,2012-07-31
448830,117185,-53.5,1783,109,12:20:22,2012-07-31
448835,117185,-58.0,1783,109,12:35:39,2012-07-31
448835,117185,-62.0,1783,109,15:22:36,2012-08-01
448715,117190,-66.0,1783,109,12:23:42,2012-07-31
448830,117190,-49.5,1783,109,12:23:14,2012-07-31
448120,117195,-67.0,1783,109,12:33:57,2012-07-31
448715,117195,-66.800003,1783,109,12:23:43,2012-07-31
448830,117195,-50.0,1783,109,12:23:14,2012-07-31
448115,117200,-64.5,1783,109,12:33:56,2012-07-31
448710,117200,-68.0,1783,109,12:23:44,2012-07-31
448830,117200,-51.5,1783,109,12:23:13,2012-07-31
448110,117205,-63.0,1783,109,12:33:55,2012-07-31
448710,117205,-68.75,1783,109,12:23:45,2012-07-31
448835,117205,-54.599998,1783,109,12:20:24,2012-07-31
448840,117205,-56.666668,1783,109,12:35:41,2012-07-31
446800,117210,-86.333336,1783,109,12:29:42,2012-07-31
448835,117210,-51.42857,1783,109,12:23:12,2012-07-31
446800,117215,-86.0,1783,109,12:29:41,2012-07-31
448100,117215,-62.400002,1783,109,12:33:54,2012-07-31
448705,117215,-71.25,1783,109,12:23:46,2012-07-31
448830,117215,-54.0,1783,109,12:20:26,2012-07-31
448840,117215,-54.400002,1783,109,12:35:42,2012-07-31
446800,117220,-86.0,1783,109,12:29:39,2012-07-31
448095,117220,-61.142857,1783,109,12:33:53,2012-07-31
448705,117220,-72.0,1783,109,12:23:47,2012-07-31
448830,117220,-54.5,1783,109,12:20:27,2012-07-31
446800,117225,-77.75,1783,109,12:29:38,2012-07-31
448705,117225,-72.0,1783,109,12:23:48,2012-07-31
448825,117225,-56.200001,1783,109,12:20:28,2012-07-31
448835,117225,-47.333332,1783,109,12:23:11,2012-07-31
446795,117230,-75.0,1783,109,12:29:37,2012-07-31
448080,117230,-59.200001,1783,109,12:33:51,2012-07-31
448700,117230,-72.0,1783,109,12:23:48,2012-07-31
448705,117230,-72.0,1783,109,12:23:48,2012-07-31
448820,117230,-57.0,1783,109,12:20:29,2012-07-31
448845,117230,-56.0,1783,109,12:35:43,2012-07-31
446795,117235,-75.0,1783,109,12:29:37,2012-07-31
448070,117235,-59.666668,1783,109,12:33:50,2012-07-31
448700,117235,-72.0,1783,109,12:23:49,2012-07-31
448815,117235,-57.0,1783,109,12:20:30,2012-07-31
446795,117240,-75.0,1783,109,12:29:36,2012-07-31
448065,117240,-62.285713,1783,109,12:33:49,2012-07-31
448700,117240,-72.0,1783,109,12:23:49,2012-07-31
448815,117240,-57.0,1783,109,12:20:31,2012-07-31
446795,117245,-75.0,1783,109,12:29:35,2012-07-31
448700,117245,-72.0,1783,109,12:23:50,2012-07-31
448810,117245,-57.75,1783,109,12:20:31,2012-07-31
446795,117250,-75.0,1783,109,12:29:34,2012-07-31
448695,117250,-71.75,1783,109,12:23:51,2012-07-31
448810,117250,-60.0,1783,109,12:20:32,2012-07-31
448840,117250,-47.0,1783,109,12:23:10,2012-07-31
448845,117250,-56.0,1783,109,12:35:44,2012-07-31
446795,117255,-75.0,1783,109,12:29:32,2012-07-31
447700,117255,-76.666664,1783,109,12:33:08,2012-07-31
447710,117255,-76.400002,1783,109,12:33:09,2012-07-31
447725,117255,-77.333336,1783,109,12:33:10,2012-07-31
447735,117255,-78.0,1783,109,12:33:11,2012-07-31
447750,117255,-78.5,1783,109,12:33:12,2012-07-31
448060,117255,-64.0,1783,109,12:33:47,2012-07-31
448805,117255,-60.333332,1783,109,12:20:33,2012-07-31
447670,117260,-77.800003,1783,109,12:33:06,2012-07-31
447710,117260,-81.333336,1783,109,12:27:36,2012-07-31
447735,117260,-81.571426,1783,109,12:27:35,2012-07-31
447765,117260,-80.5,1783,109,12:33:13,2012-07-31
447775,117260,-82.0,1783,109,12:33:14,2012-07-31
448055,117260,-63.333332,1783,109,12:33:46,2012-07-31
448695,117260,-70.599998,1783,109,12:23:52,2012-07-31
448800,117260,-61.666668,1783,109,12:20:34,2012-07-31
448840,117260,-47.0,1783,109,12:23:09,2012-07-31
448845,117260,-55.599998,1783,109,12:35:45,2012-07-31
447635,117265,-78.75,1783,109,12:33:03,2012-07-31
447650,117265,-78.0,1783,109,12:33:05,2012-07-31
447695,117265,-83.199997,1783,109,12:27:37,2012-07-31
447750,117265,-81.666664,1783,109,12:27:34,2012-07-31
447765,117265,-81.0,1783,109,12:27:33,2012-07-31
447785,117265,-82.0,1783,109,12:33:15,2012-07-31
448840,117265,-48.5,1783,109,12:23:08,2012-07-31
447605,117270,-79.75,1783,109,12:33:01,2012-07-31
447610,117270,-79.0,1783,109,12:33:01,2012-07-31
447620,117270,-79.0,1783,109,12:33:02,2012-07-31
447635,117270,-81.714287,1783,109,12:27:42,2012-07-31
447655,117270,-82.800003,1783,109,12:27:41,2012-07-31
447670,117270,-83.800003,1783,109,12:27:39,2012-07-31
447765,117270,-79.0,1783,109,12:27:32,2012-07-31
447780,117270,-79.0,1783,109,12:27:32,2012-07-31
447800,117270,-81.666664,1783,109,12:33:16,2012-07-31
448055,117270,-63.0,1783,109,12:33:45,2012-07-31
448690,117270,-69.5,1783,109,12:23:53,2012-07-31
447590,117275,-80.0,1783,109,12:32:59,2012-07-31
447595,117275,-80.0,1783,109,12:33:00,2012-07-31
447600,117275,-81.0,1783,109,12:27:44,2012-07-31
447620,117275,-81.0,1783,109,12:27:43,2012-07-31
447785,117275,-80.0,1783,109,12:27:32,2012-07-31
447790,117275,-79.0,1783,109,12:27:31,2012-07-31
447810,117275,-81.0,1783,109,12:33:17,2012-07-31
447820,117275,-81.0,1783,109,12:33:18,2012-07-31
448055,117275,-63.0,1783,109,12:33:44,2012-07-31
448690,117275,-68.0,1783,109,12:23:54,2012-07-31
448795,117275,-63.0,1783,109,12:20:36,2012-07-31
447575,117280,-80.0,1783,109,12:32:58,2012-07-31
447580,117280,-80.0,1783,109,12:32:58,2012-07-31
447585,117280,-81.0,1783,109,12:27:45,2012-07-31
447805,117280,-79.0,1783,109,12:27:30,2012-07-31
447810,117280,-79.0,1783,109,12:27:29,2012-07-31
447835,117280,-80.416664,1783,109,12:33:19,2012-07-31
448055,117280,-63.0,1783,109,12:33:44,2012-07-31
448685,117280,-66.0,1783,109,12:23:55,2012-07-31
448690,117280,-67.199997,1783,109,12:23:55,2012-07-31
448795,117280,-63.166668,1783,109,12:20:36,2012-07-31
448840,117280,-49.0,1783,109,12:23:07,2012-07-31
448845,117280,-55.75,1783,109,12:35:47,2012-07-31
447545,117285,-80.125,1783,109,12:27:48,2012-07-31
447555,117285,-76.0,1783,109,12:32:56,2012-07-31
447560,117285,-78.666664,1783,109,12:32:56,2012-07-31
447830,117285,-78.25,1783,109,12:27:28,2012-07-31
447840,117285,-78.0,1783,109,12:27:27,2012-07-31
447850,117285,-80.599998,1783,109,12:33:20,2012-07-31
447860,117285,-81.0,1783,109,12:33:22,2012-07-31
448685,117285,-66.400002,1783,109,12:23:56,2012-07-31
448845,117285,-50.5,1783,109,12:23:07,2012-07-31
447530,117290,-81.0,1783,109,12:27:49,2012-07-31
447535,117290,-73.758621,1783,109,12:32:51,2012-07-31
447540,117290,-74.199997,1783,109,12:32:53,2012-07-31
447550,117290,-75.333336,1783,109,12:32:55,2012-07-31
447850,117290,-78.0,1783,109,12:27:27,2012-07-31
447870,117290,-81.0,1783,109,12:33:22,2012-07-31
448055,117290,-62.400002,1783,109,12:33:43,2012-07-31
448685,117290,-67.0,1783,109,12:23:57,2012-07-31
447515,117295,-80.5,1783,109,12:27:51,2012-07-31
447535,117295,-75.0,1783,109,12:32:45,2012-07-31
447865,117295,-78.0,1783,109,12:27:26,2012-07-31
448680,117295,-67.75,1783,109,12:23:58,2012-07-31
448790,117295,-64.0,1783,109,12:20:38,2012-07-31
448850,117295,-58.25,1783,109,12:35:47,2012-07-31
447505,117300,-78.800003,1783,109,12:27:52,2012-07-31
447535,117300,-77.0,1783,109,12:32:44,2012-07-31
447875,117300,-77.333336,1783,109,12:27:25,2012-07-31
447880,117300,-77.0,1783,109,12:27:25,2012-07-31
447885,117300,-80.333336,1783,109,12:33:25,2012-07-31
448785,117300,-64.0,1783,109,12:20:39,2012-07-31
447490,117305,-78.0,1783,109,12:27:52,2012-07-31
447535,117305,-78.0,1783,109,12:32:39,2012-07-31
447885,117305,-77.0,1783,109,12:27:24,2012-07-31
447890,117305,-77.0,1783,109,12:27:24,2012-07-31
447895,117305,-79.0,1783,109,12:33:25,2012-07-31
448050,117305,-59.0,1783,109,12:33:42,2012-07-31
448675,117305,-70.75,1783,109,12:23:59,2012-07-31
448785,117305,-63.5,1783,109,12:20:40,2012-07-31
448845,117305,-53.25,1783,109,12:23:05,2012-07-31
448850,117305,-59.099998,1783,109,12:35:48,2012-07-31
447410,117310,-80.0,1783,109,12:28:00,2012-07-31
447425,117310,-80.800003,1783,109,12:27:59,2012-07-31
447435,117310,-81.0,1783,109,12:27:58,2012-07-31
447440,117310,-81.0,1783,109,12:27:57,2012-07-31
447475,117310,-78.400002,1783,109,12:27:54,2012-07-31
447540,117310,-78.0,1783,109,12:32:38,2012-07-31
447895,117310,-76.25,1783,109,12:27:24,2012-07-31
448050,117310,-58.0,1783,109,12:33:41,2012-07-31
448675,117310,-73.0,1783,109,12:24:00,2012-07-31
448785,117310,-62.0,1783,109,12:20:41,2012-07-31
448845,117310,-54.0,1783,109,12:23:05,2012-07-31
447235,117315,-84.5,1783,109,12:28:15,2012-07-31
447245,117315,-84.0,1783,109,12:28:14,2012-07-31
447250,117315,-84.0,1783,109,12:28:13,2012-07-31
447265,117315,-84.0,1783,109,12:28:13,2012-07-31
447270,117315,-84.0,1783,109,12:28:12,2012-07-31
447375,117315,-80.0,1783,109,12:28:03,2012-07-31
447390,117315,-80.0,1783,109,12:28:02,2012-07-31
447450,117315,-78.75,1783,109,12:27:56,2012-07-31
447460,117315,-78.75,1783,109,12:27:55,2012-07-31
447910,117315,-78.599998,1783,109,12:33:26,2012-07-31
448490,117315,-63.599998,1783,109,12:24:28,2012-07-31
448500,117315,-63.0,1783,109,12:24:27,2012-07-31
448510,117315,-63.0,1783,109,12:24:26,2012-07-31
448515,117315,-63.0,1783,109,12:24:25,2012-07-31
448525,117315,-63.799999,1783,109,12:24:24,2012-07-31
448675,117315,-73.0,1783,109,12:24:00,2012-07-31
447220,117320,-86.25,1783,109,12:28:16,2012-07-31
447275,117320,-84.0,1783,109,12:28:11,2012-07-31
447280,117320,-84.0,1783,109,12:28:11,2012-07-31
447285,117320,-84.0,1783,109,12:28:10,2012-07-31
447365,117320,-80.0,1783,109,12:28:04,2012-07-31
447910,117320,-75.333336,1783,109,12:27:22,2012-07-31
447920,117320,-76.800003,1783,109,12:33:28,2012-07-31
448045,117320,-58.0,1783,109,12:33:40,2012-07-31
448480,117320,-67.199997,1783,109,12:24:29,2012-07-31
448535,117320,-64.75,1783,109,12:24:23,2012-07-31
448545,117320,-65.75,1783,109,12:24:22,2012-07-31
448670,117320,-73.0,1783,109,12:24:01,2012-07-31
448780,117320,-62.0,1783,109,12:20:41,2012-07-31
448845,117320,-56.25,1783,109,12:23:04,2012-07-31
448850,117320,-60.0,1783,109,12:35:50,2012-07-31
447200,117325,-86.0,1783,109,12:28:18,2012-07-31
447210,117325,-86.75,1783,109,12:28:17,2012-07-31
447295,117325,-84.0,1783,109,12:28:10,2012-07-31
447300,117325,-83.25,1783,109,12:28:09,2012-07-31
447320,117325,-82.400002,1783,109,12:28:08,2012-07-31
447340,117325,-81.25,1783,109,12:28:06,2012-07-31
447345,117325,-81.0,1783,109,12:28:05,2012-07-31
447355,117325,-80.25,1783,109,12:28:05,2012-07-31
447925,117325,-75.0,1783,109,12:27:21,2012-07-31
447935,117325,-75.0,1783,109,12:33:29,2012-07-31
448040,117325,-58.0,1783,109,12:33:39,2012-07-31
448475,117325,-72.0,1783,109,12:24:30,2012-07-31
448555,117325,-66.0,1783,109,12:24:21,2012-07-31
448565,117325,-66.0,1783,109,12:24:19,2012-07-31
448670,117325,-73.5,1783,109,12:24:02,2012-07-31
448780,117325,-62.0,1783,109,12:20:42,2012-07-31
447185,117330,-86.0,1783,109,12:28:20,2012-07-31
447195,117330,-86.0,1783,109,12:28:19,2012-07-31
447200,117330,-86.0,1783,109,12:28:18,2012-07-31
447930,117330,-75.0,1783,109,12:27:21,2012-07-31
447945,117330,-75.400002,1783,109,12:33:30,2012-07-31
448035,117330,-60.25,1783,109,12:33:39,2012-07-31
448570,117330,-65.111115,1783,109,12:24:18,2012-07-31
448580,117330,-64.400002,1783,109,12:24:17,2012-07-31
448665,117330,-73.333336,1783,109,12:24:03,2012-07-31
448670,117330,-74.0,1783,109,12:24:03,2012-07-31
448775,117330,-62.25,1783,109,12:20:43,2012-07-31
448845,117330,-57.0,1783,109,12:23:03,2012-07-31
447165,117335,-86.0,1783,109,12:28:22,2012-07-31
447945,117335,-74.285713,1783,109,12:27:19,2012-07-31
447955,117335,-75.800003,1783,109,12:33:32,2012-07-31
448025,117335,-63.25,1783,109,12:33:37,2012-07-31
448030,117335,-61.0,1783,109,12:33:38,2012-07-31
448590,117335,-64.0,1783,109,12:24:17,2012-07-31
448665,117335,-72.0,1783,109,12:24:04,2012-07-31
448845,117335,-57.0,1783,109,12:23:03,2012-07-31
447120,117340,-85.0,1783,109,12:28:26,2012-07-31
447130,117340,-85.0,1783,109,12:28:25,2012-07-31
447140,117340,-84.199997,1783,109,12:28:24,2012-07-31
447155,117340,-85.199997,1783,109,12:28:23,2012-07-31
447950,117340,-74.0,1783,109,12:27:19,2012-07-31
447955,117340,-74.0,1783,109,12:27:18,2012-07-31
447960,117340,-74.0,1783,109,12:27:17,2012-07-31
447975,117340,-75.0,1783,109,12:33:32,2012-07-31
447980,117340,-74.25,1783,109,12:33:33,2012-07-31
447995,117340,-71.0,1783,109,12:33:34,2012-07-31
448005,117340,-68.0,1783,109,12:33:35,2012-07-31
448010,117340,-67.0,1783,109,12:33:36,2012-07-31
448455,117340,-71.599998,1783,109,12:24:33,2012-07-31
448595,117340,-66.571426,1783,109,12:24:16,2012-07-31
448660,117340,-71.0,1783,109,12:24:05,2012-07-31
448770,117340,-62.5,1783,109,12:20:44,2012-07-31
448840,117340,-57.0,1783,109,12:23:02,2012-07-31
448845,117340,-61.0,1783,109,12:35:51,2012-07-31
447965,117345,-74.75,1783,109,12:27:17,2012-07-31
448450,117345,-71.0,1783,109,12:24:34,2012-07-31
448605,117345,-68.599998,1783,109,12:24:15,2012-07-31
448660,117345,-67.5,1783,109,12:24:06,2012-07-31
448765,117345,-61.0,1783,109,12:20:45,2012-07-31
447970,117350,-75.0,1783,109,12:27:16,2012-07-31
447975,117350,-75.0,1783,109,12:27:14,2012-07-31
448615,117350,-69.75,1783,109,12:24:13,2012-07-31
448625,117350,-69.5,1783,109,12:24:12,2012-07-31
448840,117350,-57.0,1783,109,12:23:02,2012-07-31
447975,117355,-72.599998,1783,109,12:27:13,2012-07-31
448440,117355,-70.75,1783,109,12:24:36,2012-07-31
448630,117355,-69.0,1783,109,12:24:10,2012-07-31
448645,117355,-67.0,1783,109,12:24:08,2012-07-31
448650,117355,-66.833336,1783,109,12:24:07,2012-07-31
448765,117355,-60.75,1783,109,12:20:46,2012-07-31
448840,117355,-56.25,1783,109,12:23:01,2012-07-31
448845,117355,-63.200001,1783,109,12:35:52,2012-07-31
447975,117360,-71.0,1783,109,12:27:12,2012-07-31
448435,117360,-70.0,1783,109,12:24:36,2012-07-31
448840,117360,-56.0,1783,109,12:23:00,2012-07-31
447980,117365,-70.0,1783,109,12:27:11,2012-07-31
448425,117365,-67.5,1783,109,12:24:37,2012-07-31
448760,117365,-60.0,1783,109,12:20:46,2012-07-31
448845,117365,-64.0,1783,109,12:35:53,2012-07-31
447985,117370,-70.0,1783,109,12:27:10,2012-07-31
448420,117370,-65.0,1783,109,12:24:39,2012-07-31
448760,117370,-61.333332,1783,109,12:20:47,2012-07-31
448840,117370,-55.25,1783,109,12:23:00,2012-07-31
447990,117375,-70.0,1783,109,12:27:09,2012-07-31
448000,117375,-70.0,1783,109,12:27:08,2012-07-31
448410,117375,-65.0,1783,109,12:24:39,2012-07-31
448760,117375,-64.0,1783,109,12:20:48,2012-07-31
448840,117375,-55.0,1783,109,12:22:59,2012-07-31
448845,117375,-64.0,1783,109,12:35:54,2012-07-31
448010,117380,-70.0,1783,109,12:27:07,2012-07-31
448840,117380,-55.0,1783,109,12:22:58,2012-07-31
448405,117385,-65.0,1783,109,12:24:41,2012-07-31
448755,117385,-64.0,1783,109,12:20:49,2012-07-31
448760,117385,-64.0,1783,109,12:20:48,2012-07-31
448840,117385,-64.0,1783,109,12:35:54,2012-07-31
448755,117390,-64.0,1783,109,12:20:49,2012-07-31
448840,117390,-55.75,1783,109,12:22:57,2012-07-31
448395,117395,-65.5,1783,109,12:24:41,2012-07-31
448755,117395,-63.375,1783,109,12:20:50,2012-07-31
448840,117395,-64.0,1783,109,12:35:55,2012-07-31
448795,117400,-56.200001,1783,109,12:22:41,2012-07-31
448800,117400,-56.875,1783,109,12:22:43,2012-07-31
448805,117400,-57.57143,1783,109,12:22:50,2012-07-31
448835,117400,-56.0,1783,109,12:22:56,2012-07-31
448390,117405,-66.25,1783,109,12:24:43,2012-07-31
448755,117405,-63.5,1783,109,12:20:51,2012-07-31
448800,117405,-57.809525,1783,109,12:22:47,2012-07-31
448805,117405,-61.333332,1783,109,12:22:37,2012-07-31
448810,117405,-60.0,1783,109,12:22:51,2012-07-31
448820,117405,-58.375,1783,109,12:22:53,2012-07-31
448825,117405,-58.166668,1783,109,12:22:31,2012-07-31
448830,117405,-56.400002,1783,109,12:22:54,2012-07-31
448835,117405,-56.599998,1783,109,12:22:55,2012-07-31
448835,117410,-53.299999,1783,109,12:22:29,2012-07-31
448840,117410,-63.666668,1783,109,12:35:56,2012-07-31
448380,117415,-67.5,1783,109,12:24:44,2012-07-31
448755,117415,-65.400002,1783,109,12:20:52,2012-07-31
448835,117415,-53.0,1783,109,12:22:28,2012-07-31
448380,117420,-69.0,1783,109,12:24:45,2012-07-31
448835,117420,-54.5,1783,109,12:22:27,2012-07-31
448100,117425,-65.0,1783,109,12:26:57,2012-07-31
448755,117425,-66.25,1783,109,12:20:54,2012-07-31
448110,117430,-65.0,1783,109,12:26:56,2012-07-31
448375,117430,-68.75,1783,109,12:24:46,2012-07-31
448840,117430,-63.333332,1783,109,12:35:58,2012-07-31
448120,117435,-65.0,1783,109,12:26:55,2012-07-31
448375,117435,-68.0,1783,109,12:24:46,2012-07-31
448830,117435,-54.0,1783,109,12:22:25,2012-07-31
448835,117435,-54.5,1783,109,12:22:26,2012-07-31
448130,117440,-64.0,1783,109,12:26:54,2012-07-31
448375,117440,-68.25,1783,109,12:24:47,2012-07-31
448755,117440,-64.0,1783,109,12:20:55,2012-07-31
448375,117445,-69.0,1783,109,12:24:47,2012-07-31
448830,117445,-52.666668,1783,109,12:22:24,2012-07-31
448145,117450,-61.666668,1783,109,12:26:53,2012-07-31
448375,117450,-69.0,1783,109,12:24:48,2012-07-31
448750,117450,-64.199997,1783,109,12:20:56,2012-07-31
448835,117450,-63.75,1783,109,12:35:59,2012-07-31
448370,117455,-69.444443,1783,109,12:24:48,2012-07-31
448830,117455,-52.0,1783,109,12:22:24,2012-07-31
448155,117460,-60.0,1783,109,12:26:51,2012-07-31
448370,117460,-70.0,1783,109,12:24:49,2012-07-31
448830,117460,-49.75,1783,109,12:22:23,2012-07-31
448835,117460,-63.0,1783,109,12:36:00,2012-07-31
448165,117465,-59.0,1783,109,12:26:50,2012-07-31
448370,117465,-70.0,1783,109,12:24:49,2012-07-31
448750,117465,-65.0,1783,109,12:20:58,2012-07-31
448835,117465,-63.0,1783,109,12:36:01,2012-07-31
448370,117470,-70.0,1783,109,12:24:50,2012-07-31
448830,117470,-49.0,1783,109,12:22:22,2012-07-31
448175,117475,-59.0,1783,109,12:26:49,2012-07-31
448750,117475,-65.0,1783,109,12:21:00,2012-07-31
448835,117475,-63.0,1783,109,12:36:01,2012-07-31
448185,117480,-58.666668,1783,109,12:26:48,2012-07-31
448370,117480,-70.0,1783,109,12:24:51,2012-07-31
448750,117480,-65.800003,1783,109,12:21:01,2012-07-31
448830,117480,-49.0,1783,109,12:22:22,2012-07-31
448195,117485,-58.0,1783,109,12:26:47,2012-07-31
448365,117485,-70.0,1783,109,12:24:51,2012-07-31
448835,117485,-62.599998,1783,109,12:36:02,2012-07-31
448200,117490,-58.0,1783,109,12:26:46,2012-07-31
448755,117490,-67.666664,1783,109,12:21:02,2012-07-31
448830,117490,-49.0,1783,109,12:22:21,2012-07-31
448835,117490,-61.0,1783,109,12:36:02,2012-07-31
448205,117495,-57.25,1783,109,12:26:46,2012-07-31
448755,117495,-69.0,1783,109,12:21:03,2012-07-31
448835,117495,-61.0,1783,109,12:36:03,2012-07-31
448365,117500,-70.25,1783,109,12:24:53,2012-07-31
448755,117500,-69.0,1783,109,12:21:04,2012-07-31
448830,117500,-48.25,1783,109,12:22:20,2012-07-31
448210,117505,-56.333332,1783,109,12:26:44,2012-07-31
448365,117505,-71.0,1783,109,12:24:53,2012-07-31
448755,117505,-69.0,1783,109,12:21:05,2012-07-31
448830,117505,-48.0,1783,109,12:22:20,2012-07-31
448835,117505,-60.75,1783,109,12:36:04,2012-07-31
448215,117510,-56.0,1783,109,12:26:44,2012-07-31
448360,117515,-71.5,1783,109,12:24:54,2012-07-31
448760,117515,-69.0,1783,109,12:21:07,2012-07-31
448825,117515,-48.0,1783,109,12:22:19,2012-07-31
448830,117515,-60.0,1783,109,12:36:04,2012-07-31
448215,117520,-56.75,1783,109,12:26:43,2012-07-31
448760,117520,-69.0,1783,109,12:21:07,2012-07-31
448825,117520,-48.0,1783,109,12:22:18,2012-07-31
448830,117520,-59.0,1783,109,12:36:05,2012-07-31
448220,117525,-57.0,1783,109,12:26:42,2012-07-31
448355,117525,-73.333336,1783,109,12:24:56,2012-07-31
448760,117525,-69.0,1783,109,12:21:08,2012-07-31
448825,117525,-48.0,1783,109,12:22:18,2012-07-31
448220,117530,-57.0,1783,109,12:26:41,2012-07-31
448355,117530,-74.0,1783,109,12:24:56,2012-07-31
448760,117530,-69.0,1783,109,12:21:09,2012-07-31
448350,117535,-74.0,1783,109,12:24:57,2012-07-31
448760,117535,-68.75,1783,109,12:21:10,2012-07-31
448825,117535,-50.25,1783,109,12:22:17,2012-07-31
448220,117540,-57.0,1783,109,12:26:41,2012-07-31
448760,117540,-68.0,1783,109,12:21:10,2012-07-31
448830,117540,-56.0,1783,109,12:36:06,2012-07-31
448220,117545,-58.5,1783,109,12:26:40,2012-07-31
448350,117545,-74.0,1783,109,12:24:58,2012-07-31
448760,117545,-68.25,1783,109,12:21:11,2012-07-31
448825,117545,-51.0,1783,109,12:22:17,2012-07-31
448340,117550,-74.0,1783,109,12:24:59,2012-07-31
448345,117550,-74.0,1783,109,12:24:58,2012-07-31
448225,117555,-59.0,1783,109,12:26:39,2012-07-31
448340,117555,-74.0,1783,109,12:24:59,2012-07-31
448825,117555,-51.0,1783,109,12:22:16,2012-07-31
448335,117560,-74.5,1783,109,12:25:00,2012-07-31
448760,117560,-70.0,1783,109,12:21:12,2012-07-31
448830,117560,-55.666668,1783,109,12:36:08,2012-07-31
448225,117565,-60.5,1783,109,12:26:39,2012-07-31
448330,117565,-76.0,1783,109,12:25:00,2012-07-31
448760,117565,-70.5,1783,109,12:21:14,2012-07-31
448330,117570,-76.0,1783,109,12:25:01,2012-07-31
448760,117570,-69.0,1783,109,12:21:14,2012-07-31
448825,117570,-51.0,1783,109,12:22:15,2012-07-31
448830,117570,-55.0,1783,109,12:36:09,2012-07-31
448225,117575,-61.0,1783,109,12:26:38,2012-07-31
448760,117575,-69.0,1783,109,12:21:15,2012-07-31
448225,117580,-61.0,1783,109,12:26:37,2012-07-31
448325,117580,-76.0,1783,109,12:25:03,2012-07-31
448760,117580,-68.5,1783,109,12:21:15,2012-07-31
448830,117580,-51.0,1783,109,12:22:15,2012-07-31
448835,117580,-55.75,1783,109,12:36:09,2012-07-31
448760,117585,-67.0,1783,109,12:21:16,2012-07-31
448835,117585,-58.0,1783,109,12:36:10,2012-07-31
448230,117590,-61.0,1783,109,12:26:37,2012-07-31
448315,117590,-76.0,1783,109,12:25:04,2012-07-31
448760,117590,-67.0,1783,109,12:21:17,2012-07-31
448830,117590,-51.0,1783,109,12:22:14,2012-07-31
448230,117595,-62.5,1783,109,12:26:36,2012-07-31
448760,117595,-67.0,1783,109,12:21:17,2012-07-31
448835,117595,-58.333332,1783,109,12:36:11,2012-07-31
448230,117600,-63.0,1783,109,12:26:35,2012-07-31
448310,117600,-75.800003,1783,109,12:25:05,2012-07-31
448830,117600,-51.75,1783,109,12:22:13,2012-07-31
448835,117600,-59.0,1783,109,12:36:11,2012-07-31
448760,117605,-66.75,1783,109,12:21:18,2012-07-31
448230,117610,-63.0,1783,109,12:26:34,2012-07-31
448300,117610,-74.333336,1783,109,12:25:07,2012-07-31
448765,117610,-66.0,1783,109,12:21:18,2012-07-31
448830,117610,-52.0,1783,109,12:22:12,2012-07-31
448835,117610,-59.25,1783,109,12:36:12,2012-07-31
448230,117615,-63.0,1783,109,12:26:34,2012-07-31
448285,117615,-73.0,1783,109,12:25:09,2012-07-31
448295,117615,-73.0,1783,109,12:25:08,2012-07-31
448765,117615,-66.0,1783,109,12:21:19,2012-07-31
448230,117620,-61.5,1783,109,12:26:33,2012-07-31
448280,117620,-73.0,1783,109,12:25:10,2012-07-31
448765,117620,-66.0,1783,109,12:21:20,2012-07-31
448830,117620,-52.75,1783,109,12:22:12,2012-07-31
448835,117620,-60.0,1783,109,12:36:13,2012-07-31
448765,117625,-66.0,1783,109,12:21:20,2012-07-31
448230,117630,-61.0,1783,109,12:26:32,2012-07-31
448765,117630,-66.0,1783,109,12:21:20,2012-07-31
448835,117630,-60.0,1783,109,12:36:13,2012-07-31
448230,117635,-61.0,1783,109,12:26:31,2012-07-31
448275,117635,-73.0,1783,109,12:25:11,2012-07-31
448765,117635,-66.0,1783,109,12:21:21,2012-07-31
448830,117635,-53.0,1783,109,12:22:11,2012-07-31
448270,117640,-73.0,1783,109,12:25:12,2012-07-31
448765,117640,-66.0,1783,109,12:21:21,2012-07-31
448835,117640,-60.0,1783,109,12:36:14,2012-07-31
448230,117645,-61.0,1783,109,12:26:31,2012-07-31
448765,117645,-66.75,1783,109,12:21:22,2012-07-31
448830,117645,-52.25,1783,109,12:22:10,2012-07-31
448835,117645,-60.333332,1783,109,12:36:15,2012-07-31
448765,117650,-69.0,1783,109,12:21:23,2012-07-31
448230,117655,-60.25,1783,109,12:26:30,2012-07-31
448260,117655,-73.0,1783,109,12:25:13,2012-07-31
448765,117655,-69.0,1783,109,12:21:23,2012-07-31
448255,117660,-72.800003,1783,109,12:25:15,2012-07-31
448765,117660,-69.5,1783,109,12:21:24,2012-07-31
448840,117660,-61.0,1783,109,12:36:16,2012-07-31
448765,117665,-71.0,1783,109,12:21:24,2012-07-31
448840,117665,-61.25,1783,109,12:36:16,2012-07-31
448235,117670,-58.666668,1783,109,12:26:29,2012-07-31
448765,117670,-71.0,1783,109,12:21:25,2012-07-31
448760,117675,-71.0,1783,109,12:21:26,2012-07-31
448835,117675,-52.0,1783,109,12:22:09,2012-07-31
448840,117675,-62.0,1783,109,12:36:17,2012-07-31
448235,117685,-57.333332,1783,109,12:26:27,2012-07-31
448240,117685,-71.5,1783,109,12:25:17,2012-07-31
448760,117685,-70.75,1783,109,12:21:26,2012-07-31
448840,117685,-62.0,1783,109,12:36:18,2012-07-31
448235,117690,-67.777779,1783,109,12:26:27,2012-07-31
448760,117690,-70.0,1783,109,12:21:27,2012-07-31
448840,117690,-52.0,1783,109,12:22:07,2012-07-31
448230,117695,-57.0,1783,109,12:26:26,2012-07-31
448760,117695,-70.0,1783,109,12:21:28,2012-07-31
448845,117695,-62.5,1783,109,12:36:18,2012-07-31
448230,117700,-67.692307,1783,109,12:25:20,2012-07-31
448845,117700,-62.0,1783,109,12:36:19,2012-07-31
448230,117705,-57.0,1783,109,12:26:25,2012-07-31
448760,117705,-70.0,1783,109,12:21:29,2012-07-31
448845,117705,-63.0,1783,109,12:36:20,2012-07-31
448230,117710,-59.5,1783,109,12:26:25,2012-07-31
448760,117710,-70.0,1783,109,12:21:30,2012-07-31
448765,117710,-69.75,1783,109,12:21:31,2012-07-31
448840,117710,-50.0,1783,109,12:22:06,2012-07-31
448230,117715,-56.0,1783,109,12:26:24,2012-07-31
448765,117715,-69.0,1783,109,12:21:31,2012-07-31
448225,117720,-65.599998,1783,109,12:25:21,2012-07-31
448765,117720,-69.5,1783,109,12:21:34,2012-07-31
448845,117720,-48.333332,1783,109,12:22:05,2012-07-31
448225,117725,-55.25,1783,109,12:26:23,2012-07-31
448770,117725,-70.333336,1783,109,12:21:35,2012-07-31
448850,117725,-63.0,1783,109,12:36:21,2012-07-31
448770,117730,-70.199997,1783,109,12:21:36,2012-07-31
448845,117730,-47.400002,1783,109,12:22:03,2012-07-31
448225,117735,-58.714287,1783,109,12:26:22,2012-07-31
448775,117735,-69.400002,1783,109,12:21:38,2012-07-31
448845,117735,-47.0,1783,109,12:22:02,2012-07-31
448225,117740,-55.0,1783,109,12:26:21,2012-07-31
448780,117740,-69.75,1783,109,12:21:39,2012-07-31
448845,117740,-47.75,1783,109,12:22:02,2012-07-31
448850,117740,-63.0,1783,109,12:36:23,2012-07-31
448225,117745,-60.599998,1783,109,12:25:24,2012-07-31
448845,117745,-48.0,1783,109,12:22:00,2012-07-31
448220,117750,-56.5,1783,109,12:26:20,2012-07-31
448785,117750,-68.5,1783,109,12:21:41,2012-07-31
448800,117750,-64.5,1783,109,12:21:43,2012-07-31
448805,117750,-63.0,1783,109,12:21:44,2012-07-31
448815,117750,-62.200001,1783,109,12:21:45,2012-07-31
448825,117750,-60.0,1783,109,12:21:46,2012-07-31
448830,117750,-57.599998,1783,109,12:21:48,2012-07-31
448840,117750,-52.069767,1783,109,12:21:52,2012-07-31
448845,117750,-49.599998,1783,109,12:21:59,2012-07-31
448220,117755,-59.0,1783,109,12:25:24,2012-07-31
448790,117755,-67.0,1783,109,12:21:41,2012-07-31
448795,117755,-66.199997,1783,109,12:21:42,2012-07-31
448215,117760,-57.0,1783,109,12:26:19,2012-07-31
448220,117760,-58.0,1783,109,12:26:19,2012-07-31
448855,117760,-62.25,1783,109,12:36:23,2012-07-31
448215,117765,-59.444443,1783,109,12:26:19,2012-07-31
448215,117770,-62.857143,1783,109,12:25:28,2012-07-31
448860,117770,-58.666668,1783,109,12:36:25,2012-07-31
448215,117775,-63.916668,1783,109,12:26:18,2012-07-31
448215,117780,-64.0,1783,109,12:25:34,2012-07-31
448215,117785,-64.0,1783,109,12:26:17,2012-07-31
448220,117790,-64.300003,1783,109,12:25:36,2012-07-31
448865,117790,-57.75,1783,109,12:36:26,2012-07-31
448225,117795,-65.714287,1783,109,12:25:38,2012-07-31
448230,117800,-66.0,1783,109,12:25:39,2012-07-31
448235,117805,-69.666664,1783,109,12:25:41,2012-07-31
448870,117805,-56.200001,1783,109,12:36:28,2012-07-31
448235,117810,-70.333336,1783,109,12:26:12,2012-07-31
448240,117810,-68.400002,1783,109,12:25:42,2012-07-31
448245,117815,-67.0,1783,109,12:25:44,2012-07-31
448245,117820,-69.5,1783,109,12:26:10,2012-07-31
448870,117820,-54.5,1783,109,12:36:29,2012-07-31
448245,117825,-69.625,1783,109,12:26:09,2012-07-31
448250,117830,-71.0,1783,109,12:25:46,2012-07-31
448250,117835,-70.75,1783,109,12:25:46,2012-07-31
448255,117835,-70.0,1783,109,12:25:47,2012-07-31
448875,117840,-54.0,1783,109,12:36:30,2012-07-31
448255,117845,-71.166664,1783,109,12:25:48,2012-07-31
448255,117850,-72.0,1783,109,12:26:05,2012-07-31
448260,117850,-69.0,1783,109,12:25:48,2012-07-31
448880,117850,-54.400002,1783,109,12:36:31,2012-07-31
448260,117855,-70.230766,1783,109,12:25:48,2012-07-31
448260,117860,-70.888885,1783,109,12:25:51,2012-07-31
448260,117865,-72.727272,1783,109,12:25:59,2012-07-31
448265,117865,-67.480003,1783,109,12:25:52,2012-07-31
448260,117870,-72.333336,1783,109,12:26:00,2012-07-31
448885,117870,-56.200001,1783,109,12:36:32,2012-07-31
448890,117890,-57.200001,1783,109,12:36:34,2012-07-31
448895,117905,-59.5,1783,109,12:36:36,2012-07-31
448900,117920,-61.400002,1783,109,12:36:37,2012-07-31
448905,117940,-63.0,1783,109,12:36:38,2012-07-31
448910,117950,-62.799999,1783,109,12:36:40,2012-07-31
448915,117970,-62.0,1783,109,12:36:41,2012-07-31
448920,117990,-62.0,1783,109,12:36:42,2012-07-31
448920,118000,-61.333332,1783,109,12:36:43,2012-07-31
448925,118010,-60.0,1783,109,12:36:44,2012-07-31
448925,118020,-60.400002,1783,109,12:36:44,2012-07-31
448930,118030,-61.0,1783,109,12:36:45,2012-07-31
448930,118035,-61.0,1783,109,12:36:45,2012-07-31
448930,118040,-60.5,1783,109,12:36:46,2012-07-31
448935,118045,-59.0,1783,109,12:36:47,2012-07-31
448935,118055,-59.333332,1783,109,12:36:47,2012-07-31
448940,118065,-60.0,1783,109,12:36:48,2012-07-31
448940,118070,-60.0,1783,109,12:36:48,2012-07-31
448940,118075,-60.0,1783,109,12:36:49,2012-07-31
448945,118075,-60.0,1783,109,12:36:49,2012-07-31
448945,118080,-60.0,1783,109,12:36:49,2012-07-31
448945,118085,-60.0,1783,109,12:36:50,2012-07-31
448945,118090,-60.0,1783,109,12:36:50,2012-07-31
448950,118095,-60.0,1783,109,12:36:50,2012-07-31
448950,118100,-60.0,1783,109,12:36:51,2012-07-31
448950,118105,-60.0,1783,109,12:36:51,2012-07-31
448955,118110,-59.5,1783,109,12:36:52,2012-07-31
448960,118125,-59.0,1783,109,12:36:53,2012-07-31
448960,118135,-61.0,1783,109,12:36:54,2012-07-31
448965,118145,-61.5,1783,109,12:36:54,2012-07-31
448965,118150,-63.0,1783,109,12:36:55,2012-07-31
448970,118160,-62.333332,1783,109,12:36:56,2012-07-31
448970,118170,-61.0,1783,109,12:36:56,2012-07-31
448975,118175,-61.5,1783,109,12:36:57,2012-07-31
448975,118185,-63.0,1783,109,12:36:58,2012-07-31
448980,118190,-63.0,1783,109,12:36:58,2012-07-31
448980,118195,-63.0,1783,109,12:36:59,2012-07-31
448985,118205,-63.0,1783,109,12:36:59,2012-07-31
448990,118215,-63.0,1783,109,12:37:00,2012-07-31
448990,118220,-63.0,1783,109,12:37:01,2012-07-31
448995,118230,-62.599998,1783,109,12:37:01,2012-07-31
448995,118235,-62.0,1783,109,12:37:02,2012-07-31
449000,118245,-62.0,1783,109,12:37:03,2012-07-31
449005,118260,-61.666668,1783,109,12:37:04,2012-07-31
449015,118280,-61.799999,1783,109,12:37:06,2012-07-31
449015,118290,-63.0,1783,109,12:37:06,2012-07-31
449020,118295,-63.0,1783,109,12:37:07,2012-07-31
449020,118305,-63.0,1783,109,12:37:08,2012-07-31
449025,118315,-63.25,1783,109,12:37:08,2012-07-31
449030,118325,-64.0,1783,109,12:37:09,2012-07-31
449030,118330,-66.0,1783,109,12:37:10,2012-07-31
449035,118335,-64.0,1783,109,12:37:10,2012-07-31
449035,118340,-67.75,1783,109,12:37:11,2012-07-31
449040,118355,-70.0,1783,109,12:37:12,2012-07-31
449045,118365,-70.666664,1783,109,12:37:13,2012-07-31
449050,118380,-72.0,1783,109,12:37:14,2012-07-31
