439155,113360,-86.400002,531,110,12:19:17,2012-07-26
439150,113365,-88.5,531,110,12:19:16,2012-07-26
439135,113375,-90.0,531,110,12:19:15,2012-07-26
438840,113610,-93.0,531,110,12:18:37,2012-07-26
438850,113610,-93.0,531,110,12:18:38,2012-07-26
438825,113620,-89.0,531,110,12:18:36,2012-07-26
438830,113620,-90.333336,531,110,12:18:37,2012-07-26
438820,113625,-89.0,531,110,12:18:35,2012-07-26
438810,113630,-89.0,531,110,12:18:35,2012-07-26
438805,113640,-89.0,531,110,12:18:34,2012-07-26
438760,113650,-86.25,531,110,11:42:53,2012-07-26
438765,113650,-86.0,531,110,11:42:52,2012-07-26
438770,113650,-90.5,531,110,11:42:51,2012-07-26
438775,113650,-92.0,531,110,11:42:51,2012-07-26
438780,113650,-92.0,531,110,11:42:50,2012-07-26
438750,113655,-87.25,531,110,11:42:54,2012-07-26
438665,113660,-85.25,531,110,11:43:03,2012-07-26
438670,113660,-86.0,531,110,11:43:02,2012-07-26
438735,113660,-87.5,531,110,11:42:56,2012-07-26
438740,113660,-88.0,531,110,11:42:55,2012-07-26
438650,113665,-83.25,531,110,11:43:04,2012-07-26
438675,113665,-88.0,531,110,11:43:01,2012-07-26
438690,113665,-89.75,531,110,11:43:00,2012-07-26
438705,113665,-87.75,531,110,11:42:58,2012-07-26
438720,113665,-86.25,531,110,11:42:57,2012-07-26
438730,113665,-86.0,531,110,11:42:56,2012-07-26
438640,113675,-84.0,531,110,11:43:05,2012-07-26
438630,113680,-84.0,531,110,11:43:06,2012-07-26
438625,113685,-85.0,531,110,11:43:07,2012-07-26
438615,113690,-88.25,531,110,11:43:08,2012-07-26
438620,113690,-87.0,531,110,11:43:08,2012-07-26
438605,113695,-92.0,531,110,11:43:09,2012-07-26
438595,113700,-95.0,531,110,11:43:10,2012-07-26
438600,113700,-95.0,531,110,11:43:10,2012-07-26
438605,113700,-93.5,531,110,11:43:10,2012-07-26
438615,114140,-99.0,531,110,12:17:37,2012-07-26
438620,114145,-99.0,531,110,12:05:34,2012-07-26
438620,114155,-99.0,531,110,12:17:31,2012-07-26
438615,114175,-93.571426,531,110,12:05:01,2012-07-26
438620,114175,-91.333336,531,110,12:05:01,2012-07-26
438615,114180,-95.199997,531,110,12:03:56,2012-07-26
438620,114180,-89.435898,531,110,12:04:55,2012-07-26
438625,114180,-88.900002,531,110,12:04:51,2012-07-26
438610,114185,-98.0,531,110,12:03:53,2012-07-26
438615,114185,-92.111115,531,110,12:04:04,2012-07-26
438620,114185,-92.199997,531,110,12:04:33,2012-07-26
438610,114190,-98.0,531,110,12:03:52,2012-07-26
438615,114190,-92.5,531,110,12:04:05,2012-07-26
438625,114190,-93.199997,531,110,12:04:28,2012-07-26
438675,114190,-95.0,531,110,12:17:20,2012-07-26
438610,114195,-93.5,531,110,11:41:28,2012-07-26
438620,114195,-90.25,531,110,12:04:06,2012-07-26
438625,114195,-94.0,531,110,12:04:28,2012-07-26
438620,114200,-91.666664,531,110,12:04:06,2012-07-26
438625,114200,-94.0,531,110,12:04:27,2012-07-26
438600,114205,-92.0,531,110,12:03:49,2012-07-26
438605,114205,-93.0,531,110,11:41:26,2012-07-26
438625,114205,-93.0,531,110,12:04:09,2012-07-26
438625,114210,-96.0,531,110,12:04:25,2012-07-26
438600,114215,-93.0,531,110,11:41:26,2012-07-26
438630,114215,-95.199997,531,110,12:04:23,2012-07-26
438635,114215,-95.0,531,110,12:04:14,2012-07-26
438685,114215,-92.0,531,110,12:05:44,2012-07-26
438600,114220,-92.199997,531,110,11:41:24,2012-07-26
438630,114220,-90.480003,531,110,12:04:23,2012-07-26
438635,114220,-93.222221,531,110,12:04:15,2012-07-26
438690,114220,-92.666664,531,110,12:05:45,2012-07-26
438595,114230,-92.75,531,110,11:41:24,2012-07-26
438600,114240,-93.0,531,110,11:41:23,2012-07-26
437950,114245,-80.0,531,110,11:54:41,2012-07-26
437955,114250,-76.0,531,110,11:54:44,2012-07-26
437960,114250,-74.5,531,110,11:54:45,2012-07-26
438600,114250,-92.199997,531,110,11:41:22,2012-07-26
437960,114255,-75.25,531,110,11:54:47,2012-07-26
438605,114255,-91.25,531,110,11:41:21,2012-07-26
438700,114255,-94.666664,531,110,12:05:48,2012-07-26
437960,114260,-76.666664,531,110,11:54:48,2012-07-26
438605,114265,-91.0,531,110,11:41:20,2012-07-26
438610,114270,-91.0,531,110,11:41:20,2012-07-26
437955,114275,-78.0,531,110,11:54:50,2012-07-26
438610,114275,-92.5,531,110,11:41:19,2012-07-26
437950,114280,-78.400002,531,110,11:54:50,2012-07-26
437945,114285,-80.0,531,110,11:54:52,2012-07-26
437940,114290,-80.400002,531,110,11:54:53,2012-07-26
438615,114290,-93.75,531,110,11:41:18,2012-07-26
437925,114300,-82.0,531,110,11:54:55,2012-07-26
437930,114300,-81.25,531,110,11:54:54,2012-07-26
438620,114300,-94.0,531,110,11:41:17,2012-07-26
437925,114305,-82.0,531,110,11:54:55,2012-07-26
438620,114305,-93.25,531,110,11:41:17,2012-07-26
437920,114310,-82.0,531,110,11:54:56,2012-07-26
437915,114315,-81.75,531,110,11:54:57,2012-07-26
437905,114325,-81.0,531,110,11:54:58,2012-07-26
438625,114325,-93.0,531,110,11:41:15,2012-07-26
437900,114330,-81.0,531,110,11:54:59,2012-07-26
438625,114330,-93.0,531,110,11:41:14,2012-07-26
437890,114335,-81.25,531,110,11:55:00,2012-07-26
438625,114335,-93.0,531,110,11:41:13,2012-07-26
437885,114340,-82.0,531,110,11:55:00,2012-07-26
437880,114345,-82.0,531,110,11:55:01,2012-07-26
438620,114345,-93.0,531,110,11:41:12,2012-07-26
437870,114350,-82.0,531,110,11:55:02,2012-07-26
438610,114350,-93.0,531,110,11:41:11,2012-07-26
438615,114350,-93.0,531,110,11:41:12,2012-07-26
437865,114355,-83.5,531,110,11:55:02,2012-07-26
438595,114355,-91.5,531,110,11:59:18,2012-07-26
438600,114355,-89.599998,531,110,11:59:18,2012-07-26
438605,114355,-90.14286,531,110,11:41:10,2012-07-26
438610,114355,-93.0,531,110,11:41:11,2012-07-26
437855,114360,-85.0,531,110,11:55:03,2012-07-26
437860,114360,-85.0,531,110,11:55:03,2012-07-26
438590,114360,-93.800003,531,110,11:59:16,2012-07-26
438600,114360,-94.14286,531,110,11:41:09,2012-07-26
438605,114360,-88.400002,531,110,11:59:21,2012-07-26
437850,114365,-86.0,531,110,11:55:04,2012-07-26
438585,114365,-95.0,531,110,11:59:16,2012-07-26
438605,114365,-90.0,531,110,11:59:23,2012-07-26
437835,114370,-87.0,531,110,11:55:05,2012-07-26
437845,114370,-87.0,531,110,11:55:05,2012-07-26
438575,114370,-96.0,531,110,11:59:14,2012-07-26
438580,114370,-95.75,531,110,11:59:15,2012-07-26
438595,114370,-95.0,531,110,11:41:09,2012-07-26
438610,114370,-90.5,531,110,11:59:23,2012-07-26
438610,114375,-93.0,531,110,11:59:25,2012-07-26
438590,114380,-95.0,531,110,11:41:08,2012-07-26
438580,114385,-96.0,531,110,11:59:14,2012-07-26
438590,114385,-95.0,531,110,11:41:07,2012-07-26
438620,114385,-95.0,531,110,11:59:26,2012-07-26
438580,114390,-96.0,531,110,11:59:12,2012-07-26
438585,114395,-96.0,531,110,11:59:11,2012-07-26
438595,114395,-95.599998,531,110,11:41:05,2012-07-26
438605,114400,-96.0,531,110,11:41:05,2012-07-26
438610,114400,-96.85714,531,110,11:41:03,2012-07-26
438595,114405,-96.0,531,110,11:59:10,2012-07-26
438605,114405,-95.272728,531,110,11:59:09,2012-07-26
438635,114405,-95.0,531,110,11:59:29,2012-07-26
438615,114410,-98.5,531,110,11:41:03,2012-07-26
438610,114415,-94.5,531,110,11:59:08,2012-07-26
438625,114415,-99.0,531,110,11:41:02,2012-07-26
438645,114415,-95.25,531,110,11:59:31,2012-07-26
438645,114420,-96.0,531,110,11:59:31,2012-07-26
438650,114420,-96.0,531,110,11:59:32,2012-07-26
438625,114425,-94.0,531,110,11:59:06,2012-07-26
438655,114425,-96.0,531,110,11:59:33,2012-07-26
438630,114430,-99.0,531,110,11:41:01,2012-07-26
438655,114430,-96.0,531,110,11:59:33,2012-07-26
438635,114435,-99.0,531,110,11:41:00,2012-07-26
437730,114455,-93.0,531,110,11:55:23,2012-07-26
437720,114465,-93.0,531,110,11:55:25,2012-07-26
437725,114465,-93.0,531,110,11:55:24,2012-07-26
438655,114465,-99.0,531,110,11:40:57,2012-07-26
438650,114470,-99.0,531,110,11:40:55,2012-07-26
438640,114475,-99.0,531,110,11:40:55,2012-07-26
438635,114485,-99.0,531,110,11:40:53,2012-07-26
438705,114515,-99.0,531,110,11:40:46,2012-07-26
438695,114520,-99.0,531,110,11:40:47,2012-07-26
438790,114560,-87.0,531,110,11:40:35,2012-07-26
438790,114570,-85.5,531,110,11:58:42,2012-07-26
438795,114580,-85.75,531,110,11:40:33,2012-07-26
438790,114585,-86.0,531,110,11:40:32,2012-07-26
438385,114590,-95.0,531,110,11:39:41,2012-07-26
438395,114590,-95.0,531,110,11:39:42,2012-07-26
438365,114595,-95.0,531,110,11:39:40,2012-07-26
438370,114595,-95.0,531,110,11:39:40,2012-07-26
438375,114595,-95.0,531,110,11:39:41,2012-07-26
438380,114595,-95.0,531,110,11:39:41,2012-07-26
438790,114595,-84.666664,531,110,11:58:39,2012-07-26
438360,114600,-95.0,531,110,11:39:39,2012-07-26
438365,114600,-95.0,531,110,11:39:40,2012-07-26
438790,114600,-84.0,531,110,11:58:38,2012-07-26
438350,114605,-95.0,531,110,11:39:38,2012-07-26
438355,114605,-95.0,531,110,11:39:39,2012-07-26
438785,114605,-84.0,531,110,11:40:30,2012-07-26
438350,114610,-95.0,531,110,11:39:38,2012-07-26
438785,114610,-83.25,531,110,11:58:38,2012-07-26
438345,114615,-95.0,531,110,11:39:37,2012-07-26
438385,114615,-95.0,531,110,11:57:50,2012-07-26
438780,114615,-83.0,531,110,11:40:29,2012-07-26
438335,114620,-95.0,531,110,11:39:36,2012-07-26
438365,114625,-95.0,531,110,11:57:48,2012-07-26
438780,114625,-81.5,531,110,11:58:36,2012-07-26
438320,114630,-93.0,531,110,11:39:35,2012-07-26
438325,114630,-94.0,531,110,11:39:35,2012-07-26
438330,114630,-95.0,531,110,11:39:36,2012-07-26
438310,114635,-87.0,531,110,11:39:33,2012-07-26
438315,114635,-93.0,531,110,11:39:34,2012-07-26
438320,114635,-93.0,531,110,11:39:35,2012-07-26
438355,114635,-95.75,531,110,11:57:47,2012-07-26
438290,114640,-85.0,531,110,11:39:31,2012-07-26
438295,114640,-85.0,531,110,11:39:32,2012-07-26
438305,114640,-85.0,531,110,11:39:33,2012-07-26
438345,114640,-96.0,531,110,11:57:46,2012-07-26
438560,114640,-92.0,531,110,11:40:04,2012-07-26
438570,114640,-92.0,531,110,11:40:05,2012-07-26
438575,114640,-92.0,531,110,11:40:05,2012-07-26
438770,114640,-81.75,531,110,11:58:35,2012-07-26
438255,114645,-85.0,531,110,11:39:28,2012-07-26
438260,114645,-85.0,531,110,11:39:28,2012-07-26
438265,114645,-85.0,531,110,11:39:29,2012-07-26
438270,114645,-85.0,531,110,11:39:29,2012-07-26
438275,114645,-85.0,531,110,11:39:30,2012-07-26
438285,114645,-85.0,531,110,11:39:31,2012-07-26
438545,114645,-92.0,531,110,11:40:03,2012-07-26
438580,114645,-92.0,531,110,11:40:06,2012-07-26
438765,114645,-82.0,531,110,11:40:26,2012-07-26
438305,114650,-91.5,531,110,11:57:42,2012-07-26
438315,114650,-92.0,531,110,11:57:43,2012-07-26
438330,114650,-93.0,531,110,11:57:45,2012-07-26
438590,114650,-92.0,531,110,11:40:07,2012-07-26
438755,114650,-84.25,531,110,11:40:26,2012-07-26
438250,114655,-85.75,531,110,11:39:27,2012-07-26
438270,114655,-88.199997,531,110,11:57:40,2012-07-26
438285,114655,-90.400002,531,110,11:57:41,2012-07-26
438575,114655,-89.0,531,110,11:58:15,2012-07-26
438590,114655,-91.5,531,110,11:40:08,2012-07-26
438595,114655,-90.0,531,110,11:40:08,2012-07-26
438750,114655,-85.0,531,110,11:40:25,2012-07-26
438260,114660,-87.0,531,110,11:57:39,2012-07-26
438565,114660,-90.333336,531,110,11:58:14,2012-07-26
438575,114660,-89.0,531,110,11:58:14,2012-07-26
438580,114660,-89.0,531,110,11:58:15,2012-07-26
438585,114660,-89.0,531,110,11:58:16,2012-07-26
438595,114660,-90.0,531,110,11:40:09,2012-07-26
438600,114660,-89.25,531,110,11:40:09,2012-07-26
438235,114665,-86.0,531,110,11:39:25,2012-07-26
438255,114665,-87.75,531,110,11:57:38,2012-07-26
438545,114665,-93.0,531,110,11:58:11,2012-07-26
438555,114665,-92.333336,531,110,11:58:12,2012-07-26
438590,114665,-89.0,531,110,11:58:17,2012-07-26
438595,114665,-88.625,531,110,11:58:17,2012-07-26
438600,114665,-87.0,531,110,11:40:09,2012-07-26
438605,114665,-87.0,531,110,11:40:09,2012-07-26
438745,114665,-85.0,531,110,11:40:24,2012-07-26
438225,114670,-86.0,531,110,11:39:25,2012-07-26
438540,114670,-93.0,531,110,11:58:11,2012-07-26
438605,114670,-87.714287,531,110,11:58:19,2012-07-26
438610,114670,-87.0,531,110,11:40:10,2012-07-26
438150,114675,-95.0,531,110,11:57:26,2012-07-26
438155,114675,-95.0,531,110,11:57:26,2012-07-26
438160,114675,-95.0,531,110,11:57:26,2012-07-26
438225,114675,-87.199997,531,110,11:39:24,2012-07-26
438615,114675,-87.0,531,110,11:40:11,2012-07-26
438730,114675,-85.0,531,110,11:58:32,2012-07-26
438160,114680,-95.0,531,110,11:57:27,2012-07-26
438200,114680,-88.0,531,110,11:39:22,2012-07-26
438215,114680,-88.0,531,110,11:39:23,2012-07-26
438240,114680,-87.285713,531,110,11:57:37,2012-07-26
438620,114680,-87.0,531,110,11:40:12,2012-07-26
438625,114680,-87.0,531,110,11:58:21,2012-07-26
438630,114680,-87.0,531,110,11:40:12,2012-07-26
438235,114685,-87.0,531,110,11:57:36,2012-07-26
438630,114685,-87.0,531,110,11:58:21,2012-07-26
438635,114685,-87.0,531,110,11:40:13,2012-07-26
438650,114685,-87.0,531,110,11:40:14,2012-07-26
438645,114690,-87.0,531,110,11:58:23,2012-07-26
438665,114690,-87.0,531,110,11:40:16,2012-07-26
438180,114695,-89.0,531,110,11:57:30,2012-07-26
438225,114695,-87.85714,531,110,11:57:36,2012-07-26
438670,114695,-87.0,531,110,11:58:25,2012-07-26
438680,114695,-87.0,531,110,11:40:17,2012-07-26
438190,114700,-89.25,531,110,11:57:31,2012-07-26
438195,114700,-90.0,531,110,11:57:32,2012-07-26
438200,114705,-89.14286,531,110,11:57:33,2012-07-26
438205,114705,-88.0,531,110,11:57:33,2012-07-26
437850,114750,-95.0,531,110,11:57:00,2012-07-26
437835,114760,-94.0,531,110,11:56:59,2012-07-26
437820,114775,-92.5,531,110,11:56:57,2012-07-26
437815,114780,-91.400002,531,110,11:56:56,2012-07-26
437840,114785,-95.0,531,110,11:37:45,2012-07-26
437810,114790,-89.666664,531,110,11:56:55,2012-07-26
437840,114790,-95.0,531,110,11:37:44,2012-07-26
437840,114795,-95.0,531,110,11:37:44,2012-07-26
437835,114800,-95.0,531,110,11:37:43,2012-07-26
437795,114805,-89.0,531,110,11:56:53,2012-07-26
437835,114805,-95.0,531,110,11:37:42,2012-07-26
437830,114810,-95.0,531,110,11:37:42,2012-07-26
437835,114810,-95.0,531,110,11:37:42,2012-07-26
437790,114815,-90.0,531,110,11:56:51,2012-07-26
437830,114815,-95.0,531,110,11:37:42,2012-07-26
437830,114820,-95.0,531,110,11:37:41,2012-07-26
437785,114830,-90.0,531,110,11:56:50,2012-07-26
437825,114835,-95.0,531,110,11:37:39,2012-07-26
437785,114840,-90.0,531,110,11:56:49,2012-07-26
437785,114850,-90.0,531,110,11:56:48,2012-07-26
437785,114855,-90.0,531,110,11:56:47,2012-07-26
437830,114860,-94.199997,531,110,11:37:37,2012-07-26
437835,114870,-94.0,531,110,11:37:36,2012-07-26
437650,114960,-79.0,531,110,11:56:25,2012-07-26
437650,114965,-79.25,531,110,11:56:26,2012-07-26
437660,114965,-80.0,531,110,11:56:26,2012-07-26
437670,114965,-80.0,531,110,11:56:27,2012-07-26
437935,115000,-95.0,531,110,11:37:00,2012-07-26
444650,116100,-84.0,531,110,15:07:34,2012-08-01
444635,116110,-84.0,531,110,15:07:36,2012-08-01
444630,116115,-84.0,531,110,15:07:37,2012-08-01
438130,118300,-87.0,531,110,13:48:25,2012-07-26
438135,118305,-87.800003,531,110,13:48:27,2012-07-26
438140,118315,-89.0,531,110,13:48:27,2012-07-26
438135,118330,-91.0,531,110,13:48:31,2012-07-26
438130,118335,-91.0,531,110,13:48:32,2012-07-26
438120,118340,-91.0,531,110,13:48:32,2012-07-26
438115,118345,-94.0,531,110,13:48:34,2012-07-26
438105,118350,-93.75,531,110,13:48:35,2012-07-26
438100,118360,-93.199997,531,110,13:48:36,2012-07-26
438095,118365,-94.0,531,110,13:48:38,2012-07-26
438090,118375,-94.0,531,110,13:48:39,2012-07-26
438085,118385,-93.5,531,110,13:48:39,2012-07-26
438080,118390,-92.0,531,110,13:48:40,2012-07-26
438080,118395,-91.75,531,110,13:48:41,2012-07-26
438080,118400,-91.0,531,110,13:48:41,2012-07-26
438085,118405,-91.0,531,110,13:48:42,2012-07-26
438085,118410,-91.0,531,110,13:48:43,2012-07-26
438090,118410,-91.0,531,110,13:48:43,2012-07-26
438090,118415,-90.75,531,110,13:48:44,2012-07-26
438095,118415,-90.0,531,110,13:48:44,2012-07-26
438095,118420,-90.0,531,110,13:48:44,2012-07-26
438100,118425,-90.0,531,110,13:48:45,2012-07-26
438105,118430,-90.0,531,110,13:48:45,2012-07-26
438115,118435,-89.666664,531,110,13:48:46,2012-07-26
438120,118440,-89.0,531,110,13:48:47,2012-07-26
438125,118445,-88.75,531,110,13:48:48,2012-07-26
438140,118455,-88.0,531,110,13:48:49,2012-07-26
438145,118455,-88.0,531,110,13:48:50,2012-07-26
438155,118460,-87.666664,531,110,13:48:51,2012-07-26
438160,118465,-87.0,531,110,13:48:51,2012-07-26
438170,118470,-87.0,531,110,13:48:52,2012-07-26
438210,118495,-86.0,531,110,13:48:56,2012-07-26
438220,118500,-86.0,531,110,13:48:57,2012-07-26
438230,118505,-86.0,531,110,13:48:58,2012-07-26
438235,118515,-86.0,531,110,13:48:59,2012-07-26
438240,118515,-86.25,531,110,13:49:00,2012-07-26
438250,118525,-87.0,531,110,13:49:01,2012-07-26
438260,118525,-87.0,531,110,13:49:02,2012-07-26
444165,119150,-86.928574,531,110,12:05:22,2012-07-30
444165,119155,-85.296295,531,110,12:04:58,2012-07-30
444170,119155,-86.388885,531,110,12:05:16,2012-07-30
444155,119160,-89.0,531,110,12:04:56,2012-07-30
444160,119160,-88.0,531,110,12:05:24,2012-07-30
444165,119160,-85.0,531,110,12:05:25,2012-07-30
444175,119165,-84.0,531,110,12:05:26,2012-07-30
444180,119165,-82.5,531,110,12:05:27,2012-07-30
444185,119170,-81.0,531,110,12:05:28,2012-07-30
444195,119170,-80.599998,531,110,12:05:29,2012-07-30
444225,119170,-82.666664,531,110,12:05:34,2012-07-30
444200,119175,-80.5,531,110,12:05:30,2012-07-30
444210,119175,-82.5,531,110,12:05:32,2012-07-30
444215,119175,-82.75,531,110,12:05:33,2012-07-30
444220,119175,-82.0,531,110,12:04:41,2012-07-30
444225,119175,-84.0,531,110,12:04:41,2012-07-30
444215,119180,-85.0,531,110,12:04:43,2012-07-30
444220,119180,-85.0,531,110,12:04:42,2012-07-30
444205,119185,-85.0,531,110,12:04:45,2012-07-30
444210,119185,-85.0,531,110,12:04:44,2012-07-30
444215,119185,-85.0,531,110,12:04:43,2012-07-30
436175,120430,-60.666668,531,110,13:57:16,2012-07-26
436180,120430,-61.333332,531,110,13:57:55,2012-07-26
436185,120430,-60.0,531,110,13:57:14,2012-07-26
436190,120430,-62.333332,531,110,13:57:57,2012-07-26
436200,120430,-63.333332,531,110,13:57:58,2012-07-26
436170,120435,-61.470589,531,110,13:57:51,2012-07-26
436175,120435,-61.625,531,110,13:57:17,2012-07-26
436190,120435,-60.0,531,110,13:57:13,2012-07-26
436200,120435,-60.0,531,110,13:57:12,2012-07-26
436205,120435,-60.799999,531,110,13:57:12,2012-07-26
436210,120435,-63.5,531,110,13:57:59,2012-07-26
436165,120440,-62.780487,531,110,13:57:34,2012-07-26
436170,120440,-62.363636,531,110,13:57:20,2012-07-26
436215,120440,-62.0,531,110,13:58:00,2012-07-26
436225,120440,-61.5,531,110,13:58:01,2012-07-26
436160,120445,-56.565216,531,110,13:57:24,2012-07-26
436165,120445,-57.666668,531,110,13:57:27,2012-07-26
436220,120445,-60.666668,531,110,13:57:10,2012-07-26
436240,120445,-60.0,531,110,13:58:02,2012-07-26
436235,120450,-60.333332,531,110,13:57:09,2012-07-26
436250,120455,-59.666668,531,110,13:58:04,2012-07-26
436250,120460,-58.666668,531,110,13:57:07,2012-07-26
436255,120460,-58.0,531,110,13:57:07,2012-07-26
436260,120465,-58.0,531,110,13:57:06,2012-07-26
436265,120465,-59.857143,531,110,13:58:05,2012-07-26
436265,120470,-62.0,531,110,13:57:05,2012-07-26
436275,120470,-56.333332,531,110,13:58:07,2012-07-26
436270,120475,-62.0,531,110,13:57:05,2012-07-26
436275,120480,-62.0,531,110,13:57:04,2012-07-26
436280,120480,-55.0,531,110,13:58:08,2012-07-26
436285,120485,-55.0,531,110,13:58:09,2012-07-26
436290,120490,-55.0,531,110,13:58:09,2012-07-26
436285,120495,-60.0,531,110,13:57:03,2012-07-26
436290,120505,-54.0,531,110,13:58:11,2012-07-26
436295,120505,-59.666668,531,110,13:57:02,2012-07-26
436285,120515,-53.0,531,110,13:58:12,2012-07-26
436300,120515,-62.0,531,110,13:57:00,2012-07-26
436275,120525,-56.5,531,110,13:58:14,2012-07-26
436310,120530,-59.666668,531,110,13:56:59,2012-07-26
436270,120535,-58.0,531,110,13:58:16,2012-07-26
436320,120540,-59.333332,531,110,13:56:57,2012-07-26
436330,120550,-60.0,531,110,13:56:56,2012-07-26
436260,120555,-58.0,531,110,13:58:17,2012-07-26
436345,120560,-59.200001,531,110,13:56:54,2012-07-26
436350,120560,-59.0,531,110,13:56:54,2012-07-26
436355,120560,-59.0,531,110,13:56:53,2012-07-26
436360,120560,-59.599998,531,110,13:56:53,2012-07-26
436360,120565,-60.0,531,110,13:56:53,2012-07-26
436365,120565,-60.0,531,110,13:56:52,2012-07-26
436375,120565,-59.25,531,110,13:56:52,2012-07-26
436380,120565,-59.0,531,110,13:56:51,2012-07-26
436390,120565,-56.75,531,110,13:56:50,2012-07-26
436405,120565,-54.666668,531,110,13:56:49,2012-07-26
436425,120565,-51.75,531,110,13:56:47,2012-07-26
436435,120565,-51.0,531,110,13:56:47,2012-07-26
436255,120570,-57.0,531,110,13:58:19,2012-07-26
436445,120570,-47.0,531,110,13:56:46,2012-07-26
436455,120570,-43.5,531,110,13:56:45,2012-07-26
436255,120575,-55.0,531,110,13:58:21,2012-07-26
436465,120575,-41.0,531,110,13:56:43,2012-07-26
436490,120580,-39.333332,531,110,13:56:42,2012-07-26
436500,120580,-39.0,531,110,13:56:40,2012-07-26
436250,120585,-55.5,531,110,13:58:22,2012-07-26
436510,120585,-39.0,531,110,13:56:40,2012-07-26
436525,120585,-39.0,531,110,13:56:39,2012-07-26
436625,120585,-44.0,531,110,13:56:31,2012-07-26
436545,120590,-39.666668,531,110,13:56:38,2012-07-26
436555,120590,-42.666668,531,110,13:56:36,2012-07-26
436560,120590,-44.0,531,110,13:56:35,2012-07-26
436580,120590,-44.0,531,110,13:56:35,2012-07-26
436595,120590,-44.0,531,110,13:56:33,2012-07-26
436605,120590,-44.0,531,110,13:56:32,2012-07-26
436245,120595,-57.142857,531,110,13:58:23,2012-07-26
436245,120605,-58.0,531,110,13:58:24,2012-07-26
436240,120610,-58.599998,531,110,13:58:25,2012-07-26
436235,120620,-61.75,531,110,13:58:26,2012-07-26
436230,120645,-64.75,531,110,13:58:28,2012-07-26
436230,120650,-67.75,531,110,13:58:28,2012-07-26
436225,120665,-70.0,531,110,13:58:29,2012-07-26
436225,120670,-70.666664,531,110,13:58:30,2012-07-26
436260,121595,-95.0,531,110,13:59:45,2012-07-26
436260,121600,-95.0,531,110,13:59:46,2012-07-26
436265,121605,-95.0,531,110,13:59:46,2012-07-26
436265,121610,-95.0,531,110,13:59:47,2012-07-26
436265,121635,-95.0,531,110,13:59:48,2012-07-26
436265,121655,-95.0,531,110,13:59:50,2012-07-26
436260,121675,-95.333336,531,110,13:59:51,2012-07-26
436260,121695,-96.333336,531,110,13:59:52,2012-07-26
436260,121700,-97.0,531,110,13:59:53,2012-07-26
436260,121705,-97.0,531,110,13:59:53,2012-07-26
436260,121710,-97.0,531,110,13:59:53,2012-07-26
436260,121715,-97.0,531,110,13:59:54,2012-07-26
436260,121720,-97.0,531,110,13:59:54,2012-07-26
436260,121725,-97.0,531,110,13:59:54,2012-07-26
436260,121730,-97.0,531,110,13:59:55,2012-07-26
439030,123560,-87.0,531,110,13:57:16,2012-07-30
439035,123565,-85.5,531,110,13:57:17,2012-07-30
439045,123580,-83.666664,531,110,13:57:19,2012-07-30
439055,123595,-82.333336,531,110,13:57:20,2012-07-30
439060,123610,-82.0,531,110,13:57:22,2012-07-30
439055,123625,-84.666664,531,110,13:57:23,2012-07-30
439045,123645,-86.25,531,110,13:57:24,2012-07-30
439040,123660,-87.0,531,110,13:57:26,2012-07-30
439035,123670,-87.0,531,110,13:57:26,2012-07-30
439035,123680,-86.666664,531,110,13:57:27,2012-07-30
439035,123690,-86.0,531,110,13:57:28,2012-07-30
439035,123700,-86.0,531,110,13:57:29,2012-07-30
439035,123705,-86.0,531,110,13:57:29,2012-07-30
439035,123720,-86.0,531,110,13:57:30,2012-07-30
439035,123725,-86.75,531,110,13:57:30,2012-07-30
439035,123730,-89.0,531,110,13:57:31,2012-07-30
439035,123735,-89.0,531,110,13:57:31,2012-07-30
439035,123740,-89.0,531,110,13:57:32,2012-07-30
439030,123750,-89.0,531,110,13:57:33,2012-07-30
439030,123760,-89.0,531,110,13:57:34,2012-07-30
439025,123775,-89.0,531,110,13:57:35,2012-07-30
439020,123800,-89.0,531,110,13:57:36,2012-07-30
439010,123825,-89.0,531,110,13:57:37,2012-07-30
439010,123840,-89.0,531,110,13:57:38,2012-07-30
440585,124180,-99.0,531,110,13:22:34,2012-07-30
440565,124185,-99.0,531,110,13:22:39,2012-07-30
440570,124185,-99.0,531,110,13:22:37,2012-07-30
440575,124185,-99.0,531,110,13:22:37,2012-07-30
440580,124185,-99.0,531,110,13:22:35,2012-07-30
439055,124190,-87.0,531,110,13:58:12,2012-07-30
439060,124190,-87.0,531,110,13:58:13,2012-07-30
440555,124190,-99.0,531,110,13:22:42,2012-07-30
440560,124190,-99.0,531,110,13:22:41,2012-07-30
439065,124195,-87.25,531,110,13:58:14,2012-07-30
440550,124195,-99.0,531,110,13:22:43,2012-07-30
439070,124200,-88.0,531,110,13:58:14,2012-07-30
440550,124200,-99.0,531,110,13:22:44,2012-07-30
439070,124205,-88.0,531,110,13:58:15,2012-07-30
439075,124205,-87.5,531,110,13:58:15,2012-07-30
440545,124205,-99.0,531,110,13:22:45,2012-07-30
439075,124210,-87.0,531,110,13:58:16,2012-07-30
440540,124210,-99.0,531,110,13:22:46,2012-07-30
440605,124210,-97.0,531,110,13:22:28,2012-07-30
439080,124215,-86.199997,531,110,13:58:17,2012-07-30
439090,124220,-83.875,531,110,13:58:18,2012-07-30
440610,124220,-97.0,531,110,13:22:26,2012-07-30
439095,124225,-81.333336,531,110,13:58:21,2012-07-30
440615,124225,-97.0,531,110,13:22:25,2012-07-30
439095,124230,-79.666664,531,110,13:58:22,2012-07-30
440615,124235,-97.0,531,110,13:22:24,2012-07-30
440620,124240,-97.0,531,110,13:23:25,2012-07-30
439090,124245,-79.0,531,110,13:58:24,2012-07-30
439085,124250,-79.0,531,110,13:58:25,2012-07-30
439090,124250,-79.0,531,110,13:58:25,2012-07-30
440625,124250,-97.0,531,110,13:23:23,2012-07-30
439085,124255,-80.0,531,110,13:58:25,2012-07-30
440630,124255,-97.0,531,110,13:22:21,2012-07-30
440630,124260,-97.0,531,110,13:23:22,2012-07-30
439085,124270,-81.0,531,110,13:58:27,2012-07-30
440635,124270,-97.0,531,110,13:22:19,2012-07-30
439080,124275,-81.0,531,110,13:58:28,2012-07-30
440640,124280,-97.0,531,110,13:22:17,2012-07-30
440635,124285,-97.0,531,110,13:22:17,2012-07-30
440635,124290,-97.0,531,110,13:22:16,2012-07-30
439080,124295,-81.0,531,110,13:58:30,2012-07-30
440630,124295,-97.0,531,110,13:22:14,2012-07-30
439080,124300,-81.0,531,110,13:58:30,2012-07-30
440615,124305,-97.0,531,110,13:22:10,2012-07-30
440620,124305,-97.0,531,110,13:22:11,2012-07-30
440610,124310,-97.0,531,110,13:22:09,2012-07-30
439075,124315,-80.0,531,110,13:58:33,2012-07-30
440610,124315,-97.0,531,110,13:21:59,2012-07-30
440605,124320,-97.0,531,110,13:21:56,2012-07-30
440610,124320,-97.0,531,110,13:22:03,2012-07-30
440605,124325,-97.0,531,110,13:21:56,2012-07-30
439080,124330,-76.0,531,110,13:58:33,2012-07-30
440600,124330,-97.0,531,110,13:21:55,2012-07-30
440590,124335,-97.0,531,110,13:21:53,2012-07-30
440595,124335,-97.0,531,110,13:21:54,2012-07-30
440565,124340,-97.0,531,110,13:21:48,2012-07-30
440570,124340,-97.0,531,110,13:21:49,2012-07-30
440575,124340,-97.0,531,110,13:21:51,2012-07-30
440585,124340,-97.0,531,110,13:21:52,2012-07-30
439080,124345,-76.0,531,110,13:58:34,2012-07-30
439080,124355,-76.5,531,110,13:58:35,2012-07-30
439085,124365,-77.666664,531,110,13:58:37,2012-07-30
439080,124395,-76.599998,531,110,13:58:38,2012-07-30
439080,124405,-75.5,531,110,13:58:40,2012-07-30
439075,124420,-74.333336,531,110,13:58:40,2012-07-30
439080,124445,-75.0,531,110,13:58:42,2012-07-30
439080,124455,-75.5,531,110,13:58:43,2012-07-30
439085,124470,-78.222221,531,110,13:58:45,2012-07-30
439090,124480,-80.0,531,110,13:58:45,2012-07-30
439100,124490,-81.714287,531,110,13:58:47,2012-07-30
439105,124505,-83.0,531,110,13:58:48,2012-07-30
439110,124505,-83.0,531,110,13:58:48,2012-07-30
439110,124510,-83.0,531,110,13:58:48,2012-07-30
439115,124520,-83.0,531,110,13:58:49,2012-07-30
439125,124535,-83.0,531,110,13:58:51,2012-07-30
439130,124545,-83.0,531,110,13:58:52,2012-07-30
439130,124550,-83.0,531,110,13:58:52,2012-07-30
439140,124565,-83.0,531,110,13:58:54,2012-07-30
439140,124570,-83.0,531,110,13:58:54,2012-07-30
439145,124580,-83.0,531,110,13:58:55,2012-07-30
439150,124590,-83.0,531,110,13:58:56,2012-07-30
439155,124595,-83.0,531,110,13:58:57,2012-07-30
439155,124600,-83.0,531,110,13:58:57,2012-07-30
439160,124605,-83.0,531,110,13:58:58,2012-07-30
439165,124620,-83.666664,531,110,13:58:59,2012-07-30
439170,124625,-85.0,531,110,13:59:00,2012-07-30
439170,124630,-84.5,531,110,13:59:01,2012-07-30
439170,124635,-83.0,531,110,13:59:01,2012-07-30
439165,124640,-82.75,531,110,13:59:02,2012-07-30
439165,124645,-82.0,531,110,13:59:03,2012-07-30
439160,124650,-81.25,531,110,13:59:04,2012-07-30
439155,124660,-79.0,531,110,13:59:04,2012-07-30
439155,124665,-79.0,531,110,13:59:05,2012-07-30
439150,124675,-79.0,531,110,13:59:06,2012-07-30
439150,124680,-79.0,531,110,13:59:07,2012-07-30
439150,124690,-79.0,531,110,13:59:08,2012-07-30
439150,124700,-80.0,531,110,13:59:09,2012-07-30
439150,124710,-80.0,531,110,13:59:10,2012-07-30
439150,124720,-81.0,531,110,13:59:11,2012-07-30
439155,124745,-82.666664,531,110,13:59:14,2012-07-30
441530,124750,-103.0,531,110,13:18:48,2012-07-30
439155,124755,-82.0,531,110,13:59:15,2012-07-30
441210,124760,-99.0,531,110,13:19:10,2012-07-30
439155,124765,-82.0,531,110,13:59:16,2012-07-30
441545,124765,-103.75,531,110,13:18:46,2012-07-30
441195,124770,-99.0,531,110,13:19:11,2012-07-30
439150,124775,-82.0,531,110,13:59:17,2012-07-30
441135,124775,-99.0,531,110,13:19:15,2012-07-30
441155,124775,-99.0,531,110,13:19:14,2012-07-30
441560,124775,-104.66666,531,110,13:18:46,2012-07-30
439145,124785,-80.5,531,110,13:59:18,2012-07-30
441585,124790,-105.0,531,110,13:18:44,2012-07-30
441660,124790,-105.0,531,110,13:18:39,2012-07-30
439145,124795,-78.833336,531,110,13:59:19,2012-07-30
441605,124795,-105.0,531,110,13:18:43,2012-07-30
441620,124795,-105.0,531,110,13:18:42,2012-07-30
441625,124795,-105.0,531,110,13:18:41,2012-07-30
441685,124795,-105.0,531,110,13:18:36,2012-07-30
439140,124810,-78.0,531,110,13:59:19,2012-07-30
439140,124820,-78.0,531,110,13:59:21,2012-07-30
439140,124835,-78.0,531,110,13:59:22,2012-07-30
439140,124845,-78.0,531,110,13:59:23,2012-07-30
439140,124880,-78.0,531,110,13:59:25,2012-07-30
439140,124910,-79.0,531,110,13:59:26,2012-07-30
439140,124915,-81.0,531,110,13:59:28,2012-07-30
442115,124940,-98.0,531,110,13:17:59,2012-07-30
442130,124940,-98.0,531,110,13:17:58,2012-07-30
442150,124945,-98.0,531,110,13:17:58,2012-07-30
439145,124970,-78.0,531,110,13:59:31,2012-07-30
439150,124995,-78.25,531,110,13:59:34,2012-07-30
442285,125000,-96.0,531,110,13:17:49,2012-07-30
439155,125005,-78.75,531,110,13:59:35,2012-07-30
442310,125015,-96.0,531,110,13:17:48,2012-07-30
439165,125030,-77.599998,531,110,13:59:36,2012-07-30
442325,125030,-96.5,531,110,13:17:46,2012-07-30
439165,125040,-77.0,531,110,13:59:38,2012-07-30
442340,125040,-97.0,531,110,13:17:45,2012-07-30
439190,125065,-76.0,531,110,13:59:41,2012-07-30
439195,125070,-76.0,531,110,13:59:41,2012-07-30
439195,125075,-76.0,531,110,13:59:42,2012-07-30
439195,125080,-76.0,531,110,13:59:43,2012-07-30
439195,125085,-76.0,531,110,13:59:43,2012-07-30
439195,125090,-76.0,531,110,13:59:44,2012-07-30
439195,125100,-77.0,531,110,13:59:45,2012-07-30
439195,125105,-78.0,531,110,13:59:45,2012-07-30
439195,125110,-78.0,531,110,13:59:46,2012-07-30
439200,125110,-78.25,531,110,13:59:46,2012-07-30
439200,125120,-79.0,531,110,13:59:47,2012-07-30
439200,125125,-79.0,531,110,13:59:48,2012-07-30
439205,125210,-73.0,531,110,13:59:56,2012-07-30
439205,125220,-73.0,531,110,13:59:57,2012-07-30
439205,125235,-73.0,531,110,13:59:59,2012-07-30
439205,125250,-73.0,531,110,14:00:00,2012-07-30
439205,125260,-73.0,531,110,14:00:01,2012-07-30
439205,125280,-73.0,531,110,14:00:02,2012-07-30
439210,125295,-73.199997,531,110,14:00:03,2012-07-30
439210,125310,-74.0,531,110,14:00:05,2012-07-30
439210,125320,-73.428574,531,110,14:00:06,2012-07-30
439215,125335,-73.0,531,110,14:00:07,2012-07-30
439215,125350,-73.0,531,110,14:00:08,2012-07-30
439215,125360,-73.0,531,110,14:00:09,2012-07-30
439210,125370,-72.75,531,110,14:00:10,2012-07-30
439210,125380,-72.0,531,110,14:00:11,2012-07-30
439205,125390,-72.0,531,110,14:00:12,2012-07-30
439205,125400,-72.0,531,110,14:00:13,2012-07-30
439205,125410,-73.0,531,110,14:00:14,2012-07-30
439205,125420,-74.36364,531,110,14:00:15,2012-07-30
439205,125435,-75.333336,531,110,14:00:17,2012-07-30
439205,125445,-76.0,531,110,14:00:18,2012-07-30
439205,125470,-75.666664,531,110,14:00:20,2012-07-30
439205,125480,-74.5,531,110,14:00:21,2012-07-30
439205,125495,-73.199997,531,110,14:00:23,2012-07-30
439205,125505,-72.25,531,110,14:00:24,2012-07-30
439205,125515,-73.0,531,110,14:00:25,2012-07-30
439210,125520,-73.25,531,110,14:00:25,2012-07-30
439210,125525,-74.0,531,110,14:00:26,2012-07-30
439215,125530,-74.0,531,110,14:00:26,2012-07-30
439215,125535,-74.333336,531,110,14:00:27,2012-07-30
439220,125540,-75.0,531,110,14:00:27,2012-07-30
439220,125545,-75.0,531,110,14:00:28,2012-07-30
439225,125550,-75.25,531,110,14:00:28,2012-07-30
439225,125555,-76.0,531,110,14:00:29,2012-07-30
439230,125560,-76.0,531,110,14:00:29,2012-07-30
439230,125565,-76.0,531,110,14:00:30,2012-07-30
439230,125575,-79.0,531,110,14:00:31,2012-07-30
439235,125585,-79.0,531,110,14:00:32,2012-07-30
439235,125590,-78.800003,531,110,14:00:32,2012-07-30
439240,125595,-78.0,531,110,14:00:33,2012-07-30
439240,125600,-78.0,531,110,14:00:33,2012-07-30
439240,125605,-78.0,531,110,14:00:34,2012-07-30
439245,125605,-78.0,531,110,14:00:34,2012-07-30
439245,125610,-78.0,531,110,14:00:35,2012-07-30
439250,125620,-78.5,531,110,14:00:35,2012-07-30
439255,125625,-79.0,531,110,14:00:37,2012-07-30
439260,125640,-80.0,531,110,14:00:38,2012-07-30
439265,125650,-81.666664,531,110,14:00:40,2012-07-30
439270,125660,-81.0,531,110,14:00:41,2012-07-30
439270,125675,-80.0,531,110,14:00:42,2012-07-30
439270,125680,-78.0,531,110,14:00:43,2012-07-30
439270,125685,-77.5,531,110,14:00:44,2012-07-30
439265,125695,-75.699997,531,110,14:00:45,2012-07-30
439260,125705,-75.0,531,110,14:00:46,2012-07-30
439260,125710,-75.800003,531,110,14:00:46,2012-07-30
439255,125715,-77.0,531,110,14:00:48,2012-07-30
439250,125730,-77.0,531,110,14:00:49,2012-07-30
439250,125740,-76.833336,531,110,14:00:50,2012-07-30
439250,125755,-75.666664,531,110,14:00:52,2012-07-30
439255,125760,-75.0,531,110,14:00:53,2012-07-30
439260,125770,-75.0,531,110,14:00:54,2012-07-30
439270,125780,-75.0,531,110,14:00:55,2012-07-30
439285,125790,-75.0,531,110,14:00:57,2012-07-30
439295,125800,-75.0,531,110,14:00:59,2012-07-30
439305,125810,-75.0,531,110,14:01:00,2012-07-30
439315,125820,-75.0,531,110,14:01:01,2012-07-30
439320,125830,-75.0,531,110,14:01:02,2012-07-30
439155,126555,-78.0,531,110,14:03:53,2012-07-30
439155,126565,-78.0,531,110,14:03:54,2012-07-30
439185,126645,-76.0,531,110,14:04:04,2012-07-30
439195,126645,-75.666664,531,110,14:04:05,2012-07-30
439200,126650,-75.0,531,110,14:04:06,2012-07-30
439210,126675,-74.0,531,110,14:04:09,2012-07-30
439210,126685,-74.0,531,110,14:04:10,2012-07-30
439215,126690,-73.75,531,110,14:04:11,2012-07-30
439215,126700,-72.5,531,110,14:04:12,2012-07-30
439220,126705,-70.833336,531,110,14:04:13,2012-07-30
439230,126715,-70.0,531,110,14:04:14,2012-07-30
439235,126720,-70.0,531,110,14:04:15,2012-07-30
439245,126725,-72.0,531,110,14:04:16,2012-07-30
439255,126740,-72.0,531,110,14:04:18,2012-07-30
438750,127070,-89.0,531,110,14:06:10,2012-07-30
438755,127070,-89.0,531,110,14:06:10,2012-07-30
438765,127075,-88.75,531,110,14:06:11,2012-07-30
438770,127080,-88.0,531,110,14:06:12,2012-07-30
438780,127085,-88.0,531,110,14:06:13,2012-07-30
438815,127100,-86.0,531,110,14:06:16,2012-07-30
438820,127100,-86.0,531,110,14:06:16,2012-07-30
438830,127105,-85.75,531,110,14:06:17,2012-07-30
438835,127110,-85.0,531,110,14:06:18,2012-07-30
438845,127115,-84.5,531,110,14:06:18,2012-07-30
438855,127120,-83.0,531,110,14:06:19,2012-07-30
438865,127125,-82.333336,531,110,14:06:20,2012-07-30
438870,127130,-81.0,531,110,14:06:20,2012-07-30
438875,127135,-81.0,531,110,14:06:21,2012-07-30
438880,127135,-80.199997,531,110,14:06:21,2012-07-30
438885,127140,-79.0,531,110,14:06:22,2012-07-30
438890,127140,-79.0,531,110,14:06:22,2012-07-30
439155,113360,-86.400002,531,110,12:19:17,2012-07-26
439150,113365,-88.5,531,110,12:19:16,2012-07-26
439135,113375,-90.0,531,110,12:19:15,2012-07-26
438840,113610,-93.0,531,110,12:18:37,2012-07-26
438850,113610,-93.0,531,110,12:18:38,2012-07-26
438825,113620,-89.0,531,110,12:18:36,2012-07-26
438830,113620,-90.333336,531,110,12:18:37,2012-07-26
438820,113625,-89.0,531,110,12:18:35,2012-07-26
438810,113630,-89.0,531,110,12:18:35,2012-07-26
438805,113640,-89.0,531,110,12:18:34,2012-07-26
438760,113650,-86.25,531,110,11:42:53,2012-07-26
438765,113650,-86.0,531,110,11:42:52,2012-07-26
438770,113650,-90.5,531,110,11:42:51,2012-07-26
438775,113650,-92.0,531,110,11:42:51,2012-07-26
438780,113650,-92.0,531,110,11:42:50,2012-07-26
438750,113655,-87.25,531,110,11:42:54,2012-07-26
438665,113660,-85.25,531,110,11:43:03,2012-07-26
438670,113660,-86.0,531,110,11:43:02,2012-07-26
438735,113660,-87.5,531,110,11:42:56,2012-07-26
438740,113660,-88.0,531,110,11:42:55,2012-07-26
438650,113665,-83.25,531,110,11:43:04,2012-07-26
438675,113665,-88.0,531,110,11:43:01,2012-07-26
438690,113665,-89.75,531,110,11:43:00,2012-07-26
438705,113665,-87.75,531,110,11:42:58,2012-07-26
438720,113665,-86.25,531,110,11:42:57,2012-07-26
438730,113665,-86.0,531,110,11:42:56,2012-07-26
438640,113675,-84.0,531,110,11:43:05,2012-07-26
438630,113680,-84.0,531,110,11:43:06,2012-07-26
438625,113685,-85.0,531,110,11:43:07,2012-07-26
438615,113690,-88.25,531,110,11:43:08,2012-07-26
438620,113690,-87.0,531,110,11:43:08,2012-07-26
438605,113695,-92.0,531,110,11:43:09,2012-07-26
438595,113700,-95.0,531,110,11:43:10,2012-07-26
438600,113700,-95.0,531,110,11:43:10,2012-07-26
438605,113700,-93.5,531,110,11:43:10,2012-07-26
438615,114140,-99.0,531,110,12:17:37,2012-07-26
438620,114145,-99.0,531,110,12:05:34,2012-07-26
438620,114155,-99.0,531,110,12:17:31,2012-07-26
438615,114175,-93.571426,531,110,12:05:01,2012-07-26
438620,114175,-91.333336,531,110,12:05:01,2012-07-26
438615,114180,-95.199997,531,110,12:03:56,2012-07-26
438620,114180,-89.435898,531,110,12:04:55,2012-07-26
438625,114180,-88.900002,531,110,12:04:51,2012-07-26
438610,114185,-98.0,531,110,12:03:53,2012-07-26
438615,114185,-92.111115,531,110,12:04:04,2012-07-26
438620,114185,-92.199997,531,110,12:04:33,2012-07-26
438610,114190,-98.0,531,110,12:03:52,2012-07-26
438615,114190,-92.5,531,110,12:04:05,2012-07-26
438625,114190,-93.199997,531,110,12:04:28,2012-07-26
438675,114190,-95.0,531,110,12:17:20,2012-07-26
438610,114195,-93.5,531,110,11:41:28,2012-07-26
438620,114195,-90.25,531,110,12:04:06,2012-07-26
438625,114195,-94.0,531,110,12:04:28,2012-07-26
438620,114200,-91.666664,531,110,12:04:06,2012-07-26
438625,114200,-94.0,531,110,12:04:27,2012-07-26
438600,114205,-92.0,531,110,12:03:49,2012-07-26
438605,114205,-93.0,531,110,11:41:26,2012-07-26
438625,114205,-93.0,531,110,12:04:09,2012-07-26
438625,114210,-96.0,531,110,12:04:25,2012-07-26
438600,114215,-93.0,531,110,11:41:26,2012-07-26
438630,114215,-95.199997,531,110,12:04:23,2012-07-26
438635,114215,-95.0,531,110,12:04:14,2012-07-26
438685,114215,-92.0,531,110,12:05:44,2012-07-26
438600,114220,-92.199997,531,110,11:41:24,2012-07-26
438630,114220,-90.480003,531,110,12:04:23,2012-07-26
438635,114220,-93.222221,531,110,12:04:15,2012-07-26
438690,114220,-92.666664,531,110,12:05:45,2012-07-26
438595,114230,-92.75,531,110,11:41:24,2012-07-26
438600,114240,-93.0,531,110,11:41:23,2012-07-26
437950,114245,-80.0,531,110,11:54:41,2012-07-26
437955,114250,-76.0,531,110,11:54:44,2012-07-26
437960,114250,-74.5,531,110,11:54:45,2012-07-26
438600,114250,-92.199997,531,110,11:41:22,2012-07-26
437960,114255,-75.25,531,110,11:54:47,2012-07-26
438605,114255,-91.25,531,110,11:41:21,2012-07-26
438700,114255,-94.666664,531,110,12:05:48,2012-07-26
437960,114260,-76.666664,531,110,11:54:48,2012-07-26
438605,114265,-91.0,531,110,11:41:20,2012-07-26
438610,114270,-91.0,531,110,11:41:20,2012-07-26
437955,114275,-78.0,531,110,11:54:50,2012-07-26
438610,114275,-92.5,531,110,11:41:19,2012-07-26
437950,114280,-78.400002,531,110,11:54:50,2012-07-26
437945,114285,-80.0,531,110,11:54:52,2012-07-26
437940,114290,-80.400002,531,110,11:54:53,2012-07-26
438615,114290,-93.75,531,110,11:41:18,2012-07-26
437925,114300,-82.0,531,110,11:54:55,2012-07-26
437930,114300,-81.25,531,110,11:54:54,2012-07-26
438620,114300,-94.0,531,110,11:41:17,2012-07-26
437925,114305,-82.0,531,110,11:54:55,2012-07-26
438620,114305,-93.25,531,110,11:41:17,2012-07-26
437920,114310,-82.0,531,110,11:54:56,2012-07-26
437915,114315,-81.75,531,110,11:54:57,2012-07-26
437905,114325,-81.0,531,110,11:54:58,2012-07-26
438625,114325,-93.0,531,110,11:41:15,2012-07-26
437900,114330,-81.0,531,110,11:54:59,2012-07-26
438625,114330,-93.0,531,110,11:41:14,2012-07-26
437890,114335,-81.25,531,110,11:55:00,2012-07-26
438625,114335,-93.0,531,110,11:41:13,2012-07-26
437885,114340,-82.0,531,110,11:55:00,2012-07-26
437880,114345,-82.0,531,110,11:55:01,2012-07-26
438620,114345,-93.0,531,110,11:41:12,2012-07-26
437870,114350,-82.0,531,110,11:55:02,2012-07-26
438610,114350,-93.0,531,110,11:41:11,2012-07-26
438615,114350,-93.0,531,110,11:41:12,2012-07-26
437865,114355,-83.5,531,110,11:55:02,2012-07-26
438595,114355,-91.5,531,110,11:59:18,2012-07-26
438600,114355,-89.599998,531,110,11:59:18,2012-07-26
438605,114355,-90.14286,531,110,11:41:10,2012-07-26
438610,114355,-93.0,531,110,11:41:11,2012-07-26
437855,114360,-85.0,531,110,11:55:03,2012-07-26
437860,114360,-85.0,531,110,11:55:03,2012-07-26
438590,114360,-93.800003,531,110,11:59:16,2012-07-26
438600,114360,-94.14286,531,110,11:41:09,2012-07-26
438605,114360,-88.400002,531,110,11:59:21,2012-07-26
437850,114365,-86.0,531,110,11:55:04,2012-07-26
438585,114365,-95.0,531,110,11:59:16,2012-07-26
438605,114365,-90.0,531,110,11:59:23,2012-07-26
437835,114370,-87.0,531,110,11:55:05,2012-07-26
437845,114370,-87.0,531,110,11:55:05,2012-07-26
438575,114370,-96.0,531,110,11:59:14,2012-07-26
438580,114370,-95.75,531,110,11:59:15,2012-07-26
438595,114370,-95.0,531,110,11:41:09,2012-07-26
438610,114370,-90.5,531,110,11:59:23,2012-07-26
438610,114375,-93.0,531,110,11:59:25,2012-07-26
438590,114380,-95.0,531,110,11:41:08,2012-07-26
438580,114385,-96.0,531,110,11:59:14,2012-07-26
438590,114385,-95.0,531,110,11:41:07,2012-07-26
438620,114385,-95.0,531,110,11:59:26,2012-07-26
438580,114390,-96.0,531,110,11:59:12,2012-07-26
438585,114395,-96.0,531,110,11:59:11,2012-07-26
438595,114395,-95.599998,531,110,11:41:05,2012-07-26
438605,114400,-96.0,531,110,11:41:05,2012-07-26
438610,114400,-96.85714,531,110,11:41:03,2012-07-26
438595,114405,-96.0,531,110,11:59:10,2012-07-26
438605,114405,-95.272728,531,110,11:59:09,2012-07-26
438635,114405,-95.0,531,110,11:59:29,2012-07-26
438615,114410,-98.5,531,110,11:41:03,2012-07-26
438610,114415,-94.5,531,110,11:59:08,2012-07-26
438625,114415,-99.0,531,110,11:41:02,2012-07-26
438645,114415,-95.25,531,110,11:59:31,2012-07-26
438645,114420,-96.0,531,110,11:59:31,2012-07-26
438650,114420,-96.0,531,110,11:59:32,2012-07-26
438625,114425,-94.0,531,110,11:59:06,2012-07-26
438655,114425,-96.0,531,110,11:59:33,2012-07-26
438630,114430,-99.0,531,110,11:41:01,2012-07-26
438655,114430,-96.0,531,110,11:59:33,2012-07-26
438635,114435,-99.0,531,110,11:41:00,2012-07-26
437730,114455,-93.0,531,110,11:55:23,2012-07-26
437720,114465,-93.0,531,110,11:55:25,2012-07-26
437725,114465,-93.0,531,110,11:55:24,2012-07-26
438655,114465,-99.0,531,110,11:40:57,2012-07-26
438650,114470,-99.0,531,110,11:40:55,2012-07-26
438640,114475,-99.0,531,110,11:40:55,2012-07-26
438635,114485,-99.0,531,110,11:40:53,2012-07-26
438705,114515,-99.0,531,110,11:40:46,2012-07-26
438695,114520,-99.0,531,110,11:40:47,2012-07-26
438790,114560,-87.0,531,110,11:40:35,2012-07-26
438790,114570,-85.5,531,110,11:58:42,2012-07-26
438795,114580,-85.75,531,110,11:40:33,2012-07-26
438790,114585,-86.0,531,110,11:40:32,2012-07-26
438385,114590,-95.0,531,110,11:39:41,2012-07-26
438395,114590,-95.0,531,110,11:39:42,2012-07-26
438365,114595,-95.0,531,110,11:39:40,2012-07-26
438370,114595,-95.0,531,110,11:39:40,2012-07-26
438375,114595,-95.0,531,110,11:39:41,2012-07-26
438380,114595,-95.0,531,110,11:39:41,2012-07-26
438790,114595,-84.666664,531,110,11:58:39,2012-07-26
438360,114600,-95.0,531,110,11:39:39,2012-07-26
438365,114600,-95.0,531,110,11:39:40,2012-07-26
438790,114600,-84.0,531,110,11:58:38,2012-07-26
438350,114605,-95.0,531,110,11:39:38,2012-07-26
438355,114605,-95.0,531,110,11:39:39,2012-07-26
438785,114605,-84.0,531,110,11:40:30,2012-07-26
438350,114610,-95.0,531,110,11:39:38,2012-07-26
438785,114610,-83.25,531,110,11:58:38,2012-07-26
438345,114615,-95.0,531,110,11:39:37,2012-07-26
438385,114615,-95.0,531,110,11:57:50,2012-07-26
438780,114615,-83.0,531,110,11:40:29,2012-07-26
438335,114620,-95.0,531,110,11:39:36,2012-07-26
438365,114625,-95.0,531,110,11:57:48,2012-07-26
438780,114625,-81.5,531,110,11:58:36,2012-07-26
438320,114630,-93.0,531,110,11:39:35,2012-07-26
438325,114630,-94.0,531,110,11:39:35,2012-07-26
438330,114630,-95.0,531,110,11:39:36,2012-07-26
438310,114635,-87.0,531,110,11:39:33,2012-07-26
438315,114635,-93.0,531,110,11:39:34,2012-07-26
438320,114635,-93.0,531,110,11:39:35,2012-07-26
438355,114635,-95.75,531,110,11:57:47,2012-07-26
438290,114640,-85.0,531,110,11:39:31,2012-07-26
438295,114640,-85.0,531,110,11:39:32,2012-07-26
438305,114640,-85.0,531,110,11:39:33,2012-07-26
438345,114640,-96.0,531,110,11:57:46,2012-07-26
438560,114640,-92.0,531,110,11:40:04,2012-07-26
438570,114640,-92.0,531,110,11:40:05,2012-07-26
438575,114640,-92.0,531,110,11:40:05,2012-07-26
438770,114640,-81.75,531,110,11:58:35,2012-07-26
438255,114645,-85.0,531,110,11:39:28,2012-07-26
438260,114645,-85.0,531,110,11:39:28,2012-07-26
438265,114645,-85.0,531,110,11:39:29,2012-07-26
438270,114645,-85.0,531,110,11:39:29,2012-07-26
438275,114645,-85.0,531,110,11:39:30,2012-07-26
438285,114645,-85.0,531,110,11:39:31,2012-07-26
438545,114645,-92.0,531,110,11:40:03,2012-07-26
438580,114645,-92.0,531,110,11:40:06,2012-07-26
438765,114645,-82.0,531,110,11:40:26,2012-07-26
438305,114650,-91.5,531,110,11:57:42,2012-07-26
438315,114650,-92.0,531,110,11:57:43,2012-07-26
438330,114650,-93.0,531,110,11:57:45,2012-07-26
438590,114650,-92.0,531,110,11:40:07,2012-07-26
438755,114650,-84.25,531,110,11:40:26,2012-07-26
438250,114655,-85.75,531,110,11:39:27,2012-07-26
438270,114655,-88.199997,531,110,11:57:40,2012-07-26
438285,114655,-90.400002,531,110,11:57:41,2012-07-26
438575,114655,-89.0,531,110,11:58:15,2012-07-26
438590,114655,-91.5,531,110,11:40:08,2012-07-26
438595,114655,-90.0,531,110,11:40:08,2012-07-26
438750,114655,-85.0,531,110,11:40:25,2012-07-26
438260,114660,-87.0,531,110,11:57:39,2012-07-26
438565,114660,-90.333336,531,110,11:58:14,2012-07-26
438575,114660,-89.0,531,110,11:58:14,2012-07-26
438580,114660,-89.0,531,110,11:58:15,2012-07-26
438585,114660,-89.0,531,110,11:58:16,2012-07-26
438595,114660,-90.0,531,110,11:40:09,2012-07-26
438600,114660,-89.25,531,110,11:40:09,2012-07-26
438235,114665,-86.0,531,110,11:39:25,2012-07-26
438255,114665,-87.75,531,110,11:57:38,2012-07-26
438545,114665,-93.0,531,110,11:58:11,2012-07-26
438555,114665,-92.333336,531,110,11:58:12,2012-07-26
438590,114665,-89.0,531,110,11:58:17,2012-07-26
438595,114665,-88.625,531,110,11:58:17,2012-07-26
438600,114665,-87.0,531,110,11:40:09,2012-07-26
438605,114665,-87.0,531,110,11:40:09,2012-07-26
438745,114665,-85.0,531,110,11:40:24,2012-07-26
438225,114670,-86.0,531,110,11:39:25,2012-07-26
438540,114670,-93.0,531,110,11:58:11,2012-07-26
438605,114670,-87.714287,531,110,11:58:19,2012-07-26
438610,114670,-87.0,531,110,11:40:10,2012-07-26
438150,114675,-95.0,531,110,11:57:26,2012-07-26
438155,114675,-95.0,531,110,11:57:26,2012-07-26
438160,114675,-95.0,531,110,11:57:26,2012-07-26
438225,114675,-87.199997,531,110,11:39:24,2012-07-26
438615,114675,-87.0,531,110,11:40:11,2012-07-26
438730,114675,-85.0,531,110,11:58:32,2012-07-26
438160,114680,-95.0,531,110,11:57:27,2012-07-26
438200,114680,-88.0,531,110,11:39:22,2012-07-26
438215,114680,-88.0,531,110,11:39:23,2012-07-26
438240,114680,-87.285713,531,110,11:57:37,2012-07-26
438620,114680,-87.0,531,110,11:40:12,2012-07-26
438625,114680,-87.0,531,110,11:58:21,2012-07-26
438630,114680,-87.0,531,110,11:40:12,2012-07-26
438235,114685,-87.0,531,110,11:57:36,2012-07-26
438630,114685,-87.0,531,110,11:58:21,2012-07-26
438635,114685,-87.0,531,110,11:40:13,2012-07-26
438650,114685,-87.0,531,110,11:40:14,2012-07-26
438645,114690,-87.0,531,110,11:58:23,2012-07-26
438665,114690,-87.0,531,110,11:40:16,2012-07-26
438180,114695,-89.0,531,110,11:57:30,2012-07-26
438225,114695,-87.85714,531,110,11:57:36,2012-07-26
438670,114695,-87.0,531,110,11:58:25,2012-07-26
438680,114695,-87.0,531,110,11:40:17,2012-07-26
438190,114700,-89.25,531,110,11:57:31,2012-07-26
438195,114700,-90.0,531,110,11:57:32,2012-07-26
438200,114705,-89.14286,531,110,11:57:33,2012-07-26
438205,114705,-88.0,531,110,11:57:33,2012-07-26
437850,114750,-95.0,531,110,11:57:00,2012-07-26
437835,114760,-94.0,531,110,11:56:59,2012-07-26
437820,114775,-92.5,531,110,11:56:57,2012-07-26
437815,114780,-91.400002,531,110,11:56:56,2012-07-26
437840,114785,-95.0,531,110,11:37:45,2012-07-26
437810,114790,-89.666664,531,110,11:56:55,2012-07-26
437840,114790,-95.0,531,110,11:37:44,2012-07-26
437840,114795,-95.0,531,110,11:37:44,2012-07-26
437835,114800,-95.0,531,110,11:37:43,2012-07-26
437795,114805,-89.0,531,110,11:56:53,2012-07-26
437835,114805,-95.0,531,110,11:37:42,2012-07-26
437830,114810,-95.0,531,110,11:37:42,2012-07-26
437835,114810,-95.0,531,110,11:37:42,2012-07-26
437790,114815,-90.0,531,110,11:56:51,2012-07-26
437830,114815,-95.0,531,110,11:37:42,2012-07-26
437830,114820,-95.0,531,110,11:37:41,2012-07-26
437785,114830,-90.0,531,110,11:56:50,2012-07-26
437825,114835,-95.0,531,110,11:37:39,2012-07-26
437785,114840,-90.0,531,110,11:56:49,2012-07-26
437785,114850,-90.0,531,110,11:56:48,2012-07-26
437785,114855,-90.0,531,110,11:56:47,2012-07-26
437830,114860,-94.199997,531,110,11:37:37,2012-07-26
437835,114870,-94.0,531,110,11:37:36,2012-07-26
437650,114960,-79.0,531,110,11:56:25,2012-07-26
437650,114965,-79.25,531,110,11:56:26,2012-07-26
437660,114965,-80.0,531,110,11:56:26,2012-07-26
437670,114965,-80.0,531,110,11:56:27,2012-07-26
437935,115000,-95.0,531,110,11:37:00,2012-07-26
444650,116100,-84.0,531,110,15:07:34,2012-08-01
444635,116110,-84.0,531,110,15:07:36,2012-08-01
444630,116115,-84.0,531,110,15:07:37,2012-08-01
438130,118300,-87.0,531,110,13:48:25,2012-07-26
438135,118305,-87.800003,531,110,13:48:27,2012-07-26
438140,118315,-89.0,531,110,13:48:27,2012-07-26
438135,118330,-91.0,531,110,13:48:31,2012-07-26
438130,118335,-91.0,531,110,13:48:32,2012-07-26
438120,118340,-91.0,531,110,13:48:32,2012-07-26
438115,118345,-94.0,531,110,13:48:34,2012-07-26
438105,118350,-93.75,531,110,13:48:35,2012-07-26
438100,118360,-93.199997,531,110,13:48:36,2012-07-26
438095,118365,-94.0,531,110,13:48:38,2012-07-26
438090,118375,-94.0,531,110,13:48:39,2012-07-26
438085,118385,-93.5,531,110,13:48:39,2012-07-26
438080,118390,-92.0,531,110,13:48:40,2012-07-26
438080,118395,-91.75,531,110,13:48:41,2012-07-26
438080,118400,-91.0,531,110,13:48:41,2012-07-26
438085,118405,-91.0,531,110,13:48:42,2012-07-26
438085,118410,-91.0,531,110,13:48:43,2012-07-26
438090,118410,-91.0,531,110,13:48:43,2012-07-26
438090,118415,-90.75,531,110,13:48:44,2012-07-26
438095,118415,-90.0,531,110,13:48:44,2012-07-26
438095,118420,-90.0,531,110,13:48:44,2012-07-26
438100,118425,-90.0,531,110,13:48:45,2012-07-26
438105,118430,-90.0,531,110,13:48:45,2012-07-26
438115,118435,-89.666664,531,110,13:48:46,2012-07-26
438120,118440,-89.0,531,110,13:48:47,2012-07-26
438125,118445,-88.75,531,110,13:48:48,2012-07-26
438140,118455,-88.0,531,110,13:48:49,2012-07-26
438145,118455,-88.0,531,110,13:48:50,2012-07-26
438155,118460,-87.666664,531,110,13:48:51,2012-07-26
438160,118465,-87.0,531,110,13:48:51,2012-07-26
438170,118470,-87.0,531,110,13:48:52,2012-07-26
438210,118495,-86.0,531,110,13:48:56,2012-07-26
438220,118500,-86.0,531,110,13:48:57,2012-07-26
438230,118505,-86.0,531,110,13:48:58,2012-07-26
438235,118515,-86.0,531,110,13:48:59,2012-07-26
438240,118515,-86.25,531,110,13:49:00,2012-07-26
438250,118525,-87.0,531,110,13:49:01,2012-07-26
438260,118525,-87.0,531,110,13:49:02,2012-07-26
444165,119150,-86.928574,531,110,12:05:22,2012-07-30
444165,119155,-85.296295,531,110,12:04:58,2012-07-30
444170,119155,-86.388885,531,110,12:05:16,2012-07-30
444155,119160,-89.0,531,110,12:04:56,2012-07-30
444160,119160,-88.0,531,110,12:05:24,2012-07-30
444165,119160,-85.0,531,110,12:05:25,2012-07-30
444175,119165,-84.0,531,110,12:05:26,2012-07-30
444180,119165,-82.5,531,110,12:05:27,2012-07-30
444185,119170,-81.0,531,110,12:05:28,2012-07-30
444195,119170,-80.599998,531,110,12:05:29,2012-07-30
444225,119170,-82.666664,531,110,12:05:34,2012-07-30
444200,119175,-80.5,531,110,12:05:30,2012-07-30
444210,119175,-82.5,531,110,12:05:32,2012-07-30
444215,119175,-82.75,531,110,12:05:33,2012-07-30
444220,119175,-82.0,531,110,12:04:41,2012-07-30
444225,119175,-84.0,531,110,12:04:41,2012-07-30
444215,119180,-85.0,531,110,12:04:43,2012-07-30
444220,119180,-85.0,531,110,12:04:42,2012-07-30
444205,119185,-85.0,531,110,12:04:45,2012-07-30
444210,119185,-85.0,531,110,12:04:44,2012-07-30
444215,119185,-85.0,531,110,12:04:43,2012-07-30
436175,120430,-60.666668,531,110,13:57:16,2012-07-26
436180,120430,-61.333332,531,110,13:57:55,2012-07-26
436185,120430,-60.0,531,110,13:57:14,2012-07-26
436190,120430,-62.333332,531,110,13:57:57,2012-07-26
436200,120430,-63.333332,531,110,13:57:58,2012-07-26
436170,120435,-61.470589,531,110,13:57:51,2012-07-26
436175,120435,-61.625,531,110,13:57:17,2012-07-26
436190,120435,-60.0,531,110,13:57:13,2012-07-26
436200,120435,-60.0,531,110,13:57:12,2012-07-26
436205,120435,-60.799999,531,110,13:57:12,2012-07-26
436210,120435,-63.5,531,110,13:57:59,2012-07-26
436165,120440,-62.780487,531,110,13:57:34,2012-07-26
436170,120440,-62.363636,531,110,13:57:20,2012-07-26
436215,120440,-62.0,531,110,13:58:00,2012-07-26
436225,120440,-61.5,531,110,13:58:01,2012-07-26
436160,120445,-56.565216,531,110,13:57:24,2012-07-26
436165,120445,-57.666668,531,110,13:57:27,2012-07-26
436220,120445,-60.666668,531,110,13:57:10,2012-07-26
436240,120445,-60.0,531,110,13:58:02,2012-07-26
436235,120450,-60.333332,531,110,13:57:09,2012-07-26
436250,120455,-59.666668,531,110,13:58:04,2012-07-26
436250,120460,-58.666668,531,110,13:57:07,2012-07-26
436255,120460,-58.0,531,110,13:57:07,2012-07-26
436260,120465,-58.0,531,110,13:57:06,2012-07-26
436265,120465,-59.857143,531,110,13:58:05,2012-07-26
436265,120470,-62.0,531,110,13:57:05,2012-07-26
436275,120470,-56.333332,531,110,13:58:07,2012-07-26
436270,120475,-62.0,531,110,13:57:05,2012-07-26
436275,120480,-62.0,531,110,13:57:04,2012-07-26
436280,120480,-55.0,531,110,13:58:08,2012-07-26
436285,120485,-55.0,531,110,13:58:09,2012-07-26
436290,120490,-55.0,531,110,13:58:09,2012-07-26
436285,120495,-60.0,531,110,13:57:03,2012-07-26
436290,120505,-54.0,531,110,13:58:11,2012-07-26
436295,120505,-59.666668,531,110,13:57:02,2012-07-26
436285,120515,-53.0,531,110,13:58:12,2012-07-26
436300,120515,-62.0,531,110,13:57:00,2012-07-26
436275,120525,-56.5,531,110,13:58:14,2012-07-26
436310,120530,-59.666668,531,110,13:56:59,2012-07-26
436270,120535,-58.0,531,110,13:58:16,2012-07-26
436320,120540,-59.333332,531,110,13:56:57,2012-07-26
436330,120550,-60.0,531,110,13:56:56,2012-07-26
436260,120555,-58.0,531,110,13:58:17,2012-07-26
436345,120560,-59.200001,531,110,13:56:54,2012-07-26
436350,120560,-59.0,531,110,13:56:54,2012-07-26
436355,120560,-59.0,531,110,13:56:53,2012-07-26
436360,120560,-59.599998,531,110,13:56:53,2012-07-26
436360,120565,-60.0,531,110,13:56:53,2012-07-26
436365,120565,-60.0,531,110,13:56:52,2012-07-26
436375,120565,-59.25,531,110,13:56:52,2012-07-26
436380,120565,-59.0,531,110,13:56:51,2012-07-26
436390,120565,-56.75,531,110,13:56:50,2012-07-26
436405,120565,-54.666668,531,110,13:56:49,2012-07-26
436425,120565,-51.75,531,110,13:56:47,2012-07-26
436435,120565,-51.0,531,110,13:56:47,2012-07-26
436255,120570,-57.0,531,110,13:58:19,2012-07-26
436445,120570,-47.0,531,110,13:56:46,2012-07-26
436455,120570,-43.5,531,110,13:56:45,2012-07-26
436255,120575,-55.0,531,110,13:58:21,2012-07-26
436465,120575,-41.0,531,110,13:56:43,2012-07-26
436490,120580,-39.333332,531,110,13:56:42,2012-07-26
436500,120580,-39.0,531,110,13:56:40,2012-07-26
436250,120585,-55.5,531,110,13:58:22,2012-07-26
436510,120585,-39.0,531,110,13:56:40,2012-07-26
436525,120585,-39.0,531,110,13:56:39,2012-07-26
436625,120585,-44.0,531,110,13:56:31,2012-07-26
436545,120590,-39.666668,531,110,13:56:38,2012-07-26
436555,120590,-42.666668,531,110,13:56:36,2012-07-26
436560,120590,-44.0,531,110,13:56:35,2012-07-26
436580,120590,-44.0,531,110,13:56:35,2012-07-26
436595,120590,-44.0,531,110,13:56:33,2012-07-26
436605,120590,-44.0,531,110,13:56:32,2012-07-26
436245,120595,-57.142857,531,110,13:58:23,2012-07-26
436245,120605,-58.0,531,110,13:58:24,2012-07-26
436240,120610,-58.599998,531,110,13:58:25,2012-07-26
436235,120620,-61.75,531,110,13:58:26,2012-07-26
436230,120645,-64.75,531,110,13:58:28,2012-07-26
436230,120650,-67.75,531,110,13:58:28,2012-07-26
436225,120665,-70.0,531,110,13:58:29,2012-07-26
436225,120670,-70.666664,531,110,13:58:30,2012-07-26
436260,121595,-95.0,531,110,13:59:45,2012-07-26
436260,121600,-95.0,531,110,13:59:46,2012-07-26
436265,121605,-95.0,531,110,13:59:46,2012-07-26
436265,121610,-95.0,531,110,13:59:47,2012-07-26
436265,121635,-95.0,531,110,13:59:48,2012-07-26
436265,121655,-95.0,531,110,13:59:50,2012-07-26
436260,121675,-95.333336,531,110,13:59:51,2012-07-26
436260,121695,-96.333336,531,110,13:59:52,2012-07-26
436260,121700,-97.0,531,110,13:59:53,2012-07-26
436260,121705,-97.0,531,110,13:59:53,2012-07-26
436260,121710,-97.0,531,110,13:59:53,2012-07-26
436260,121715,-97.0,531,110,13:59:54,2012-07-26
436260,121720,-97.0,531,110,13:59:54,2012-07-26
436260,121725,-97.0,531,110,13:59:54,2012-07-26
436260,121730,-97.0,531,110,13:59:55,2012-07-26
439030,123560,-87.0,531,110,13:57:16,2012-07-30
439035,123565,-85.5,531,110,13:57:17,2012-07-30
439045,123580,-83.666664,531,110,13:57:19,2012-07-30
439055,123595,-82.333336,531,110,13:57:20,2012-07-30
439060,123610,-82.0,531,110,13:57:22,2012-07-30
439055,123625,-84.666664,531,110,13:57:23,2012-07-30
439045,123645,-86.25,531,110,13:57:24,2012-07-30
439040,123660,-87.0,531,110,13:57:26,2012-07-30
439035,123670,-87.0,531,110,13:57:26,2012-07-30
439035,123680,-86.666664,531,110,13:57:27,2012-07-30
439035,123690,-86.0,531,110,13:57:28,2012-07-30
439035,123700,-86.0,531,110,13:57:29,2012-07-30
439035,123705,-86.0,531,110,13:57:29,2012-07-30
439035,123720,-86.0,531,110,13:57:30,2012-07-30
439035,123725,-86.75,531,110,13:57:30,2012-07-30
439035,123730,-89.0,531,110,13:57:31,2012-07-30
439035,123735,-89.0,531,110,13:57:31,2012-07-30
439035,123740,-89.0,531,110,13:57:32,2012-07-30
439030,123750,-89.0,531,110,13:57:33,2012-07-30
439030,123760,-89.0,531,110,13:57:34,2012-07-30
439025,123775,-89.0,531,110,13:57:35,2012-07-30
439020,123800,-89.0,531,110,13:57:36,2012-07-30
439010,123825,-89.0,531,110,13:57:37,2012-07-30
439010,123840,-89.0,531,110,13:57:38,2012-07-30
440585,124180,-99.0,531,110,13:22:34,2012-07-30
440565,124185,-99.0,531,110,13:22:39,2012-07-30
440570,124185,-99.0,531,110,13:22:37,2012-07-30
440575,124185,-99.0,531,110,13:22:37,2012-07-30
440580,124185,-99.0,531,110,13:22:35,2012-07-30
439055,124190,-87.0,531,110,13:58:12,2012-07-30
439060,124190,-87.0,531,110,13:58:13,2012-07-30
440555,124190,-99.0,531,110,13:22:42,2012-07-30
440560,124190,-99.0,531,110,13:22:41,2012-07-30
439065,124195,-87.25,531,110,13:58:14,2012-07-30
440550,124195,-99.0,531,110,13:22:43,2012-07-30
439070,124200,-88.0,531,110,13:58:14,2012-07-30
440550,124200,-99.0,531,110,13:22:44,2012-07-30
439070,124205,-88.0,531,110,13:58:15,2012-07-30
439075,124205,-87.5,531,110,13:58:15,2012-07-30
440545,124205,-99.0,531,110,13:22:45,2012-07-30
439075,124210,-87.0,531,110,13:58:16,2012-07-30
440540,124210,-99.0,531,110,13:22:46,2012-07-30
440605,124210,-97.0,531,110,13:22:28,2012-07-30
439080,124215,-86.199997,531,110,13:58:17,2012-07-30
439090,124220,-83.875,531,110,13:58:18,2012-07-30
440610,124220,-97.0,531,110,13:22:26,2012-07-30
439095,124225,-81.333336,531,110,13:58:21,2012-07-30
440615,124225,-97.0,531,110,13:22:25,2012-07-30
439095,124230,-79.666664,531,110,13:58:22,2012-07-30
440615,124235,-97.0,531,110,13:22:24,2012-07-30
440620,124240,-97.0,531,110,13:23:25,2012-07-30
439090,124245,-79.0,531,110,13:58:24,2012-07-30
439085,124250,-79.0,531,110,13:58:25,2012-07-30
439090,124250,-79.0,531,110,13:58:25,2012-07-30
440625,124250,-97.0,531,110,13:23:23,2012-07-30
439085,124255,-80.0,531,110,13:58:25,2012-07-30
440630,124255,-97.0,531,110,13:22:21,2012-07-30
440630,124260,-97.0,531,110,13:23:22,2012-07-30
439085,124270,-81.0,531,110,13:58:27,2012-07-30
440635,124270,-97.0,531,110,13:22:19,2012-07-30
439080,124275,-81.0,531,110,13:58:28,2012-07-30
440640,124280,-97.0,531,110,13:22:17,2012-07-30
440635,124285,-97.0,531,110,13:22:17,2012-07-30
440635,124290,-97.0,531,110,13:22:16,2012-07-30
439080,124295,-81.0,531,110,13:58:30,2012-07-30
440630,124295,-97.0,531,110,13:22:14,2012-07-30
439080,124300,-81.0,531,110,13:58:30,2012-07-30
440615,124305,-97.0,531,110,13:22:10,2012-07-30
440620,124305,-97.0,531,110,13:22:11,2012-07-30
440610,124310,-97.0,531,110,13:22:09,2012-07-30
439075,124315,-80.0,531,110,13:58:33,2012-07-30
440610,124315,-97.0,531,110,13:21:59,2012-07-30
440605,124320,-97.0,531,110,13:21:56,2012-07-30
440610,124320,-97.0,531,110,13:22:03,2012-07-30
440605,124325,-97.0,531,110,13:21:56,2012-07-30
439080,124330,-76.0,531,110,13:58:33,2012-07-30
440600,124330,-97.0,531,110,13:21:55,2012-07-30
440590,124335,-97.0,531,110,13:21:53,2012-07-30
440595,124335,-97.0,531,110,13:21:54,2012-07-30
440565,124340,-97.0,531,110,13:21:48,2012-07-30
440570,124340,-97.0,531,110,13:21:49,2012-07-30
440575,124340,-97.0,531,110,13:21:51,2012-07-30
440585,124340,-97.0,531,110,13:21:52,2012-07-30
439080,124345,-76.0,531,110,13:58:34,2012-07-30
439080,124355,-76.5,531,110,13:58:35,2012-07-30
439085,124365,-77.666664,531,110,13:58:37,2012-07-30
439080,124395,-76.599998,531,110,13:58:38,2012-07-30
439080,124405,-75.5,531,110,13:58:40,2012-07-30
439075,124420,-74.333336,531,110,13:58:40,2012-07-30
439080,124445,-75.0,531,110,13:58:42,2012-07-30
439080,124455,-75.5,531,110,13:58:43,2012-07-30
439085,124470,-78.222221,531,110,13:58:45,2012-07-30
439090,124480,-80.0,531,110,13:58:45,2012-07-30
439100,124490,-81.714287,531,110,13:58:47,2012-07-30
439105,124505,-83.0,531,110,13:58:48,2012-07-30
439110,124505,-83.0,531,110,13:58:48,2012-07-30
439110,124510,-83.0,531,110,13:58:48,2012-07-30
439115,124520,-83.0,531,110,13:58:49,2012-07-30
439125,124535,-83.0,531,110,13:58:51,2012-07-30
439130,124545,-83.0,531,110,13:58:52,2012-07-30
439130,124550,-83.0,531,110,13:58:52,2012-07-30
439140,124565,-83.0,531,110,13:58:54,2012-07-30
439140,124570,-83.0,531,110,13:58:54,2012-07-30
439145,124580,-83.0,531,110,13:58:55,2012-07-30
439150,124590,-83.0,531,110,13:58:56,2012-07-30
439155,124595,-83.0,531,110,13:58:57,2012-07-30
439155,124600,-83.0,531,110,13:58:57,2012-07-30
439160,124605,-83.0,531,110,13:58:58,2012-07-30
439165,124620,-83.666664,531,110,13:58:59,2012-07-30
439170,124625,-85.0,531,110,13:59:00,2012-07-30
439170,124630,-84.5,531,110,13:59:01,2012-07-30
439170,124635,-83.0,531,110,13:59:01,2012-07-30
439165,124640,-82.75,531,110,13:59:02,2012-07-30
439165,124645,-82.0,531,110,13:59:03,2012-07-30
439160,124650,-81.25,531,110,13:59:04,2012-07-30
439155,124660,-79.0,531,110,13:59:04,2012-07-30
439155,124665,-79.0,531,110,13:59:05,2012-07-30
439150,124675,-79.0,531,110,13:59:06,2012-07-30
439150,124680,-79.0,531,110,13:59:07,2012-07-30
439150,124690,-79.0,531,110,13:59:08,2012-07-30
439150,124700,-80.0,531,110,13:59:09,2012-07-30
439150,124710,-80.0,531,110,13:59:10,2012-07-30
439150,124720,-81.0,531,110,13:59:11,2012-07-30
439155,124745,-82.666664,531,110,13:59:14,2012-07-30
441530,124750,-103.0,531,110,13:18:48,2012-07-30
439155,124755,-82.0,531,110,13:59:15,2012-07-30
441210,124760,-99.0,531,110,13:19:10,2012-07-30
439155,124765,-82.0,531,110,13:59:16,2012-07-30
441545,124765,-103.75,531,110,13:18:46,2012-07-30
441195,124770,-99.0,531,110,13:19:11,2012-07-30
439150,124775,-82.0,531,110,13:59:17,2012-07-30
441135,124775,-99.0,531,110,13:19:15,2012-07-30
441155,124775,-99.0,531,110,13:19:14,2012-07-30
441560,124775,-104.66666,531,110,13:18:46,2012-07-30
439145,124785,-80.5,531,110,13:59:18,2012-07-30
441585,124790,-105.0,531,110,13:18:44,2012-07-30
441660,124790,-105.0,531,110,13:18:39,2012-07-30
439145,124795,-78.833336,531,110,13:59:19,2012-07-30
441605,124795,-105.0,531,110,13:18:43,2012-07-30
441620,124795,-105.0,531,110,13:18:42,2012-07-30
441625,124795,-105.0,531,110,13:18:41,2012-07-30
441685,124795,-105.0,531,110,13:18:36,2012-07-30
439140,124810,-78.0,531,110,13:59:19,2012-07-30
439140,124820,-78.0,531,110,13:59:21,2012-07-30
439140,124835,-78.0,531,110,13:59:22,2012-07-30
439140,124845,-78.0,531,110,13:59:23,2012-07-30
439140,124880,-78.0,531,110,13:59:25,2012-07-30
439140,124910,-79.0,531,110,13:59:26,2012-07-30
439140,124915,-81.0,531,110,13:59:28,2012-07-30
442115,124940,-98.0,531,110,13:17:59,2012-07-30
442130,124940,-98.0,531,110,13:17:58,2012-07-30
442150,124945,-98.0,531,110,13:17:58,2012-07-30
439145,124970,-78.0,531,110,13:59:31,2012-07-30
439150,124995,-78.25,531,110,13:59:34,2012-07-30
442285,125000,-96.0,531,110,13:17:49,2012-07-30
439155,125005,-78.75,531,110,13:59:35,2012-07-30
442310,125015,-96.0,531,110,13:17:48,2012-07-30
439165,125030,-77.599998,531,110,13:59:36,2012-07-30
442325,125030,-96.5,531,110,13:17:46,2012-07-30
439165,125040,-77.0,531,110,13:59:38,2012-07-30
442340,125040,-97.0,531,110,13:17:45,2012-07-30
439190,125065,-76.0,531,110,13:59:41,2012-07-30
439195,125070,-76.0,531,110,13:59:41,2012-07-30
439195,125075,-76.0,531,110,13:59:42,2012-07-30
439195,125080,-76.0,531,110,13:59:43,2012-07-30
439195,125085,-76.0,531,110,13:59:43,2012-07-30
439195,125090,-76.0,531,110,13:59:44,2012-07-30
439195,125100,-77.0,531,110,13:59:45,2012-07-30
439195,125105,-78.0,531,110,13:59:45,2012-07-30
439195,125110,-78.0,531,110,13:59:46,2012-07-30
439200,125110,-78.25,531,110,13:59:46,2012-07-30
439200,125120,-79.0,531,110,13:59:47,2012-07-30
439200,125125,-79.0,531,110,13:59:48,2012-07-30
439205,125210,-73.0,531,110,13:59:56,2012-07-30
439205,125220,-73.0,531,110,13:59:57,2012-07-30
439205,125235,-73.0,531,110,13:59:59,2012-07-30
439205,125250,-73.0,531,110,14:00:00,2012-07-30
439205,125260,-73.0,531,110,14:00:01,2012-07-30
439205,125280,-73.0,531,110,14:00:02,2012-07-30
439210,125295,-73.199997,531,110,14:00:03,2012-07-30
439210,125310,-74.0,531,110,14:00:05,2012-07-30
439210,125320,-73.428574,531,110,14:00:06,2012-07-30
439215,125335,-73.0,531,110,14:00:07,2012-07-30
439215,125350,-73.0,531,110,14:00:08,2012-07-30
439215,125360,-73.0,531,110,14:00:09,2012-07-30
439210,125370,-72.75,531,110,14:00:10,2012-07-30
439210,125380,-72.0,531,110,14:00:11,2012-07-30
439205,125390,-72.0,531,110,14:00:12,2012-07-30
439205,125400,-72.0,531,110,14:00:13,2012-07-30
439205,125410,-73.0,531,110,14:00:14,2012-07-30
439205,125420,-74.36364,531,110,14:00:15,2012-07-30
439205,125435,-75.333336,531,110,14:00:17,2012-07-30
439205,125445,-76.0,531,110,14:00:18,2012-07-30
439205,125470,-75.666664,531,110,14:00:20,2012-07-30
439205,125480,-74.5,531,110,14:00:21,2012-07-30
439205,125495,-73.199997,531,110,14:00:23,2012-07-30
439205,125505,-72.25,531,110,14:00:24,2012-07-30
439205,125515,-73.0,531,110,14:00:25,2012-07-30
439210,125520,-73.25,531,110,14:00:25,2012-07-30
439210,125525,-74.0,531,110,14:00:26,2012-07-30
439215,125530,-74.0,531,110,14:00:26,2012-07-30
439215,125535,-74.333336,531,110,14:00:27,2012-07-30
439220,125540,-75.0,531,110,14:00:27,2012-07-30
439220,125545,-75.0,531,110,14:00:28,2012-07-30
439225,125550,-75.25,531,110,14:00:28,2012-07-30
439225,125555,-76.0,531,110,14:00:29,2012-07-30
439230,125560,-76.0,531,110,14:00:29,2012-07-30
439230,125565,-76.0,531,110,14:00:30,2012-07-30
439230,125575,-79.0,531,110,14:00:31,2012-07-30
439235,125585,-79.0,531,110,14:00:32,2012-07-30
439235,125590,-78.800003,531,110,14:00:32,2012-07-30
439240,125595,-78.0,531,110,14:00:33,2012-07-30
439240,125600,-78.0,531,110,14:00:33,2012-07-30
439240,125605,-78.0,531,110,14:00:34,2012-07-30
439245,125605,-78.0,531,110,14:00:34,2012-07-30
439245,125610,-78.0,531,110,14:00:35,2012-07-30
439250,125620,-78.5,531,110,14:00:35,2012-07-30
439255,125625,-79.0,531,110,14:00:37,2012-07-30
439260,125640,-80.0,531,110,14:00:38,2012-07-30
439265,125650,-81.666664,531,110,14:00:40,2012-07-30
439270,125660,-81.0,531,110,14:00:41,2012-07-30
439270,125675,-80.0,531,110,14:00:42,2012-07-30
439270,125680,-78.0,531,110,14:00:43,2012-07-30
439270,125685,-77.5,531,110,14:00:44,2012-07-30
439265,125695,-75.699997,531,110,14:00:45,2012-07-30
439260,125705,-75.0,531,110,14:00:46,2012-07-30
439260,125710,-75.800003,531,110,14:00:46,2012-07-30
439255,125715,-77.0,531,110,14:00:48,2012-07-30
439250,125730,-77.0,531,110,14:00:49,2012-07-30
439250,125740,-76.833336,531,110,14:00:50,2012-07-30
439250,125755,-75.666664,531,110,14:00:52,2012-07-30
439255,125760,-75.0,531,110,14:00:53,2012-07-30
439260,125770,-75.0,531,110,14:00:54,2012-07-30
439270,125780,-75.0,531,110,14:00:55,2012-07-30
439285,125790,-75.0,531,110,14:00:57,2012-07-30
439295,125800,-75.0,531,110,14:00:59,2012-07-30
439305,125810,-75.0,531,110,14:01:00,2012-07-30
439315,125820,-75.0,531,110,14:01:01,2012-07-30
439320,125830,-75.0,531,110,14:01:02,2012-07-30
439155,126555,-78.0,531,110,14:03:53,2012-07-30
439155,126565,-78.0,531,110,14:03:54,2012-07-30
439185,126645,-76.0,531,110,14:04:04,2012-07-30
439195,126645,-75.666664,531,110,14:04:05,2012-07-30
439200,126650,-75.0,531,110,14:04:06,2012-07-30
439210,126675,-74.0,531,110,14:04:09,2012-07-30
439210,126685,-74.0,531,110,14:04:10,2012-07-30
439215,126690,-73.75,531,110,14:04:11,2012-07-30
439215,126700,-72.5,531,110,14:04:12,2012-07-30
439220,126705,-70.833336,531,110,14:04:13,2012-07-30
439230,126715,-70.0,531,110,14:04:14,2012-07-30
439235,126720,-70.0,531,110,14:04:15,2012-07-30
439245,126725,-72.0,531,110,14:04:16,2012-07-30
439255,126740,-72.0,531,110,14:04:18,2012-07-30
438750,127070,-89.0,531,110,14:06:10,2012-07-30
438755,127070,-89.0,531,110,14:06:10,2012-07-30
438765,127075,-88.75,531,110,14:06:11,2012-07-30
438770,127080,-88.0,531,110,14:06:12,2012-07-30
438780,127085,-88.0,531,110,14:06:13,2012-07-30
438815,127100,-86.0,531,110,14:06:16,2012-07-30
438820,127100,-86.0,531,110,14:06:16,2012-07-30
438830,127105,-85.75,531,110,14:06:17,2012-07-30
438835,127110,-85.0,531,110,14:06:18,2012-07-30
438845,127115,-84.5,531,110,14:06:18,2012-07-30
438855,127120,-83.0,531,110,14:06:19,2012-07-30
438865,127125,-82.333336,531,110,14:06:20,2012-07-30
438870,127130,-81.0,531,110,14:06:20,2012-07-30
438875,127135,-81.0,531,110,14:06:21,2012-07-30
438880,127135,-80.199997,531,110,14:06:21,2012-07-30
438885,127140,-79.0,531,110,14:06:22,2012-07-30
438890,127140,-79.0,531,110,14:06:22,2012-07-30
