442865,118565,-77.0,530,114,12:12:33,2012-07-30
442870,118565,-76.14286,530,114,12:12:32,2012-07-30
442875,118565,-76.599998,530,114,12:12:32,2012-07-30
442880,118570,-77.0,530,114,12:12:31,2012-07-30
442885,118570,-75.5,530,114,12:12:30,2012-07-30
442890,118575,-75.0,530,114,12:12:30,2012-07-30
442895,118585,-72.75,530,114,12:12:29,2012-07-30
442905,118595,-70.0,530,114,12:12:27,2012-07-30
442910,118600,-68.400002,530,114,12:12:26,2012-07-30
442915,118600,-67.5,530,114,12:12:25,2012-07-30
442935,118600,-67.428574,530,114,12:12:22,2012-07-30
442945,118600,-69.0,530,114,12:12:21,2012-07-30
442950,118600,-72.555557,530,114,12:12:20,2012-07-30
442970,118600,-73.307693,530,114,12:12:18,2012-07-30
442975,118605,-73.0,530,114,12:12:17,2012-07-30
442980,118610,-73.0,530,114,12:12:16,2012-07-30
442990,118615,-71.199997,530,114,12:12:15,2012-07-30
442995,118620,-70.0,530,114,12:12:14,2012-07-30
443005,118620,-67.0,530,114,12:12:13,2012-07-30
443010,118625,-66.75,530,114,12:12:12,2012-07-30
443020,118625,-67.0,530,114,12:12:11,2012-07-30
443025,118630,-67.0,530,114,12:12:10,2012-07-30
443030,118630,-67.75,530,114,12:12:09,2012-07-30
443045,118635,-68.833336,530,114,12:12:08,2012-07-30
443045,118640,-69.0,530,114,12:12:06,2012-07-30
443045,118650,-67.666664,530,114,12:12:05,2012-07-30
443045,118660,-67.0,530,114,12:12:03,2012-07-30
443050,118665,-67.0,530,114,12:12:03,2012-07-30
443050,118675,-67.75,530,114,12:12:02,2012-07-30
443050,118680,-68.0,530,114,12:12:01,2012-07-30
443055,118685,-68.0,530,114,12:12:00,2012-07-30
443055,118690,-68.0,530,114,12:11:59,2012-07-30
443065,118695,-68.75,530,114,12:11:58,2012-07-30
443065,118700,-69.0,530,114,12:11:57,2012-07-30
443070,118700,-70.5,530,114,12:11:56,2012-07-30
443075,118700,-71.0,530,114,12:11:56,2012-07-30
443085,118700,-69.5,530,114,12:11:55,2012-07-30
443090,118700,-69.0,530,114,12:11:54,2012-07-30
443095,118700,-69.75,530,114,12:11:53,2012-07-30
443100,118700,-70.0,530,114,12:11:53,2012-07-30
443105,118700,-70.0,530,114,12:11:53,2012-07-30
443110,118700,-70.0,530,114,12:11:51,2012-07-30
443115,118700,-70.0,530,114,12:11:51,2012-07-30
443120,118705,-70.0,530,114,12:11:50,2012-07-30
443125,118705,-70.0,530,114,12:11:50,2012-07-30
443125,118710,-68.800003,530,114,12:11:49,2012-07-30
443130,118730,-68.0,530,114,12:11:47,2012-07-30
443135,118740,-68.800003,530,114,12:11:47,2012-07-30
443135,118745,-67.5,530,114,12:11:45,2012-07-30
443140,118755,-66.5,530,114,12:11:44,2012-07-30
443150,118760,-66.833336,530,114,12:11:42,2012-07-30
443160,118760,-67.25,530,114,12:11:39,2012-07-30
443175,118760,-68.666664,530,114,12:11:38,2012-07-30
443180,118765,-69.0,530,114,12:11:37,2012-07-30
443185,118770,-69.0,530,114,12:11:36,2012-07-30
443185,118775,-68.25,530,114,12:11:35,2012-07-30
443190,118785,-67.333336,530,114,12:11:34,2012-07-30
443195,118790,-67.0,530,114,12:11:33,2012-07-30
443195,118800,-65.400002,530,114,12:11:32,2012-07-30
443200,118805,-65.0,530,114,12:11:31,2012-07-30
443205,118810,-65.0,530,114,12:11:30,2012-07-30
443210,118815,-65.75,530,114,12:11:29,2012-07-30
443220,118815,-66.5,530,114,12:11:28,2012-07-30
443285,118815,-68.800003,530,114,12:11:21,2012-07-30
443230,118820,-66.5,530,114,12:11:27,2012-07-30
443235,118820,-66.0,530,114,12:11:26,2012-07-30
443245,118820,-66.0,530,114,12:11:25,2012-07-30
443255,118820,-66.0,530,114,12:11:24,2012-07-30
443275,118820,-67.333336,530,114,12:11:22,2012-07-30
443290,118820,-69.0,530,114,12:11:20,2012-07-30
443300,118820,-69.75,530,114,12:11:20,2012-07-30
443305,118820,-69.25,530,114,12:11:18,2012-07-30
443320,118830,-69.666664,530,114,12:11:17,2012-07-30
443325,118835,-70.0,530,114,12:11:16,2012-07-30
443325,118840,-70.75,530,114,12:11:15,2012-07-30
443330,118850,-71.599998,530,114,12:11:14,2012-07-30
443330,118860,-72.75,530,114,12:11:13,2012-07-30
443330,118865,-73.0,530,114,12:11:12,2012-07-30
443330,118870,-73.400002,530,114,12:11:13,2012-07-30
443320,118885,-73.0,530,114,12:11:09,2012-07-30
443325,118885,-73.25,530,114,12:11:10,2012-07-30
443320,118895,-73.0,530,114,12:11:08,2012-07-30
443315,118900,-73.0,530,114,12:11:08,2012-07-30
443315,118905,-73.0,530,114,12:11:07,2012-07-30
443310,118910,-73.0,530,114,12:11:06,2012-07-30
443310,118915,-72.25,530,114,12:11:06,2012-07-30
443310,118920,-72.0,530,114,12:11:05,2012-07-30
443310,118925,-72.75,530,114,12:11:04,2012-07-30
443310,118930,-73.0,530,114,12:11:03,2012-07-30
443315,118935,-70.75,530,114,12:11:03,2012-07-30
443315,118940,-70.0,530,114,12:11:02,2012-07-30
443320,118940,-67.0,530,114,12:11:01,2012-07-30
443325,118950,-62.25,530,114,12:11:00,2012-07-30
443330,118955,-61.0,530,114,12:10:59,2012-07-30
443335,118955,-60.25,530,114,12:10:58,2012-07-30
443350,118965,-60.0,530,114,12:10:57,2012-07-30
443360,118970,-65.25,530,114,12:10:56,2012-07-30
443370,118975,-67.75,530,114,12:10:54,2012-07-30
443380,118985,-68.0,530,114,12:10:54,2012-07-30
443395,118990,-73.53846,530,114,12:10:53,2012-07-30
443400,118995,-75.0,530,114,12:10:50,2012-07-30
443405,119000,-75.0,530,114,12:10:49,2012-07-30
443405,119010,-71.333336,530,114,12:10:47,2012-07-30
443405,119015,-69.199997,530,114,12:10:45,2012-07-30
443405,119020,-68.5,530,114,12:10:43,2012-07-30
443405,119025,-67.0,530,114,12:10:42,2012-07-30
443410,119025,-67.85714,530,114,12:10:42,2012-07-30
443445,119025,-67.0,530,114,12:10:32,2012-07-30
443450,119025,-68.5,530,114,12:10:32,2012-07-30
443455,119025,-70.333336,530,114,12:10:30,2012-07-30
443415,119030,-67.333336,530,114,12:10:38,2012-07-30
443420,119030,-67.0,530,114,12:10:37,2012-07-30
443425,119030,-67.75,530,114,12:10:36,2012-07-30
443430,119030,-68.0,530,114,12:10:35,2012-07-30
443435,119030,-67.25,530,114,12:10:34,2012-07-30
443465,119030,-71.0,530,114,12:10:29,2012-07-30
443470,119030,-71.0,530,114,12:10:28,2012-07-30
443480,119035,-74.444443,530,114,12:10:27,2012-07-30
443500,119040,-76.5,530,114,12:10:24,2012-07-30
443505,119045,-74.5,530,114,12:10:23,2012-07-30
443515,119045,-74.0,530,114,12:10:22,2012-07-30
443520,119045,-74.0,530,114,12:10:21,2012-07-30
443525,119050,-71.599998,530,114,12:10:19,2012-07-30
443530,119050,-69.5,530,114,12:10:19,2012-07-30
443535,119050,-69.0,530,114,12:10:18,2012-07-30
443540,119050,-69.800003,530,114,12:10:17,2012-07-30
443545,119050,-70.0,530,114,12:10:15,2012-07-30
443555,119050,-70.0,530,114,12:10:15,2012-07-30
443565,119050,-70.0,530,114,12:10:13,2012-07-30
443570,119050,-70.0,530,114,12:10:13,2012-07-30
443575,119050,-70.0,530,114,12:10:12,2012-07-30
438610,119910,-76.0,530,114,13:53:30,2012-07-26
438600,119920,-76.0,530,114,13:53:31,2012-07-26
438605,119920,-76.0,530,114,13:53:30,2012-07-26
438580,119925,-76.0,530,114,13:53:33,2012-07-26
438590,119925,-76.0,530,114,13:53:32,2012-07-26
438595,119925,-76.0,530,114,13:53:32,2012-07-26
438565,119930,-76.0,530,114,13:53:35,2012-07-26
438575,119930,-76.0,530,114,13:53:34,2012-07-26
438550,119935,-76.0,530,114,13:53:36,2012-07-26
438560,119935,-76.0,530,114,13:53:35,2012-07-26
438535,119940,-73.0,530,114,13:53:38,2012-07-26
438540,119940,-75.0,530,114,13:53:37,2012-07-26
438535,119945,-72.599998,530,114,13:53:39,2012-07-26
438530,119950,-72.0,530,114,13:53:39,2012-07-26
438530,119955,-71.599998,530,114,13:53:40,2012-07-26
438530,119960,-71.0,530,114,13:53:41,2012-07-26
438530,119965,-71.25,530,114,13:53:42,2012-07-26
438530,119970,-72.0,530,114,13:53:42,2012-07-26
438530,119975,-72.75,530,114,13:53:43,2012-07-26
438535,119990,-75.25,530,114,13:53:44,2012-07-26
438535,119995,-76.0,530,114,13:53:45,2012-07-26
438535,120000,-76.25,530,114,13:53:46,2012-07-26
438535,120005,-77.0,530,114,13:53:46,2012-07-26
438535,120010,-76.666664,530,114,13:53:47,2012-07-26
438535,120015,-75.199997,530,114,13:53:49,2012-07-26
438530,120020,-72.0,530,114,13:53:49,2012-07-26
438525,120025,-70.333336,530,114,13:53:50,2012-07-26
438510,120030,-59.285713,530,114,13:53:53,2012-07-26
438515,120030,-61.0,530,114,13:53:52,2012-07-26
438520,120030,-65.5,530,114,13:53:51,2012-07-26
438485,120035,-57.0,530,114,13:53:55,2012-07-26
438495,120035,-57.81818,530,114,13:53:54,2012-07-26
438475,120040,-58.200001,530,114,13:53:56,2012-07-26
438470,120045,-60.666668,530,114,13:53:57,2012-07-26
438465,120055,-63.333332,530,114,13:53:58,2012-07-26
438465,120065,-67.0,530,114,13:53:59,2012-07-26
438465,120085,-72.333336,530,114,13:54:01,2012-07-26
438460,120100,-75.5,530,114,13:54:03,2012-07-26
438460,120110,-77.0,530,114,13:54:03,2012-07-26
438455,120120,-77.75,530,114,13:54:04,2012-07-26
438455,120130,-80.199997,530,114,13:54:05,2012-07-26
438450,120140,-81.0,530,114,13:54:06,2012-07-26
438450,120150,-81.0,530,114,13:54:07,2012-07-26
438420,120160,-71.0,530,114,13:43:52,2012-07-30
438430,120160,-71.0,530,114,13:43:51,2012-07-30
438440,120160,-71.75,530,114,13:43:51,2012-07-30
438450,120160,-72.0,530,114,13:43:50,2012-07-30
438465,120160,-72.0,530,114,13:43:49,2012-07-30
438475,120160,-72.0,530,114,13:43:49,2012-07-30
438485,120160,-72.0,530,114,13:43:48,2012-07-30
438495,120160,-72.0,530,114,13:43:47,2012-07-30
438510,120160,-72.0,530,114,13:43:47,2012-07-30
438515,120160,-72.0,530,114,13:43:46,2012-07-30
438520,120160,-72.0,530,114,13:43:46,2012-07-30
438525,120160,-72.0,530,114,13:43:46,2012-07-30
438530,120160,-72.0,530,114,13:43:45,2012-07-30
438385,120165,-72.0,530,114,13:43:54,2012-07-30
438395,120165,-71.25,530,114,13:43:54,2012-07-30
438410,120165,-71.0,530,114,13:43:53,2012-07-30
438265,120170,-66.666664,530,114,13:44:05,2012-07-30
438270,120170,-68.0,530,114,13:44:04,2012-07-30
438275,120170,-68.666664,530,114,13:44:04,2012-07-30
438280,120170,-69.0,530,114,13:44:02,2012-07-30
438300,120170,-69.0,530,114,13:44:01,2012-07-30
438315,120170,-70.5,530,114,13:43:59,2012-07-30
438325,120170,-71.0,530,114,13:43:59,2012-07-30
438330,120170,-70.25,530,114,13:43:58,2012-07-30
438340,120170,-70.0,530,114,13:43:57,2012-07-30
438350,120170,-72.25,530,114,13:43:57,2012-07-30
438375,120170,-72.333336,530,114,13:43:55,2012-07-30
438265,120175,-66.599998,530,114,13:44:07,2012-07-30
438270,120175,-71.0,530,114,13:54:25,2012-07-26
438275,120175,-71.0,530,114,13:54:24,2012-07-26
438280,120175,-71.0,530,114,13:54:24,2012-07-26
438285,120175,-71.75,530,114,13:54:24,2012-07-26
438295,120175,-72.0,530,114,13:54:23,2012-07-26
438230,120180,-70.0,530,114,13:54:27,2012-07-26
438240,120180,-70.0,530,114,13:54:27,2012-07-26
438250,120180,-70.0,530,114,13:54:26,2012-07-26
438260,120180,-70.75,530,114,13:54:25,2012-07-26
438270,120180,-69.0,530,114,13:44:08,2012-07-30
438295,120180,-72.0,530,114,13:54:23,2012-07-26
438305,120180,-72.0,530,114,13:54:22,2012-07-26
438315,120180,-72.0,530,114,13:54:22,2012-07-26
438325,120180,-72.0,530,114,13:54:21,2012-07-26
438335,120180,-72.0,530,114,13:54:20,2012-07-26
438340,120180,-72.0,530,114,13:54:20,2012-07-26
438365,120180,-72.0,530,114,13:54:18,2012-07-26
438195,120185,-68.333336,530,114,13:54:30,2012-07-26
438215,120185,-69.75,530,114,13:54:28,2012-07-26
438270,120185,-69.400002,530,114,13:44:09,2012-07-30
438150,120190,-64.75,530,114,13:54:32,2012-07-26
438160,120190,-65.0,530,114,13:54:32,2012-07-26
438170,120190,-66.333336,530,114,13:54:31,2012-07-26
438275,120190,-71.25,530,114,13:44:11,2012-07-30
438115,120195,-65.0,530,114,13:54:35,2012-07-26
438125,120195,-64.333336,530,114,13:54:34,2012-07-26
438140,120195,-64.0,530,114,13:54:33,2012-07-26
438095,120200,-66.0,530,114,13:54:36,2012-07-26
438105,120200,-65.5,530,114,13:54:35,2012-07-26
438280,120200,-75.199997,530,114,13:44:11,2012-07-30
438085,120205,-66.0,530,114,13:54:37,2012-07-26
438090,120205,-66.0,530,114,13:54:36,2012-07-26
438285,120205,-76.400002,530,114,13:44:13,2012-07-30
438075,120210,-66.0,530,114,13:54:37,2012-07-26
438050,120215,-65.5,530,114,13:54:39,2012-07-26
438055,120215,-66.0,530,114,13:54:39,2012-07-26
438060,120215,-66.0,530,114,13:54:38,2012-07-26
438030,120225,-63.799999,530,114,13:54:41,2012-07-26
438300,120225,-77.75,530,114,13:44:15,2012-07-30
438300,120230,-77.0,530,114,13:44:15,2012-07-30
438000,120235,-63.400002,530,114,13:54:42,2012-07-26
438010,120235,-63.0,530,114,13:54:42,2012-07-26
438305,120235,-77.0,530,114,13:44:16,2012-07-30
437845,120240,-54.0,530,114,13:54:53,2012-07-26
437860,120240,-58.0,530,114,13:54:52,2012-07-26
437985,120240,-64.0,530,114,13:54:44,2012-07-26
438305,120240,-77.333336,530,114,13:44:16,2012-07-30
437815,120245,-49.0,530,114,13:54:55,2012-07-26
437830,120245,-51.75,530,114,13:54:54,2012-07-26
437875,120245,-62.0,530,114,13:54:51,2012-07-26
437895,120245,-63.599998,530,114,13:54:49,2012-07-26
437910,120245,-64.0,530,114,13:54:49,2012-07-26
437925,120245,-66.400002,530,114,13:54:48,2012-07-26
437950,120245,-66.25,530,114,13:54:47,2012-07-26
437965,120245,-64.5,530,114,13:54:45,2012-07-26
437790,120250,-47.0,530,114,13:54:56,2012-07-26
437775,120255,-47.0,530,114,13:54:58,2012-07-26
438315,120255,-77.666664,530,114,13:44:18,2012-07-30
438315,120260,-77.0,530,114,13:44:18,2012-07-30
438320,120265,-77.5,530,114,13:44:19,2012-07-30
437755,120270,-47.0,530,114,13:54:58,2012-07-26
438325,120270,-79.0,530,114,13:44:20,2012-07-30
437740,120275,-47.0,530,114,13:55:00,2012-07-26
438330,120275,-79.0,530,114,13:44:20,2012-07-30
437720,120290,-48.666668,530,114,13:55:02,2012-07-26
438345,120290,-79.5,530,114,13:44:22,2012-07-30
438350,120295,-81.0,530,114,13:44:23,2012-07-30
438355,120300,-81.5,530,114,13:44:23,2012-07-30
437700,120305,-52.666668,530,114,13:55:03,2012-07-26
438355,120310,-83.0,530,114,13:44:24,2012-07-30
438360,120315,-83.0,530,114,13:44:25,2012-07-30
438365,120320,-83.0,530,114,13:44:25,2012-07-30
437670,120325,-54.666668,530,114,13:55:05,2012-07-26
438365,120325,-83.333336,530,114,13:44:26,2012-07-30
438365,120330,-84.0,530,114,13:44:27,2012-07-30
437635,120335,-57.0,530,114,13:55:07,2012-07-26
437645,120335,-56.25,530,114,13:55:06,2012-07-26
438370,120335,-84.0,530,114,13:44:27,2012-07-30
437610,120340,-56.0,530,114,13:55:08,2012-07-26
437625,120340,-56.666668,530,114,13:55:08,2012-07-26
438370,120340,-84.0,530,114,13:44:28,2012-07-30
437585,120345,-57.0,530,114,13:55:10,2012-07-26
437595,120345,-56.25,530,114,13:55:09,2012-07-26
437550,120350,-57.0,530,114,13:55:12,2012-07-26
437565,120350,-57.0,530,114,13:55:11,2012-07-26
437575,120350,-57.0,530,114,13:55:10,2012-07-26
437515,120355,-58.0,530,114,13:55:14,2012-07-26
437525,120355,-57.333332,530,114,13:55:13,2012-07-26
437535,120355,-57.0,530,114,13:55:13,2012-07-26
437480,120360,-56.666668,530,114,13:55:16,2012-07-26
437490,120360,-58.0,530,114,13:55:15,2012-07-26
437500,120360,-58.0,530,114,13:55:15,2012-07-26
437450,120365,-53.25,530,114,13:55:18,2012-07-26
437465,120365,-54.0,530,114,13:55:17,2012-07-26
437420,120370,-51.0,530,114,13:55:20,2012-07-26
437430,120370,-51.0,530,114,13:55:19,2012-07-26
437440,120370,-51.0,530,114,13:55:18,2012-07-26
437390,120375,-47.5,530,114,13:55:22,2012-07-26
437400,120375,-48.0,530,114,13:55:21,2012-07-26
437410,120375,-50.25,530,114,13:55:20,2012-07-26
437365,120380,-46.0,530,114,13:55:23,2012-07-26
437370,120380,-46.0,530,114,13:55:23,2012-07-26
437340,120385,-46.0,530,114,13:55:25,2012-07-26
437345,120385,-46.0,530,114,13:55:25,2012-07-26
437350,120385,-46.0,530,114,13:55:24,2012-07-26
437355,120385,-46.0,530,114,13:55:24,2012-07-26
437360,120385,-46.0,530,114,13:55:24,2012-07-26
437325,120390,-44.0,530,114,13:55:27,2012-07-26
437330,120390,-45.142857,530,114,13:55:26,2012-07-26
437335,120390,-46.0,530,114,13:55:26,2012-07-26
437340,120390,-46.0,530,114,13:55:25,2012-07-26
437305,120395,-43.0,530,114,13:55:28,2012-07-26
437315,120395,-43.666668,530,114,13:55:27,2012-07-26
437295,120400,-42.75,530,114,13:55:29,2012-07-26
437275,120405,-42.0,530,114,13:55:30,2012-07-26
437255,120410,-42.0,530,114,13:55:32,2012-07-26
437240,120415,-42.0,530,114,13:55:33,2012-07-26
437250,120415,-42.0,530,114,13:55:32,2012-07-26
437225,120420,-41.333332,530,114,13:55:35,2012-07-26
437210,120430,-39.666668,530,114,13:55:36,2012-07-26
437190,120435,-38.666668,530,114,13:55:37,2012-07-26
437175,120440,-37.75,530,114,13:55:39,2012-07-26
437170,120445,-37.0,530,114,13:55:39,2012-07-26
437150,120450,-38.0,530,114,13:55:41,2012-07-26
437155,120450,-37.666668,530,114,13:55:42,2012-07-26
437160,120450,-37.333332,530,114,13:55:40,2012-07-26
437130,120460,-37.400002,530,114,13:55:43,2012-07-26
437135,120460,-37.0,530,114,13:55:42,2012-07-26
437120,120465,-38.0,530,114,13:55:44,2012-07-26
437110,120470,-38.0,530,114,13:55:45,2012-07-26
437100,120475,-38.0,530,114,13:55:46,2012-07-26
437090,120480,-38.400002,530,114,13:55:47,2012-07-26
437065,120490,-39.0,530,114,13:55:49,2012-07-26
437075,120490,-39.0,530,114,13:55:49,2012-07-26
437055,120495,-39.0,530,114,13:55:50,2012-07-26
437050,120500,-39.75,530,114,13:55:51,2012-07-26
437030,120505,-42.142857,530,114,13:55:54,2012-07-26
437035,120505,-42.0,530,114,13:55:53,2012-07-26
437015,120510,-49.0,530,114,13:55:58,2012-07-26
437020,120510,-47.5,530,114,13:55:57,2012-07-26
437025,120510,-44.599998,530,114,13:55:56,2012-07-26
437030,120510,-43.0,530,114,13:55:55,2012-07-26
436995,120515,-48.0,530,114,13:56:01,2012-07-26
437010,120515,-48.25,530,114,13:55:59,2012-07-26
436980,120520,-45.400002,530,114,13:56:03,2012-07-26
436990,120520,-47.5,530,114,13:56:01,2012-07-26
436965,120525,-43.0,530,114,13:56:03,2012-07-26
436950,120530,-43.0,530,114,13:56:04,2012-07-26
436945,120535,-42.599998,530,114,13:56:06,2012-07-26
436920,120540,-41.0,530,114,13:56:07,2012-07-26
436890,120550,-42.0,530,114,13:56:09,2012-07-26
436900,120550,-41.333332,530,114,13:56:08,2012-07-26
436860,120555,-45.0,530,114,13:56:11,2012-07-26
436880,120555,-42.5,530,114,13:56:10,2012-07-26
436845,120560,-48.333332,530,114,13:56:13,2012-07-26
436855,120560,-48.0,530,114,13:56:12,2012-07-26
436810,120565,-51.25,530,114,13:56:15,2012-07-26
436825,120565,-49.666668,530,114,13:56:14,2012-07-26
436775,120570,-52.25,530,114,13:56:18,2012-07-26
436785,120570,-53.0,530,114,13:56:17,2012-07-26
436795,120570,-52.25,530,114,13:56:17,2012-07-26
436800,120570,-52.0,530,114,13:56:16,2012-07-26
436735,120575,-53.5,530,114,13:56:21,2012-07-26
436745,120575,-53.0,530,114,13:56:20,2012-07-26
436755,120575,-51.0,530,114,13:56:20,2012-07-26
436695,120580,-55.0,530,114,13:56:25,2012-07-26
436710,120580,-55.75,530,114,13:56:24,2012-07-26
436715,120580,-57.0,530,114,13:56:23,2012-07-26
436720,120580,-57.0,530,114,13:56:23,2012-07-26
436725,120580,-56.142857,530,114,13:56:23,2012-07-26
436640,120585,-56.0,530,114,13:56:29,2012-07-26
436645,120585,-56.0,530,114,13:56:29,2012-07-26
436660,120585,-54.666668,530,114,13:56:28,2012-07-26
436670,120585,-54.5,530,114,13:56:27,2012-07-26
442865,118565,-77.0,530,114,12:12:33,2012-07-30
442870,118565,-76.14286,530,114,12:12:32,2012-07-30
442875,118565,-76.599998,530,114,12:12:32,2012-07-30
442880,118570,-77.0,530,114,12:12:31,2012-07-30
442885,118570,-75.5,530,114,12:12:30,2012-07-30
442890,118575,-75.0,530,114,12:12:30,2012-07-30
442895,118585,-72.75,530,114,12:12:29,2012-07-30
442905,118595,-70.0,530,114,12:12:27,2012-07-30
442910,118600,-68.400002,530,114,12:12:26,2012-07-30
442915,118600,-67.5,530,114,12:12:25,2012-07-30
442935,118600,-67.428574,530,114,12:12:22,2012-07-30
442945,118600,-69.0,530,114,12:12:21,2012-07-30
442950,118600,-72.555557,530,114,12:12:20,2012-07-30
442970,118600,-73.307693,530,114,12:12:18,2012-07-30
442975,118605,-73.0,530,114,12:12:17,2012-07-30
442980,118610,-73.0,530,114,12:12:16,2012-07-30
442990,118615,-71.199997,530,114,12:12:15,2012-07-30
442995,118620,-70.0,530,114,12:12:14,2012-07-30
443005,118620,-67.0,530,114,12:12:13,2012-07-30
443010,118625,-66.75,530,114,12:12:12,2012-07-30
443020,118625,-67.0,530,114,12:12:11,2012-07-30
443025,118630,-67.0,530,114,12:12:10,2012-07-30
443030,118630,-67.75,530,114,12:12:09,2012-07-30
443045,118635,-68.833336,530,114,12:12:08,2012-07-30
443045,118640,-69.0,530,114,12:12:06,2012-07-30
443045,118650,-67.666664,530,114,12:12:05,2012-07-30
443045,118660,-67.0,530,114,12:12:03,2012-07-30
443050,118665,-67.0,530,114,12:12:03,2012-07-30
443050,118675,-67.75,530,114,12:12:02,2012-07-30
443050,118680,-68.0,530,114,12:12:01,2012-07-30
443055,118685,-68.0,530,114,12:12:00,2012-07-30
443055,118690,-68.0,530,114,12:11:59,2012-07-30
443065,118695,-68.75,530,114,12:11:58,2012-07-30
443065,118700,-69.0,530,114,12:11:57,2012-07-30
443070,118700,-70.5,530,114,12:11:56,2012-07-30
443075,118700,-71.0,530,114,12:11:56,2012-07-30
443085,118700,-69.5,530,114,12:11:55,2012-07-30
443090,118700,-69.0,530,114,12:11:54,2012-07-30
443095,118700,-69.75,530,114,12:11:53,2012-07-30
443100,118700,-70.0,530,114,12:11:53,2012-07-30
443105,118700,-70.0,530,114,12:11:53,2012-07-30
443110,118700,-70.0,530,114,12:11:51,2012-07-30
443115,118700,-70.0,530,114,12:11:51,2012-07-30
443120,118705,-70.0,530,114,12:11:50,2012-07-30
443125,118705,-70.0,530,114,12:11:50,2012-07-30
443125,118710,-68.800003,530,114,12:11:49,2012-07-30
443130,118730,-68.0,530,114,12:11:47,2012-07-30
443135,118740,-68.800003,530,114,12:11:47,2012-07-30
443135,118745,-67.5,530,114,12:11:45,2012-07-30
443140,118755,-66.5,530,114,12:11:44,2012-07-30
443150,118760,-66.833336,530,114,12:11:42,2012-07-30
443160,118760,-67.25,530,114,12:11:39,2012-07-30
443175,118760,-68.666664,530,114,12:11:38,2012-07-30
443180,118765,-69.0,530,114,12:11:37,2012-07-30
443185,118770,-69.0,530,114,12:11:36,2012-07-30
443185,118775,-68.25,530,114,12:11:35,2012-07-30
443190,118785,-67.333336,530,114,12:11:34,2012-07-30
443195,118790,-67.0,530,114,12:11:33,2012-07-30
443195,118800,-65.400002,530,114,12:11:32,2012-07-30
443200,118805,-65.0,530,114,12:11:31,2012-07-30
443205,118810,-65.0,530,114,12:11:30,2012-07-30
443210,118815,-65.75,530,114,12:11:29,2012-07-30
443220,118815,-66.5,530,114,12:11:28,2012-07-30
443285,118815,-68.800003,530,114,12:11:21,2012-07-30
443230,118820,-66.5,530,114,12:11:27,2012-07-30
443235,118820,-66.0,530,114,12:11:26,2012-07-30
443245,118820,-66.0,530,114,12:11:25,2012-07-30
443255,118820,-66.0,530,114,12:11:24,2012-07-30
443275,118820,-67.333336,530,114,12:11:22,2012-07-30
443290,118820,-69.0,530,114,12:11:20,2012-07-30
443300,118820,-69.75,530,114,12:11:20,2012-07-30
443305,118820,-69.25,530,114,12:11:18,2012-07-30
443320,118830,-69.666664,530,114,12:11:17,2012-07-30
443325,118835,-70.0,530,114,12:11:16,2012-07-30
443325,118840,-70.75,530,114,12:11:15,2012-07-30
443330,118850,-71.599998,530,114,12:11:14,2012-07-30
443330,118860,-72.75,530,114,12:11:13,2012-07-30
443330,118865,-73.0,530,114,12:11:12,2012-07-30
443330,118870,-73.400002,530,114,12:11:13,2012-07-30
443320,118885,-73.0,530,114,12:11:09,2012-07-30
443325,118885,-73.25,530,114,12:11:10,2012-07-30
443320,118895,-73.0,530,114,12:11:08,2012-07-30
443315,118900,-73.0,530,114,12:11:08,2012-07-30
443315,118905,-73.0,530,114,12:11:07,2012-07-30
443310,118910,-73.0,530,114,12:11:06,2012-07-30
443310,118915,-72.25,530,114,12:11:06,2012-07-30
443310,118920,-72.0,530,114,12:11:05,2012-07-30
443310,118925,-72.75,530,114,12:11:04,2012-07-30
443310,118930,-73.0,530,114,12:11:03,2012-07-30
443315,118935,-70.75,530,114,12:11:03,2012-07-30
443315,118940,-70.0,530,114,12:11:02,2012-07-30
443320,118940,-67.0,530,114,12:11:01,2012-07-30
443325,118950,-62.25,530,114,12:11:00,2012-07-30
443330,118955,-61.0,530,114,12:10:59,2012-07-30
443335,118955,-60.25,530,114,12:10:58,2012-07-30
443350,118965,-60.0,530,114,12:10:57,2012-07-30
443360,118970,-65.25,530,114,12:10:56,2012-07-30
443370,118975,-67.75,530,114,12:10:54,2012-07-30
443380,118985,-68.0,530,114,12:10:54,2012-07-30
443395,118990,-73.53846,530,114,12:10:53,2012-07-30
443400,118995,-75.0,530,114,12:10:50,2012-07-30
443405,119000,-75.0,530,114,12:10:49,2012-07-30
443405,119010,-71.333336,530,114,12:10:47,2012-07-30
443405,119015,-69.199997,530,114,12:10:45,2012-07-30
443405,119020,-68.5,530,114,12:10:43,2012-07-30
443405,119025,-67.0,530,114,12:10:42,2012-07-30
443410,119025,-67.85714,530,114,12:10:42,2012-07-30
443445,119025,-67.0,530,114,12:10:32,2012-07-30
443450,119025,-68.5,530,114,12:10:32,2012-07-30
443455,119025,-70.333336,530,114,12:10:30,2012-07-30
443415,119030,-67.333336,530,114,12:10:38,2012-07-30
443420,119030,-67.0,530,114,12:10:37,2012-07-30
443425,119030,-67.75,530,114,12:10:36,2012-07-30
443430,119030,-68.0,530,114,12:10:35,2012-07-30
443435,119030,-67.25,530,114,12:10:34,2012-07-30
443465,119030,-71.0,530,114,12:10:29,2012-07-30
443470,119030,-71.0,530,114,12:10:28,2012-07-30
443480,119035,-74.444443,530,114,12:10:27,2012-07-30
443500,119040,-76.5,530,114,12:10:24,2012-07-30
443505,119045,-74.5,530,114,12:10:23,2012-07-30
443515,119045,-74.0,530,114,12:10:22,2012-07-30
443520,119045,-74.0,530,114,12:10:21,2012-07-30
443525,119050,-71.599998,530,114,12:10:19,2012-07-30
443530,119050,-69.5,530,114,12:10:19,2012-07-30
443535,119050,-69.0,530,114,12:10:18,2012-07-30
443540,119050,-69.800003,530,114,12:10:17,2012-07-30
443545,119050,-70.0,530,114,12:10:15,2012-07-30
443555,119050,-70.0,530,114,12:10:15,2012-07-30
443565,119050,-70.0,530,114,12:10:13,2012-07-30
443570,119050,-70.0,530,114,12:10:13,2012-07-30
443575,119050,-70.0,530,114,12:10:12,2012-07-30
438610,119910,-76.0,530,114,13:53:30,2012-07-26
438600,119920,-76.0,530,114,13:53:31,2012-07-26
438605,119920,-76.0,530,114,13:53:30,2012-07-26
438580,119925,-76.0,530,114,13:53:33,2012-07-26
438590,119925,-76.0,530,114,13:53:32,2012-07-26
438595,119925,-76.0,530,114,13:53:32,2012-07-26
438565,119930,-76.0,530,114,13:53:35,2012-07-26
438575,119930,-76.0,530,114,13:53:34,2012-07-26
438550,119935,-76.0,530,114,13:53:36,2012-07-26
438560,119935,-76.0,530,114,13:53:35,2012-07-26
438535,119940,-73.0,530,114,13:53:38,2012-07-26
438540,119940,-75.0,530,114,13:53:37,2012-07-26
438535,119945,-72.599998,530,114,13:53:39,2012-07-26
438530,119950,-72.0,530,114,13:53:39,2012-07-26
438530,119955,-71.599998,530,114,13:53:40,2012-07-26
438530,119960,-71.0,530,114,13:53:41,2012-07-26
438530,119965,-71.25,530,114,13:53:42,2012-07-26
438530,119970,-72.0,530,114,13:53:42,2012-07-26
438530,119975,-72.75,530,114,13:53:43,2012-07-26
438535,119990,-75.25,530,114,13:53:44,2012-07-26
438535,119995,-76.0,530,114,13:53:45,2012-07-26
438535,120000,-76.25,530,114,13:53:46,2012-07-26
438535,120005,-77.0,530,114,13:53:46,2012-07-26
438535,120010,-76.666664,530,114,13:53:47,2012-07-26
438535,120015,-75.199997,530,114,13:53:49,2012-07-26
438530,120020,-72.0,530,114,13:53:49,2012-07-26
438525,120025,-70.333336,530,114,13:53:50,2012-07-26
438510,120030,-59.285713,530,114,13:53:53,2012-07-26
438515,120030,-61.0,530,114,13:53:52,2012-07-26
438520,120030,-65.5,530,114,13:53:51,2012-07-26
438485,120035,-57.0,530,114,13:53:55,2012-07-26
438495,120035,-57.81818,530,114,13:53:54,2012-07-26
438475,120040,-58.200001,530,114,13:53:56,2012-07-26
438470,120045,-60.666668,530,114,13:53:57,2012-07-26
438465,120055,-63.333332,530,114,13:53:58,2012-07-26
438465,120065,-67.0,530,114,13:53:59,2012-07-26
438465,120085,-72.333336,530,114,13:54:01,2012-07-26
438460,120100,-75.5,530,114,13:54:03,2012-07-26
438460,120110,-77.0,530,114,13:54:03,2012-07-26
438455,120120,-77.75,530,114,13:54:04,2012-07-26
438455,120130,-80.199997,530,114,13:54:05,2012-07-26
438450,120140,-81.0,530,114,13:54:06,2012-07-26
438450,120150,-81.0,530,114,13:54:07,2012-07-26
438420,120160,-71.0,530,114,13:43:52,2012-07-30
438430,120160,-71.0,530,114,13:43:51,2012-07-30
438440,120160,-71.75,530,114,13:43:51,2012-07-30
438450,120160,-72.0,530,114,13:43:50,2012-07-30
438465,120160,-72.0,530,114,13:43:49,2012-07-30
438475,120160,-72.0,530,114,13:43:49,2012-07-30
438485,120160,-72.0,530,114,13:43:48,2012-07-30
438495,120160,-72.0,530,114,13:43:47,2012-07-30
438510,120160,-72.0,530,114,13:43:47,2012-07-30
438515,120160,-72.0,530,114,13:43:46,2012-07-30
438520,120160,-72.0,530,114,13:43:46,2012-07-30
438525,120160,-72.0,530,114,13:43:46,2012-07-30
438530,120160,-72.0,530,114,13:43:45,2012-07-30
438385,120165,-72.0,530,114,13:43:54,2012-07-30
438395,120165,-71.25,530,114,13:43:54,2012-07-30
438410,120165,-71.0,530,114,13:43:53,2012-07-30
438265,120170,-66.666664,530,114,13:44:05,2012-07-30
438270,120170,-68.0,530,114,13:44:04,2012-07-30
438275,120170,-68.666664,530,114,13:44:04,2012-07-30
438280,120170,-69.0,530,114,13:44:02,2012-07-30
438300,120170,-69.0,530,114,13:44:01,2012-07-30
438315,120170,-70.5,530,114,13:43:59,2012-07-30
438325,120170,-71.0,530,114,13:43:59,2012-07-30
438330,120170,-70.25,530,114,13:43:58,2012-07-30
438340,120170,-70.0,530,114,13:43:57,2012-07-30
438350,120170,-72.25,530,114,13:43:57,2012-07-30
438375,120170,-72.333336,530,114,13:43:55,2012-07-30
438265,120175,-66.599998,530,114,13:44:07,2012-07-30
438270,120175,-71.0,530,114,13:54:25,2012-07-26
438275,120175,-71.0,530,114,13:54:24,2012-07-26
438280,120175,-71.0,530,114,13:54:24,2012-07-26
438285,120175,-71.75,530,114,13:54:24,2012-07-26
438295,120175,-72.0,530,114,13:54:23,2012-07-26
438230,120180,-70.0,530,114,13:54:27,2012-07-26
438240,120180,-70.0,530,114,13:54:27,2012-07-26
438250,120180,-70.0,530,114,13:54:26,2012-07-26
438260,120180,-70.75,530,114,13:54:25,2012-07-26
438270,120180,-69.0,530,114,13:44:08,2012-07-30
438295,120180,-72.0,530,114,13:54:23,2012-07-26
438305,120180,-72.0,530,114,13:54:22,2012-07-26
438315,120180,-72.0,530,114,13:54:22,2012-07-26
438325,120180,-72.0,530,114,13:54:21,2012-07-26
438335,120180,-72.0,530,114,13:54:20,2012-07-26
438340,120180,-72.0,530,114,13:54:20,2012-07-26
438365,120180,-72.0,530,114,13:54:18,2012-07-26
438195,120185,-68.333336,530,114,13:54:30,2012-07-26
438215,120185,-69.75,530,114,13:54:28,2012-07-26
438270,120185,-69.400002,530,114,13:44:09,2012-07-30
438150,120190,-64.75,530,114,13:54:32,2012-07-26
438160,120190,-65.0,530,114,13:54:32,2012-07-26
438170,120190,-66.333336,530,114,13:54:31,2012-07-26
438275,120190,-71.25,530,114,13:44:11,2012-07-30
438115,120195,-65.0,530,114,13:54:35,2012-07-26
438125,120195,-64.333336,530,114,13:54:34,2012-07-26
438140,120195,-64.0,530,114,13:54:33,2012-07-26
438095,120200,-66.0,530,114,13:54:36,2012-07-26
438105,120200,-65.5,530,114,13:54:35,2012-07-26
438280,120200,-75.199997,530,114,13:44:11,2012-07-30
438085,120205,-66.0,530,114,13:54:37,2012-07-26
438090,120205,-66.0,530,114,13:54:36,2012-07-26
438285,120205,-76.400002,530,114,13:44:13,2012-07-30
438075,120210,-66.0,530,114,13:54:37,2012-07-26
438050,120215,-65.5,530,114,13:54:39,2012-07-26
438055,120215,-66.0,530,114,13:54:39,2012-07-26
438060,120215,-66.0,530,114,13:54:38,2012-07-26
438030,120225,-63.799999,530,114,13:54:41,2012-07-26
438300,120225,-77.75,530,114,13:44:15,2012-07-30
438300,120230,-77.0,530,114,13:44:15,2012-07-30
438000,120235,-63.400002,530,114,13:54:42,2012-07-26
438010,120235,-63.0,530,114,13:54:42,2012-07-26
438305,120235,-77.0,530,114,13:44:16,2012-07-30
437845,120240,-54.0,530,114,13:54:53,2012-07-26
437860,120240,-58.0,530,114,13:54:52,2012-07-26
437985,120240,-64.0,530,114,13:54:44,2012-07-26
438305,120240,-77.333336,530,114,13:44:16,2012-07-30
437815,120245,-49.0,530,114,13:54:55,2012-07-26
437830,120245,-51.75,530,114,13:54:54,2012-07-26
437875,120245,-62.0,530,114,13:54:51,2012-07-26
437895,120245,-63.599998,530,114,13:54:49,2012-07-26
437910,120245,-64.0,530,114,13:54:49,2012-07-26
437925,120245,-66.400002,530,114,13:54:48,2012-07-26
437950,120245,-66.25,530,114,13:54:47,2012-07-26
437965,120245,-64.5,530,114,13:54:45,2012-07-26
437790,120250,-47.0,530,114,13:54:56,2012-07-26
437775,120255,-47.0,530,114,13:54:58,2012-07-26
438315,120255,-77.666664,530,114,13:44:18,2012-07-30
438315,120260,-77.0,530,114,13:44:18,2012-07-30
438320,120265,-77.5,530,114,13:44:19,2012-07-30
437755,120270,-47.0,530,114,13:54:58,2012-07-26
438325,120270,-79.0,530,114,13:44:20,2012-07-30
437740,120275,-47.0,530,114,13:55:00,2012-07-26
438330,120275,-79.0,530,114,13:44:20,2012-07-30
437720,120290,-48.666668,530,114,13:55:02,2012-07-26
438345,120290,-79.5,530,114,13:44:22,2012-07-30
438350,120295,-81.0,530,114,13:44:23,2012-07-30
438355,120300,-81.5,530,114,13:44:23,2012-07-30
437700,120305,-52.666668,530,114,13:55:03,2012-07-26
438355,120310,-83.0,530,114,13:44:24,2012-07-30
438360,120315,-83.0,530,114,13:44:25,2012-07-30
438365,120320,-83.0,530,114,13:44:25,2012-07-30
437670,120325,-54.666668,530,114,13:55:05,2012-07-26
438365,120325,-83.333336,530,114,13:44:26,2012-07-30
438365,120330,-84.0,530,114,13:44:27,2012-07-30
437635,120335,-57.0,530,114,13:55:07,2012-07-26
437645,120335,-56.25,530,114,13:55:06,2012-07-26
438370,120335,-84.0,530,114,13:44:27,2012-07-30
437610,120340,-56.0,530,114,13:55:08,2012-07-26
437625,120340,-56.666668,530,114,13:55:08,2012-07-26
438370,120340,-84.0,530,114,13:44:28,2012-07-30
437585,120345,-57.0,530,114,13:55:10,2012-07-26
437595,120345,-56.25,530,114,13:55:09,2012-07-26
437550,120350,-57.0,530,114,13:55:12,2012-07-26
437565,120350,-57.0,530,114,13:55:11,2012-07-26
437575,120350,-57.0,530,114,13:55:10,2012-07-26
437515,120355,-58.0,530,114,13:55:14,2012-07-26
437525,120355,-57.333332,530,114,13:55:13,2012-07-26
437535,120355,-57.0,530,114,13:55:13,2012-07-26
437480,120360,-56.666668,530,114,13:55:16,2012-07-26
437490,120360,-58.0,530,114,13:55:15,2012-07-26
437500,120360,-58.0,530,114,13:55:15,2012-07-26
437450,120365,-53.25,530,114,13:55:18,2012-07-26
437465,120365,-54.0,530,114,13:55:17,2012-07-26
437420,120370,-51.0,530,114,13:55:20,2012-07-26
437430,120370,-51.0,530,114,13:55:19,2012-07-26
437440,120370,-51.0,530,114,13:55:18,2012-07-26
437390,120375,-47.5,530,114,13:55:22,2012-07-26
437400,120375,-48.0,530,114,13:55:21,2012-07-26
437410,120375,-50.25,530,114,13:55:20,2012-07-26
437365,120380,-46.0,530,114,13:55:23,2012-07-26
437370,120380,-46.0,530,114,13:55:23,2012-07-26
437340,120385,-46.0,530,114,13:55:25,2012-07-26
437345,120385,-46.0,530,114,13:55:25,2012-07-26
437350,120385,-46.0,530,114,13:55:24,2012-07-26
437355,120385,-46.0,530,114,13:55:24,2012-07-26
437360,120385,-46.0,530,114,13:55:24,2012-07-26
437325,120390,-44.0,530,114,13:55:27,2012-07-26
437330,120390,-45.142857,530,114,13:55:26,2012-07-26
437335,120390,-46.0,530,114,13:55:26,2012-07-26
437340,120390,-46.0,530,114,13:55:25,2012-07-26
437305,120395,-43.0,530,114,13:55:28,2012-07-26
437315,120395,-43.666668,530,114,13:55:27,2012-07-26
437295,120400,-42.75,530,114,13:55:29,2012-07-26
437275,120405,-42.0,530,114,13:55:30,2012-07-26
437255,120410,-42.0,530,114,13:55:32,2012-07-26
437240,120415,-42.0,530,114,13:55:33,2012-07-26
437250,120415,-42.0,530,114,13:55:32,2012-07-26
437225,120420,-41.333332,530,114,13:55:35,2012-07-26
437210,120430,-39.666668,530,114,13:55:36,2012-07-26
437190,120435,-38.666668,530,114,13:55:37,2012-07-26
437175,120440,-37.75,530,114,13:55:39,2012-07-26
437170,120445,-37.0,530,114,13:55:39,2012-07-26
437150,120450,-38.0,530,114,13:55:41,2012-07-26
437155,120450,-37.666668,530,114,13:55:42,2012-07-26
437160,120450,-37.333332,530,114,13:55:40,2012-07-26
437130,120460,-37.400002,530,114,13:55:43,2012-07-26
437135,120460,-37.0,530,114,13:55:42,2012-07-26
437120,120465,-38.0,530,114,13:55:44,2012-07-26
437110,120470,-38.0,530,114,13:55:45,2012-07-26
437100,120475,-38.0,530,114,13:55:46,2012-07-26
437090,120480,-38.400002,530,114,13:55:47,2012-07-26
437065,120490,-39.0,530,114,13:55:49,2012-07-26
437075,120490,-39.0,530,114,13:55:49,2012-07-26
437055,120495,-39.0,530,114,13:55:50,2012-07-26
437050,120500,-39.75,530,114,13:55:51,2012-07-26
437030,120505,-42.142857,530,114,13:55:54,2012-07-26
437035,120505,-42.0,530,114,13:55:53,2012-07-26
437015,120510,-49.0,530,114,13:55:58,2012-07-26
437020,120510,-47.5,530,114,13:55:57,2012-07-26
437025,120510,-44.599998,530,114,13:55:56,2012-07-26
437030,120510,-43.0,530,114,13:55:55,2012-07-26
436995,120515,-48.0,530,114,13:56:01,2012-07-26
437010,120515,-48.25,530,114,13:55:59,2012-07-26
436980,120520,-45.400002,530,114,13:56:03,2012-07-26
436990,120520,-47.5,530,114,13:56:01,2012-07-26
436965,120525,-43.0,530,114,13:56:03,2012-07-26
436950,120530,-43.0,530,114,13:56:04,2012-07-26
436945,120535,-42.599998,530,114,13:56:06,2012-07-26
436920,120540,-41.0,530,114,13:56:07,2012-07-26
436890,120550,-42.0,530,114,13:56:09,2012-07-26
436900,120550,-41.333332,530,114,13:56:08,2012-07-26
436860,120555,-45.0,530,114,13:56:11,2012-07-26
436880,120555,-42.5,530,114,13:56:10,2012-07-26
436845,120560,-48.333332,530,114,13:56:13,2012-07-26
436855,120560,-48.0,530,114,13:56:12,2012-07-26
436810,120565,-51.25,530,114,13:56:15,2012-07-26
436825,120565,-49.666668,530,114,13:56:14,2012-07-26
436775,120570,-52.25,530,114,13:56:18,2012-07-26
436785,120570,-53.0,530,114,13:56:17,2012-07-26
436795,120570,-52.25,530,114,13:56:17,2012-07-26
436800,120570,-52.0,530,114,13:56:16,2012-07-26
436735,120575,-53.5,530,114,13:56:21,2012-07-26
436745,120575,-53.0,530,114,13:56:20,2012-07-26
436755,120575,-51.0,530,114,13:56:20,2012-07-26
436695,120580,-55.0,530,114,13:56:25,2012-07-26
436710,120580,-55.75,530,114,13:56:24,2012-07-26
436715,120580,-57.0,530,114,13:56:23,2012-07-26
436720,120580,-57.0,530,114,13:56:23,2012-07-26
436725,120580,-56.142857,530,114,13:56:23,2012-07-26
436640,120585,-56.0,530,114,13:56:29,2012-07-26
436645,120585,-56.0,530,114,13:56:29,2012-07-26
436660,120585,-54.666668,530,114,13:56:28,2012-07-26
436670,120585,-54.5,530,114,13:56:27,2012-07-26
